111111111111111111111111111111111111111111111111111111111111111111111111111111111111111111111111111111111111111111111111
111111111111111111111111111111111111111111111111111111111111111111111111111111111111111111111111111111111111111111111111
111111111111111111111111111111111111111111111111111111111111111111111111111111111111111111111111111111111111111111111111
111111111111111111111111111111111111111111111111111111111111111111111111111111111111111111111111111111111111111111111111
111111111111111111111111111111111111111111111111111111111111111111111111111111111111111111111111111111111111111111111111
111111111111111111111111111111111111111111111111111111111111111111111111111111111111111110111111111111111111111111111111
111111111111111111111111111111111111111111111111111111111111111111111111111111111111111100011111111111111111111111111111
111111111111111111111111111111111111111111111111111111111111111111111111111111111111111100000111111111111111111111111111
111111111111111111111111111111111111111111111111111111111111111111111111111111111111111100000111111111111111111111111111
111111111111111111111111111111111111111111111111111111111111111111111111111111111111111100000011111111111111111111111111
111111111111111111111111111111111111111111111111111111111111111111111111111111111111111100000011111111111111111111111111
111111111111111111111111111111111111111111111111111111111111111111111111111111111111111100000011111111111111111111111111
111111111111111111111111111111111111111111111111111111111111111111111111111111111111111100000011111111111111111111111111
111111111111111111111111111111111111111111111111111111111111111111111111111111111111111100000011111111111111111111111111
111111111111111111111111111111111111111111111111111111111111111111111111111111111111111100000011111111111111111111111111
111111111111111111111111111111111111111111111111111111111111111111111111111111111111111100000001111111111111111111111111
111111111111111111111111111111111111111111111111111111111111111111111111111111111111111100000001111111111111111111111111
111111111111111111111111111111111111111111111111111111111111111111111111111111111111111100000001111111111111111111111111
111111111111111111111111111111111111111111111111111111111111111111111111111111111111111100000001111111111111111111111111
111111111111111111111111111111111111111111111111111111111111111111111111111111111111111100000001111111111111111111111111
111111111111111111111111111111111111111111111111111111111111111111111111111111111111111100000001111111111111111111111111
111111111111111111111111111111111111111111111111111111111111111111111111111111111111111100000001111111111111111111111111
111111111111111111111111111111111111111111111111111111111111111111111111111111111111111100000001111111111111111111111111
111111111111111111111111111111111111111111111111111111111111111111111111111111111111111100000000111111111111111111111111
111111111111111111111111111111111111111111111111111111111111111111111111111111111111111100000000111111111111111111111111
111111111111111111111111111111111111111111111111111111111111111111111111111111111111111100000000111111111111111111111111
111111111111111111111111111111111111111111111111111111111111111111111111111111111111111100000000111111111111111111111111
111111111111111111111111111111111111111111111111111111111111111111111111111111111111111100000000111111111111111111111111
111111111111111111111111111111111111111111111111111111111111111111111111111111111111111110000000111111111111111111111111
111111111111111111111111111111111111111111111111111111111111111111111111111111111111111110000000111111111111111111111111
111111111111111111111111111111111111111111111111111111111111111111111111111111111111111100000000111111111111111111111111
111111111111111111111111111111111111111111111111111111111111111111111111111111111111111100000000011111111111111111111111
111111111111111111111111111111111111111111111111111111111111111111111111111111111111111100000000011111111111111111111111
111111111111111111111111111111111111111111111111111111111111111111111111111111111111111100000000011111111111111111111111
111111111111111111111111111111111111111111111111111111111111111111111111111111111111111100000000011111111111111111111111
111111111111111111111111111111111111111111111111111111111111111111111111111111111111111100000000011111111111111111111111
111111111111111111111111111111111111111111111111111111111111111111111111111111111111111100000000011111111111111111111111
111111111111111111111111111111111111111111111111111111111111111111111111111111111111111100000000001111111111111111111111
111111111111111111111111111111111111111111111111111111111111111111111111111111111111111100000000001111111111111111111111
111111111111111111111111111111111111111111111111111111111111111111111111111111111111111100000000001111111111111111111111
