111111111111111111111111111111111111111111111111111111111111111111111111111111111111111111111111111111111111111111111111
111111111111111111111111111111111111111111111111111111111111111111111111111111111111111111111111111111111111111111111111
111111111111111111111111111111111111111111111111111111111111111111111111111111111111111111111111111111111111111111111111
111111111111111111111111111111111111111111111111111111111111111111111000000001111111111111111111111111111111111111111111
111111111111111111111111111111111111111111111111111111111111111111110000000000001111111111111111111111111111111111111111
111111111111111111111111111111111111111111111111111111111111111111110000000000000000000000011111111111111111111111111111
111111111111111111111111111111111111111111111111111111111111111111111000000000000000000000000111111111111111111111111111
111111111111111111111111111111111111111111111111111111111111111111000000000000000000000000000011111111111111111111111111
111111111111111111111111111111111111111111111111111111111111111000000000000000000000000000000001111111111111111111111111
111111111111111111111111111111111111111111111111111111111111100000000000000000000000000000000001111111111111111111111111
111111111111111111111111111111111111111111111111111111111111000000000000000000000000000000000000111111111111111111111111
111111111111111111111111111111111111111111111111111111111110000000000000000000000000000000000000011111111111111111111111
111111111111111111111111111111111111111111111111111111111110000000000000000000000000000000000000001111111111111111111111
111111111111111111111111111111111111111111111111111111111100000000000000000000000000000000000000001111111111111111111111
111111111111111111111111111111111111111111111111111111111110000000000000000000000000000000000000000111111111111111111111
111111111111111111111111111111111111111111111111111111111110000000000000000000000000000000000000000111111111111111111111
111111111111111111111111111111111111111111111111111111111111111000000000000000000000000000000000000111111111111111111111
111111111111111111111111111111111111111111111111111111111111111110000000000000000000000000000000000111111111111111111111
111111111111111111111111111111111111111111111111111111111111111100000000000000000000000000000000000111111111111111111111
111111111111111111111111111111111111111111111111111111111111111111000000000000000000000000000000000111111111111111111111
111111111111111111111111111111111111111111111111111111111111111111110000000000000000000000000000000111111111111111111111
111111111111111111111111111111111111111111111111111111111111111111111000000100000000000000000000000011111111111111111111
111111111111111111111111111111111111111111111111111111111111111111111000001100000000000000000000000011111111111111111111
111111111111111111111111111111111111111111111111111111111111111111111000000000000000000000000000000011111111111111111111
111111111111111111111111111111111111111111111111111111111111111111111100000000000000000000000000000011111111111111111111
111111111111111111111111111111111111100000000011111111111111111111111100000000000000000000000010101111111111111111111111
111111111111111111111111111111111000000000000001111111111111111111111100000000000000000000000011111111111111111111111111
111111111111111111111111111111111000000000000001111111111111111111011000000000000000000000000011111111111111111111111111
111111111111111111111111111111111000000000000001111111111111111100000000000000000000000000001101111111111111111111111111
111111111111111111111111111111111000000000000000001111111111111110000000000000000000000000000111111111111111111111111111
111111111111111111111111111111111100000000000000000000001111111000000000000000000000000000000111111111111111111111111111
111111111111111111111111111111111111000000000000000000000000000000000000000000000000000000000111111111111111111111111111
111111111111111111111111111111111111111111000000000000000000000000000000000000000000000000000011111111111111111111111111
111111111111111111111111111111111111111111100000000000000000000000000000000000000000000000000011111111111111111111111111
111111111111111111111111111111111111111111100000000000000000000000000000000000000000000000000001110000111111111111111111
111111111111111111111111111111111111111111100000000000000000000000000000000000000000000000000000000111111111111111111111
111111111111111111111111111111111111111111100000000000000000000000000000000000000000000000000000011111111111111111111111
111111111111111111111111111111111111111111000000000000000000000000000000000000000000000000000000011111111111111111111111
111111111111111111111111111111111111111111000000000000000000000000000000000000000000000000000000001111111111111111111111
111111111111111111111111111111111111111110000000000000000000000000000000000000000000000000000000000111111111111111111111
