111111111111111111111111111111111111111111111111111111111111111111111111111111111111111111111111111111111111111111111111
111111111111111111111111111111111111111111111111111111111111111111111111111111111000000111111111111111111111111111111111
111111111111111111111111111111111111111111111111111111111111111111111111111111110000000011111111111111111111111111111111
111111111111111111111111111111111111111111111111111111111111111111111111111111100000000000111111111111111111111111111111
111111111111111111111111111111111111111111111111111111111111111111111111111111100000000000011111111111111111111111111111
111111111111111111111111111111111111111111111111111111111111111111111111111100000000000000000000111111111111111111111111
111111111111111111111111111111111111111111111111111111111111111111111110000000000000000000000000000111111111111111111111
111111111111111111111111111111111111111111111111111111111111111111110000000000000000000000000000000011111111111111111111
111111111111111111111111111111111111111111111111111111111111111110000000000000000000000000000000000001111111111111111111
111111111111111111111111111111111111111111111111111111111111111100000000000000000000000000000000000001111111111111111111
111111111111111111111111111111111111111111111111111111111111111100000000000000000000000000000000000000111111111111111111
111111111111111111111111111111111111111111111111111111111111111000000000000000000000000000000000000000011111111111111111
111111111111111111111111111111111111111111111111111111111111111000000000000000000000000000000000000000001111111111111111
111111111111111111111111111111111111111111111111111111111111111000000000000000000000000000000000000000000111111111111111
111111111111111111111111111111111111111111111111111111111111111110000000000000000000000000000000000000000111111111111111
111111111111111111111111111111111111111111111111111111111111111111110000000000000000000000000000000000000011111111111111
111111111111111111111111111111111111111111111111111111111111111111100000000000000000000000000000000000000011111111111111
111111111111111111111111111111111111111111111111111111111111111111100000000000000000000000000000000000000001111111111111
111111111111111111111111111111111111111111111111111111111111111111110000000000000000000000000000000000000001111111111111
111111111111111111111111111111111111111111111111111111111111111111111000000000000000000000000000000000000001111111111111
111111111111111111111111111111111111111111111111111111111111111111111100000000000000000000000000000000000000111111111111
111111111111111111111111111111111111111111111111111111111111111111111111100000000000000000000000000000000000111111111111
111111111111111111111111111111111111111111111111111111111111111111111111100000000000000000000000000000000000111111111111
111111111111111111111111111111111111111111111111111111111111111111111111110000000000000000000000000000000000011111111111
111111111111111111111111111111111111111111111111111111111111111111111111100000000000000000000000000000010000011111111111
111111111111111111111111111111111111111111111111111111111111111111111111000000000000000000000000000000011010011111111111
111111111111111111111111111111111111111111111111111111111111111111111110000000000000000000000000000000011101111111111111
111111111111111111111111111111111111111111111111111111111111111111111100000000000000000000000000000000011111111111111111
111111111111111111111111111111111111110000000111111111111111111111100000000000000000000000000000000110011111111111111111
111111111111111111111111111111111100000000000011111111111111111111000000000000000000000000000000101111011111111111111111
111111111111111111111111111111111000000000000001111111111111111111100000000000000000000000000000111111111111111111111111
111111111111111111111111111111110000000000000001111111111111111111000000000000000000000000000000011111111111111111111111
111111111111111111111111111111111000000000000000111111111111111110000000000000000000000000000000011111111111111111111111
111111111111111111111111111111111000000000000000000000000000000000000000000000000000000000000000011111000111111111111111
111111111111111111111111111111111100000000000000000000000000000000000000000000000000000000000000000000001111111111111111
111111111111111111111111111111111111000000000000000000000000000000000000000000000000000000000000000001111111111111111111
111111111111111111111111111111111111111111111000000000000000000000000000000000000000000000000000000001111111111111111111
111111111111111111111111111111111111111111111000000000000000000000000000000000000000000000000000000000111111111111111111
111111111111111111111111111111111111111111111000000000000000000000000000000000000000000000000000000000011111111111111111
111111111111111111111111111111111111111111111100000000000000000000000000000000000000000000000000000000000111111111111111
