000000000000000000000000011111111111111100000000000000000000001111111111111111111111111111111111111111111111111111111111
000000000000000000000000111111111111111111000000000000000000001111111111111111111111111111111111111111111111111111111111
000000000000000000000000111111111111111111100000000000000000001111111111111111111111111111111111111111111111111111111111
000000000000000000000000111111111111111111100000000000000000001111111111111111111111111111111111111111111111111111111111
000000000000000000000000111111111111111111000000000000000000111111111111111111111111111111111111111111111111111111111111
001111111111100000000000111111111111111111000000000000000001111111111111111111111111111111111111111111111111111111111111
000000111111111111111000111111111111111111000000000000000111111111111111111111111111111111111111111111111111111111111111
000001111111111111111101111111111111111111000000000000001111111111111111111111111111111111111111111111111111111111111111
000001111111111111111111111111111111111111100000000000011111111111111111111111111111111111111111111111111111111111111111
000000000111111111111111111111111111111111100000011111111111111111111111111111111111111111111111111111111111111111111111
000000000111111111111111111111111111111000000011111111111111111111111111111111111111111111111111111111111111111111111111
000000000111111111111111111111111111100000000011111111111111111111111111111111111111111111111111111111111111111111111111
000000000011111111111111111111111111100000000001111111111111111111111111111111111111111111111111111111111111111111111111
000000000111111111111111111111111111100000000001111111111111111111111111111111111111111111111111111111111111111111111111
000000000111111111111111111111111111100000000001111111111111111111111111111111111111111111111111111111111111111111111111
000000001111111111111111111111111111100000000001111111111111111111111111111111111111111111111111111111111111111111111111
000000111111111111111111111111111110000000000000111111111111111111111111111111111111111111111111111111111111111111111111
000001111111111111111111111111111000000000000000111111111111111111111111111111111111111111111111111111111111111111111111
000011111111111111111111111111110000000000000000111111111111111111111111111111111111111111111111111111111111111111111111
000111111111111111111111111111111100000110000001111111111111111111111111111111111111111111111111111111111111111111111111
000111111111111110111111111111111110000110000011111111111111111111111111111111111111111111111111111111111111111111111111
000111111111111100001111111111111111100100000111111111111111111111111111111111111111111111111111111111111111111111111111
000111111111111100011111111111111111100000000111111111111111111111111111111111111111111111111111111111111111111111111111
001111111111111000011111111111111110000000000111111111111111111111111111111111111111111111111111111111111111111111111111
000111110001111000111111111111111110000000000111111111111111111111111111111111111111111111111111111111111111111111111111
000000000011101001111111111111111111000001111111111111111111111111111111111111111111111111111111111111111111111111111111
000000000011000011111111111111111111100000011111111111111111111111111111111111111111111111111111111111111111111111111111
000000000001000111111111111111111111100000001111111111111111111111111111111111111111111111111111111111111111111111111111
000000000000001111111111111111111111110000000110011111111111111111111111111111111111111111111111111111111111111111111111
000000000000111111111111111111111111110000000000000011111111111111111111111111111111111111111111111111111111111111111111
000000000001111111111111111111111111111000000000000000111111111111111111111111111111111111111111111111111111111111111111
000000000011111111111111111111111111111100000000000000001111111111111111111111111111111111111111111111111111111111111111
000000001111111111111111111111111111111100000000000000000111111111111111111111111111111111111111111111111111111111111111
000000011111111111111111111111111111111110000000000000000011111111111111111111111111111111111111111111111111111111111111
000000111111111111111111111111111111111110000000000000000001111111111111111111111111111111111111111111111111111111111111
000000111111111111111111111111111111111110000000000000000001111111111111111111111111111111111111111111111111111111111111
000000101111111111111111111111111111111110000000000000000001111111111111111111111111111111111111111111111111111111111111
000000000000011111111111111111111111110000000000000001100001000011111111111111111111111111111111111111111111111111111111
000000000000000000011111111111000000000000000111110011100000000000001111111111111111111111111111111111111111111111111111
000000000000000000011110001110000000000000000011111110000000000000000111111111111111111111111111111111111111111111111111
