000000000000000000000000000000000000000000000000000000000000000000000000000000000000000000000000000000000000000000000000
000000000000000000000000000000000000000000000000000000000000000000000000000000000000000000000000000000000000000000000000
000000000000000000000000000000000000000000000000000000000000000000000000000000000000000000000000000000000000000000000000
000000000000000000000000000000000000000000000000000000000000000000000000000000000000000000000000000000000000000000000000
000000000000000000000000000000000000000000000000000000000000000000000000000000000000000000000000000000000000000000000000
000000000000000000000000000000000000000000000000000000000000000000000000000000000000000000000000000000000000000000000000
000000000000000000000000000000000000000000000000000000000000000000000000000000000000000000000000000000000000000000000000
000000000000000000000000000000000000000000000000000000000000000000000000000000000000000000000000000000000000000000000000
000000000000000000000000000000000000000000000000000000000000000000000000000000000000000000000000000000000000000000000000
000000000000000000000000000000000000000000000000000000000000000000000000111110000000000000000000000000000000000000000000
000000000000000000000000000000000000000000000000000000000000000000000001111110000000000000000000000000000000000000000000
000000000000000000000000000000000000000000000000000000000000000000001111111111111000000000000000000000000000000000000000
000000000000000000000000000000000000000000000000000000000000000000011011111111111100000000000000000000000000000000000000
000000000000000000000000000000000000000000000000000000000000000000000001111111111000000000000000000000000000000000000000
000000000000000000000000000000000000000000000000000000000000000000000001111111100000000000000000000000000000000000000000
000000000000000000000000000000000000000000000000000000000000000000000001111111101110000000000000000000000000000000000000
000000000000000000000000000000000000000000000000000000000000000000000001111111111100000000000000000000000000000000000000
000000000000000000000000000000000000000000000000000000000000000000000000011111111111111110000000000000000000000000000000
000000000000000000000000000000000000000000000000000000000000000000000000111111111111111111100000000000000000000000000000
000000000000000000000000000000000000000000000000000000000000000000000011111111111111111111110000000000000000000000000000
000000000000000000000000000000000000000000000000000000000000000000011111111111111111111111110000000000000000000000000000
000000000000000000000000000000000000000000000000000000000000000000001111111101111111111111110000000000000000000000000000
000000000000001100000000000000000000000000000000000000000000000000000000111000011111111111000000000000000000000000000000
000000000000111110000000000000000000000000000000000000000000000000000000010000011100010000000000000000000000000000000000
000000000000111111000000000000000000000000000000000000000000000000000000000000000000000000000000000000000000000000000000
000000000000111111000000000000000000000000000000000000000000000000000000000000000000000000000000000000000000000000000000
000000001111111111111000000000000000000000000000000000000000000000000000000000000000000000000000000000000000000000000000
000000011111111111111100000011100000000000000000000000111100000000000000000000000000000000000000000000000000000000000000
000000011111111111111100000111110000000000000000000001111110000000000000000000000000000000000000000000000000000000000000
000000011111111111111100001111110000000000000000000001111110000000000000000000000000000000000000000000000000000000000000
000000011111111111111100001111110000000000000000000001111110000000000000000000000000000000000000000000000000000000000000
111111111111111111111111111111111111111111111111110001111110000000000000000000000000000000000000000000000000000000000000
111111111111111111111111111111111111111111111111111101111110000000000000000000000000000000000000000000000000000000000000
111111111111111111111111111111111111111111111111111111111110000000000000000000000000000000000000000000000000000000000000
111111111111111111111111111111111111111111111111111111111110000000000000000000000000000000000000000000000000000000000000
111111111111111111111111111111111111111111111111111111111100000000000000000000000000000000000000000000000000000000000000
111111111111111111111111111111111111111111111111111111111100000000000000000000000000000000000000000000000000000000000000
111111111111111111111111111111111111111111111111111111111100000000000000000000000000000000000000000000000000000000000000
111111111111111111111111111111111111111111111111111111111100000000000000000000000000000000000000000000000000000000000000
111111111111111111111111111111111111111111111111111111111100000000000000000000000000000000000000000000000000000000000000
