000000000000000000000000000000000000000000000000000000000000000000001111111111111111111100000000000000000000000000000000
000000000000000000000000000000000000000000000000000000000000000000001111111111111101111111000000000000000000000000000000
000000000000000000000000000000000000000000000000000000000000000000000111111111111000001111100000000000000000000000000000
000000000000000000000000000000000000000000000000000000000000000000000001111111000000000011111111111100000000000000000000
000000000000000000000000000000000000000000000000000000000000000000000000000000000000000000111110000000000000000000000000
000000000000000000000000000000000000000000000000000000000000001000000000000000000000000001110000000000000000000000000000
000000000000000000000000000000000000000000000000000000000000111100000000000000000000000011000000000000000000000000000000
000000000000000000000000000000000000000000000000000111110001111100000000000000000000001100000000000000000000000000000000
000000000000000000000000000000000000000000000000011111111111111000000000000000000000110000000000000000000000000000000000
000000000000000000000000000000000000000000000001111111111111111000000000000000000011100000000000000000000000000000000000
000000000000000000000000000000000000000000000001111111111111000000000001111111101111100000000000000000000000000000000000
000000000000000000000000000000000000000000000001111111111111001011111111110000111100000000000000000000000000000000000000
000000000000000000000000000000000000000000000000010111111111111111110000000001111100000000000000000000000000000000000000
000000000000000000000000000000000000000000000000011111111111111111000000000011110000000000000000000000000000000000000000
000000000000000000000000000000000000000000000011111111111111000000000000001111100000000000000000000000000000000000000000
000000000000000111110000000000000000000000000111111111111110000000000000011111000000000000000000000000000000000000000000
000000000000001111110000000000000000000000001111111111111111000000000001111110000000000000000000000000000000000000000000
000000000000001111110000000000000000000000011111001111111111000000000011111000000000000000000000000000000000000000000000
000000000000001111110000000000000011000000011100001111111111000000001111110000000000000000000000000000000000000000000000
000000000000011111110000000000000000011100001110011111111111000000011111100000000000000000000000000000000000000000000000
000000000000111111111100000000000000000001111110001111111110000001111110000000000000000000000000000000000000000000000000
000000000000011111110000000000000000000000011111111111111110000011111100000000000000000000000000000000000000000000000000
000000000000011111110000000000000000000000001111111111111111001111111000000000000000000000000000000000000000000000000000
000000000000011111111000000000000000000000011111111111111111111111100000000000000000000000000000000000000000000000000000
000000000000011111111000000000000000001111110011111111111111111111100000000000000000000000000000000000000000000000000000
000000000000011111111100000000000011111100000111111111111111111111111110000000000000000000000000000000000000000000000000
000000000000111111110110010001111110000000001111111111111111111110011111111100000000000000000000000000000000000000000000
000000000000001100110000111111000000000000001111111111111111111111100000000000000000000000000000000000000000000000000000
000011111111111100011111100000000000000000011111111111111111111111110000000000000000000000000000000000000000000000000000
000000000000000000000000000000000000000000111111111111111111111111111100000000000000000000000000000000000000000000000000
000000000000000000000000000000000000000000111111111111111111111111111000000000000000000000000000000000000000000000000000
000000000000000000000000000000000000000000011111111111111111111111000000000000000000000000000000000000000000000000000000
000000000000000000000000000000000000000000000011111111111111111000000000000000000000000000000000000000000000000000000000
000000000000000000000000000000000000000000000111100000000001111000000000000000000000000000000000000000000000000000000000
000000000000000000000000000000000000000000000111100000000000111100000000000000000000000000000000000000000000000000000000
000000000000000000000000000000000000000000000111100000000000011110000000000000000000000000000000000000000000000000000000
000000000000000000000000000000000000000000000111100000000000011110000000000000000000000000000000000000000000000000000000
000000000000000000000000000000000000000000000111000000000000001110000000000000000000000000000000000000000000000000000000
000000000000000000000000000000000000000000000111000000000000001110000000000000000000000000000000000000000000000000000000
000000000000000000000000000000000000000000000111000000000000001111000000000000000000000000000000000000000000000000000000
