000000000000000000000000000000000000000000000000000000000000000000000000000000000000000000000000000000000000000000000000
000000000000000000000000000000000000000000000000000000000000000000000000000000000000000000000000000000000000000000000000
000000000000000000000000000000000000000000000000000000000000000000000000000000000000000000000000000000000000000000000000
000000000000000000000000000000000000000000000000000000000000000000000000000000000000000000000000000000000000000000000000
000000000000000000000111111111111111111111000000000000000000000000000000000000000000000000000000000000000000000000000000
000000000000000000111111111111111111111111111100000000000000000000000000000000000000000000000000000000000000000000000000
000000000000000001111111111111111111111111111111100000000000000000000000000000000000000000000000000000000000000000000000
000000000000000111111111111111111111111111111111111000000000000000000000000000000000000000000000000000000000000000000000
000000000000001111111111111111111111111111111111111100000000000000000000000000000000000000000000000000000000000000000000
000000000000001111111111111111111111111111111111111100000000000000000000000000000000000000000000000000000000000000000000
000000000000001111111111111111111111111111111111111110000000000000000000000000000000000000000000000000000000000000000000
000000000000001111111111111111111111111111111111111110000000000000000000000000000000000000000000000000000000000000000000
000000011011111111111111111111111111111111111111111110000000000000000000000000000000000000000000000000000000000000000000
000000011111111111111111111111111111111111111111111110000000000000000000000000000000000000000000000000000000000000000000
000000011111111111111111111111111111111111111111111111000000000000000000000000000000000000000000000000000000000000000000
000000000111111111111111111111111111111111111111111111100000000000000000000000000000000000000000000000000000000000000000
000000000000001111111111111111111111111111111111111111100000000000000000000000000000000000000000000000000000000000000000
000000000000001111111111111111111111111111111111111110000000000000000000000000000000000000000000000000000000000000000000
000000000000011111111111111111111111111111111111111110000000000000000000000000000000000000000000000000000000000000000000
000000000000011111111111111111111111111111111111111111000000000000000000000000000000000000000000000000000000000000000000
000000000001111111111111111111111111111111111111111111100000000000000000000000000000000000000000000000000000000000000000
000000000001111111111111111111111111111111111111111111110000000000000000000000000000000000000000000000000000000000000000
000000000001111111111111111111111111111111111111111111111000000000000000000000000000000000000000000000000000000000000000
000000000001111111111111111111111111111111111111111111111100000000000000000000000000000000000000000000000000000000000000
000000000011111111111111111111111111111111111111111111110010000000000000000000000000000000000000000000000000000000000000
000000001000001111111111111111111111111111111111110110000000000000000000000000000000000000000000000000000000000000000000
000000000001111111111111111111111111111111111111111000000000000000000000000000000000000000000000000000000000000000000000
000000000011111111111111111111111111111111111111111000000000000000000000000000000000000000000000000000000000000000000000
000000000001111111111111111111111111111111111111111100000000000000000000000000000000000000000000000000000000000000000000
000000000011111111111111111111111111111111111111111110000000000000000000000000000000000000000000000000000000000000000000
000000000111111111111111111111111111111111111111111110000000000000000000000000000000000000000000000000000000000000000000
000000011111111111111111111111111111111111111111111111110000000000000000000000000000000000000000000000000000000000000000
000000011111111111111111111111111111111111111111111111100000000000000000000000000000000000000000000000000000000000000000
000000011111111111111111111111111111111111111111111111100000000000000000000000000000000000000000000000000000000000000000
000000011111111111111111111111111111111111111111111111111000000000000000000000000000000000000000000000000000000000000000
000001111111111111111111111111111111111111111111111111111000000000000000000000000000000000000000000000000000000000000000
000001111111111111111111111111111111111111111111111111110000000000000000000000000000000000000000000000000000000000000000
000001111111111111111111111111111111111111111111111111110000000000000000000000000000000000000000000000000000000000000000
000001111111111111111111111111111111111111111111111111111000000000000000000000000000000000000000000000000000000000000000
000011111111111111111111111111111111111111111111111111111100000000000000000000000000000000000000000000000000000000000000
