111111111111111111111111000000000000000000000000000000000000000000000000000000000000000000000011111111111111111111111111
111111111111111111111111100000000000000000000000000000000000000000000000000000000011111000001111111111111111111111111111
111111111111111111111111110000000000000000000000000000000000000000000000000000001111111100011111111111111111111111111111
111111111111111111111111111110000000000000000000000000000000000000000000000000111000011100111111111111111111111111111111
111111111111111111111111111111111000000000000000000000000000000000000000000011100000011111111111111111111111111111111111
111111111111111111111111111111111100000000000000000000000000000000000000000111000000111111111111111111111111111111111111
111111111111111111111111111111111110000000000000000000000000000000000000011100000001111111111111111111111111111111111111
111111111111111111111111111111111111111100000000000000000000000000000000111000001111111111111111111111111111111111111111
111111111111111111111111111111111111111111111110000000000000000000000001111111111111111111111111111111111111111111111111
111111111111111111111111111111111111111111111111000000000000000000000011111000111111111111111111111111111111111111111111
111111111111111111111111111111111111111000000000000000000000000000000110000111111111111111111111111111111111111111111111
111111111111111111111111111111111111100000000000000000000000000000000000001111111111111111111111111111111111111111111111
111111111111111111111111111111111111110000000000000000000000000000000000111111111111111111111111111111111111111111111111
111111111111111111111111111111111111000000000000000000000000000000000001110001111111111111111111111111111111111111111111
111111111111111111111111111111111111000000000000000000000000000000000000000000011100011111111111111111111111111111111111
111111111111111111111111111111111111000000000000000000000000000000000000000000000000000111111111111111111111111111111111
111111111111111111111111111111111000000000000000000000000000000000000000000000000000000011111111111111111111111111111111
111111111111111111111111111011100000000000000000000000000000000000000000000000000000000001111111111111111111111111111111
111111111111111111111111111000000000000000000000000000000000000000000000000000000000000000000011111111111111111111111111
111111111111111111111111111100000000000000000000000000000000000000000000000000000000000000000000011111111111111111111111
111111111111111111111111111111000000000000000000000000000000000000000000000000000000000000000000011111111111111111111111
111111111111111111111111111111000000000000000000000000000000000000000000000000000000000000000001111111111111111111111111
111111111111111111111111110000000000000000000000000000000000000000000000000000000000000000000011111111111111111111111111
111111111111111111111111110000000000000000000000000000000000000000000000000000000000000000000000001111111111111111111111
111111111111111111111110000000000000000000000000000000000000000000000000000000000000000000000000000111111111111111111111
111111111111111111111110000000000000000000000000000000000000000000000000000000000000000000000000000001111111111111111111
111111111111111111111000000000000000000000000000000000000000000000000000000000000000000000000000000000011111111111111111
111111111000001111110000000000000000000000000000000000000000000000000000000000000000000000000000000000001111111111111111
111111111000000000000000000000000000000000000000000000000000000000000000000000000000000000000000000000000000111111111111
111111111000000000000000000000000000000000000000000000000000000000000000000000000000000000000000000000000111111111111111
111111111111000000000000000000000000000000000000000000000000000000000000000000000000000000000000000001111111111111111111
111111111111110000000000000000000000000000000000000000000000000000000000000000000000000000000000011111111111111111111111
111111111111111110000000000000000000000000000000000000000000000000000000000000000000000000000001101111111111111111111111
111111111111111111100000000000000000000000000000000000000000000000000000000000000000000000000011111111111111111111111111
111111111111111111111100000000000000000000000000000000000000000000000000000000000000000000000000001111111111111111111111
111111111111111111111111100000000000000000000000000000000000000000000000000000000000000000000000011111111111111111111111
111111111111111111111111110000000000000000000000000000000000000000000000000000000000000000000000111111111111111111111111
111111111111111111111111111110000000000000000000000000000000000000000000000000000000000000000011111111111111111111111111
111111111111111111111111111111100000000000000000000000000000000000000000000000000000000000011111111111111111111111111111
111111111111111111111111111111110000000000000000000000000000000000000000000000000000000011111111111111111111111111111111
