000000000000000000000000000000000000000000000000000000000000000000000000000000000000000000000000000000000000000000000000
000000000000000000000000000000000000000000000000000000000000000000000000000000000000000000000000000000000000000000000000
000000000000000000000000000000000000000000000000000000001110000000000000000000000000000000000000000000000000000000000000
000000000000000000000000000000000000000000000000000001110000000000000000000000000000000000000000000000000000000000000000
000000000000000000000000000000000000000000000000000011000000000000111000000000000000000000000000000000000000000000000000
000000000000000000000000000000000000000001100000011111110000000000111100000000000000000000000000000000000000000000000000
000000000000000000000000000000000000000000011111111100000000000001111111000000000000000000000000000000000000000000000000
000000000000000000000000000000000000000000011111111110000000000000111111100000000000000000000000000000000000000000000000
000000000000000000000000000000000001111111111111111111100000000000000011111111111111100000000000000000000000000000000000
000000000000000000000000000000000111111111111111111100000000000000000011111111111111111000000000000000000000000000000000
000000000000000000000000000000011111111111111111111100000000000000001111111111111111111111000000000000000000000000000000
000000000000000000000000000001111111111111111111111111000000000000111111111111111111111111100000000000000000000000000000
000000000000000000000000000011111111111111111111111111100000000000111111111111111111111111111000000000000000000000000000
000000000000000000000000001111111111111111111111111111100000000001111111111111111111111111111100000000000000000000000000
000000000000000000000000011111111111111111111111111111100000000001111111111111111111111111111111000000000000000000000000
000000000000000000000011111111111111111111111111111110000000000000011111111111111111111111111111111110000000000000000000
000000000000000000111111111111111111111111111111000000000000000000000000111111111111111111111111111111111111111100000000
000000000000011111111111111111111111111111111111000000000000000000000000111111111111111111111111111111111111111111111110
000000001111111111111111111111111111111111111110000000000000000000000000011111111111111111111111111111111111111111111111
000011111111111111111111111111111111111111111100000000000000000000000000011111111111111111111111111111111111111111111111
011111111111111111111111111111111111111111111100000000000000000000000000011111111111111111111111111111111111111111111111
111111111111111111111111111111111111111111111100000000000111110000000000001111111111111111111111111111111111111111111111
111111111111111111111111111111111111111111111110000000000111111000000000011111111111111111111111111111111111111111111111
111111111111111111111111111111111111111111111111000000001111111100000000111111111111111111111111111111111111111111111111
111111111111111111111111111111111111111111111111000000011111111110000000111111111111111111101111111111111111111111111111
111111111111111111111111111111111111111111111110101111111111111111111101011111111111111111111111111111111111111111111111
111111111111111111111111111111111111111111111111111111111111111111111111111111111111111111110000111111011111111111111111
111111111111111111101111111111111111111111111111111100001111111100001111111111111111111111111111111100000000001110000111
111111111011100000000011110111111111111111111111000000111111111111000000111111111111111111110000000000000000000000000000
111110000000000000000000000011111111111111111001111111111110011111111111101111111111111111110000000000000000000000000000
000000000000000000000000000011111111111111111111111111111100001111111111111111111111111111110000000000000000000000000000
000000000000000000000000000111111111111111111111111110000000000000011111111111111111111111111000000000000000000000000000
000000000000000000000000001111111111111111111110000000000000000000000000011111111111111111111100000000000000000000000000
000000000000000000000000111111111111111110000000000000000000000000000000000000011111111111111111111000000000000000000000
000000000000000000000011111111111111111111000000000000000000000000000000000000111111111111111111111111111100000000000000
000000000000000000001111111111111111111111000000000000000000000000000000000000111111111111111111111111111111100000000000
000000000000000000011111111111111111111111000000000000000000000000000000000000111111111111111111111111111111111000000000
000000000000000000111111111111111111111111100000000000000000000000000000000000111111111111111111111111111111111110000000
000000000000000011111111111111111111111111110000000000000000000000000000000000111111111111111111111111111111111111100000
000000000000000111111111111111111111111111110000000000000000000000000000000001111111111111111111111111111111111111111000
