000000000000000000000000000000000000000000000000000011111111111111111111111111111111111111111111111111111111111111111111
000000000000000000000000000000000000000000000000000011111111111111111111111111111111111111111111111111111111111111111111
000000000000000000000000000000000000000000000000000011111111111111111111111111111111111111111111111111111111111111111111
000000000000000000000000000000000000000000000000111111111111111111111111111111111111111111111111111111111111111111111111
001100001111000000000000000000000000000000000011111111111111111111111111111111111111111111111111111111111111111111111111
000001111111111111110000000000000000000000000111111111111111111111111111111111111111111111111111111111111111111111111111
000011111111111111111000000000000000000000000111111111111111111111111111111111111111111111111111111111111111111111111111
000011111111111111111100000000000000000000000111111111111111111111111111111111111111111111111111111111111111111111111111
000000001111111111111110000000000000000000000011111111111111111111111111111111111111111111111111111111111111111111111111
000000001111111111111100000000000000000000000111111111111111111111111111111111111111111111111111111111111111111111111111
000000000111111111111110000000000000000000000111111111111111111111111111111111111111111111111111111111111111111111111111
000000000111111111111111111000000000000000000111111111111111111111111111111111111111111111111111111111111111111111111111
000000001111111111111111111100000000000000000111111111111111111111111111111111111111111111111111111111111111111111111111
000000011111111111111111111111100000000000001111111111111111111111111111111111111111111111111111111111111111111111111111
000001111111111111111111111111111000000000001111111111111111111111111111111111111111111111111111111111111111111111111111
000111111111111111111111111111111000000000001111111111111111111111111111111111111111111111111111111111111111111111111111
001111111111111111111111111111110000000000001111111111111111111111111111111111111111111111111111111111111111111111111111
111111111111111111011111111111110000000000001111111111111111111111111111111111111111111111111111111111111111111111111111
111111111111111110011100111111111000000000011111111111111111111111111111111111111111111111111111111111111111111111111111
111111111110011110011101111111111000000000011111111111111111111111111111111111111111111111111111111111111111111111111111
111111100000111100011111111111111000000000011111111111111111111111111111111111111111111111111111111111111111111111111111
111111000000111000011111111111111100000000111111111111111111111111111111111111111111111111111111111111111111111111111111
111110000000110000011111111111111100000000111111111111111111111111111111111111111111111111111111111111111111111111111111
110000000111111000111111111111111110000001111111111111111111111111111111111111111111111111111111111111111111111111111111
000000001110000001111111111111111111000000111111111111111111111111111111111111111111111111111111111111111111111111111111
000000001100000011111111111111111111100000111111111111111111111111111111111111111111111111111111111111111111111111111111
000000000000000111111111111111111111100000011111111111111111111111111111111111111111111111111111111111111111111111111111
000000000000001111111111111111111111110000011111111111111111111111111111111111111111111111111111111111111111111111111111
000000000000111111111111111111111111111000011111111111111111111111111111111111111111111111111111111111111111111111111111
000000000001111111111111111111111111111100001111111111111111111111111111111111111111111111111111111111111111111111111111
000000000011111111111111111111111111111100000011111111111111111111111111111111111111111111111111111111111111111111111111
000000001111111111111111111111111111111110000000011111111111111111111111111111111111111111111111111111111111111111111111
000000011111111111111111111111111111111110000000001111111111111111111111111111111111111111111111111111111111111111111111
000000011111111111111111111111111111111110000000000011111111111111111111111111111111111111111111111111111111111111111111
000000111111111111111111111111111111111110000000000000111111111111111111111111111111111111111111111111111111111111111111
000000000100011111111111111111111111111110000000000000001111111111111111111111111111111111111111111111111111111111111111
000000000000001111111111111111111111100000000000000000001111111111111111111111111111111111111111111111111111111111111111
000000000000000000011111011110000000000000000000000000001111111111111111111111111111111111111111111111111111111111111111
000000000000000000011110001110000000000000000000000000001111111111111111111111111111111111111111111111111111111111111111
000000000000000000011100001110000000000000000000000000000111111111111111111111111111111111111111111111111111111111111111
