000000000000000000000000000000000000000000000000000000000000000000000000000000000000000000011111111111111111111111111111
000000000000000000000000000000000000000000000000000000000000000000000000000000000000000000011111111111111111111111111111
000000000000000000000000000000000000000000000000000000000000000000000000000000000000000000011111111111111111111111111111
000000000000000000000000000000000000000000000000000000000000000000000000000000000000000000001111111111111111111111111111
000000000000000000000000000000000000000000000000000000000000000000000000000000000000000000000111111111111111111111111111
000000000000000000000000000000000000000000000000000000000000000000000000000000000000000000000111111111111111111111111111
000000000000000000000000000000000000000000000000000000000000000000000000000000000000000000000001111111111111111111111111
000000000000000000000000000000000000000000000000000000000000000000000000000000000000000000000000111111111111111111111111
000000000000000000000000000000000000000000000000000000000000000000000000000000000000000000000000001111111111111111111111
000000000000000000000000000000000000000000000000000000000000000000000000000000000000000000000000000111111111111111111111
000000000000000000000000000000000000000000000000000000000000000000000000000000000000000000000000000000111111111111111111
000000000000000000000000000000000000000000000110000000000000000000000000000000000000000000000000000000000111111111111111
000000000000000000000000000000000000000000001111000000000000000000000000000000000000000000000000000000000000111111111111
000000000000000000000000000000000000000000011111100000001111000000000000000000000000000000000000000000000000000001111111
000000000000000000000000000000000000000000011111100000111110000000000000000000000000000000000000000000000000000000000000
000000000000000000000000000000000000000000011111100001111100000000000000000000000000000000000000000000000000000000000000
000000000000000000000000000000000000000000011111000111111000000000000000000000000000000000000000000000000000000000000000
000000000000000000000000000000000000000000011111001111110000001111000000000000000000000000000000000000000000000000000000
000000000000000000000000000000000000000000011111111111100001111110000000000000000000000000000000000000000000000000000000
000000000000000000000000000000000000000000111111111111000111111000000000000000000000000000000000000000000000000000000000
000000000000000000000000000000000000001111111111111111111111100000000000000000000000000000000000000000000000000000000000
000000000000000000000000000000000000011111111111111111111110000000010000000000000000000000000000000000000000000000000000
000000000000000000000000000000000000011111111111111111111101111111111000000000000000000000000000000000000000000000000000
000000000000000000000000000000000000001111111111111111111111111110000000000000000000000000000000000000000000000000000000
000000000000000000000000000000000000000111111111111111111111000000000000000000000000000000000000000000000000000000000000
000000000000000000000000000000000000001111111111111111111000000000000000000000000000000000000000000000000000000000000000
000000000000000000000000000000000000001111111111111111110000000000000000000000000000000000000000000000000000000000000000
000000000000000000000000000000000000011111111111111111110000000000000000000000000000000000000000000000000000000000000000
000000000000000000000000000000000000011111111111111111100000000000000000000000000000000000000000000000000000000000000000
000000000000000000000000000000000000111111111111111111100000000000000000000000000000000000000000000000000000000000000000
000000000000000000000000000011111111111111111111111110000000000000000000000000000000000000000000000000000000000000000000
000000000000000000000000001111111111111111111111111000000000000000000000000000000000000000000000000000000000000000000000
000000000000000000000000111111111111111111111111110000000000000000000000000000000000000000000000000000000000000000000000
000000000000000000000011111111111111111111111111111100000000000000000000000000000000000000000000000000000000000000000000
000000000000000000001111111111111111111111111111111111000000000000000000000000000000000000000000000000000000000000000000
000000000000000000011111111111111111111111111111111111100000000000000000000000000000000000000000000000000000000000000000
000000000000000001111111111111111111111111111111111111111000000000000000000000000000000000000000000000000000000000000000
000000000000000111111111111111111111111111111111111111111100000000000000000000000000000000000000000000000000000000000000
000000000000001111111111111111111111111111111111111111111110000000000000000000000000000000000000000000000000000000000000
000000000000111111111111111111111111111111111111111111111111000000000000000000000000000000000000000000000000000000000000
