000000000000000000000000000000000000000000000000000000000000000000000000000000000000000000000000000000000000000000000000
000000000000000000000000000000000000000000110000000000000000000000000000000000000000000000000000000000000000000000000000
000000000000000000000000000000001111111111111111111111100000000000000000000001100000000000000000000000000000000000000000
000000000000000000000000000111111111111111111111111111110000000000000000000000000000000000000000000000000000000000000000
000000000000000000110001111111111111111111111111111110000000000000000000000000000000000000000000000000000000000000000000
000000000000000000001111111111111111111111111111111110000000000000000000000000000000000000000000000000000000000000000000
000000000000000000111111111111111111111111111111000000000000000000000000000000000000000000000000000000000000000000000000
000000000000000001111111111111111111111111111110000000000000000000000000000000000000000000000000000000000000000000000000
000000000000000111111111111111111111111111111110000000000000000000000000000000000000000000000000000000000000000000000000
000000000000001111111111111111111111111111111111110000000000000000000000000000000000000000000000000000000000000000000000
000000000000011111111111111111111111111111111111110000000000000000000000000000000000000000000000000000000000000000000000
000000000000111111111111111111111111111111111111110000000000000000000000000000000000000000000000000000000000000000000000
000000000001111111111111111111111111111111111110000000000000000000000000000000000000000000000000000000000000000000000000
000000000011111111111111111111111111111111111110000000000000000000000000000000000000000000000000000000000000000000000000
000000000011111111111111111100011111111111101000000000000000000000000000000000000000000000000000000000000000000000000000
000000000011111111111111111100000011111111111000000000000000000000000000000000000000000000000000000000000000000000000000
000000000011111111111111111000000000011111111110000000000000000000000000000000000000000000000000000000000000000000000000
000000000011111111111110000000000000011111111111100000000000000000000000000000000000000000000000000000000000000000000000
000000000011111111100000000000000000011111111111110000000000000000000000000000000000000000000000000000000000000000000000
000000000011111111000000000000000000111111111111111000000000000000000000000000000000000000000000000000000000000000000000
000000000000100000000000000000000000111111111111111111000011000000000000000000000000000000000000000000000000000000000000
000000000000000000000000000000000001111111111111110111110001100000000000000000000000000000000000000000000000000000000000
000000000000000000000000000000110001111111111111111111111111000000000000000000000000000000000000000000000000000000000000
000000000000000000000000000000000001111111111111111111000000000000000000000000000000000000000000000000000000000000000000
000000000000000000000000000000000000111111111111110000000000000000000000000000000000000000000000000000000000001100000000
000000000000000000000000000000000000111111111111111000000000000000000000000000000000000000000000000000000000000000000000
000000000000000000000000000000000001111111111111111000000000000000000000000000000000000000000000000000000000000000000000
000000000000000000000000000000000111111111111111111000000000000000000000000000000000000000000000000000000000000000000000
000000000000000000000000000000011111111111111111111000000000000000000000000000000000000000000000000000000000000000000000
000000000000000000000000000011111111111111111111111000000000000000000000000000000000100000000000000000000000000000000000
000000000000000000000000011111111111111111111111111000000000000000000000000000000000000000000000000000000000000000000000
000000000000000000001111111111111111111111111111111000000000000000000000000000000000000000000000000000000000000000000000
000000000000001111111111111111111111111111111111111000000000000000000000000000000000000000000000000000000000000000000000
000000000011111111111111111111111111111111111111111000000000000000000000000000000000000000000000000000000000000000000000
000000000011111111111111111111111111111111111111111100000000000000000000000000000000000000000000000000000000000000000000
000000000111111111111111111111111111111111111111111100000010000000000000000000000000000000000000000000000000000000000000
000000011111111111111111111111111111111111111111111110000000000000000000000000000000000000000000000000000000000000000000
000000000000000000111111111111111111111111111111111110000000000000000000000000000000000000000000000000000000000000000000
000000000000000000000000111111111111111111111111111110000000000000000000000000000000000000000000000000000000000000000000
000000000001000000000000000111111111111111111111111110000000000000000000000000000000000000000000000000000000000000000000
