111111111111111111111111111111111111111111111111100000000000111111111111111111111111111111111111111111111111111111111111
111111111111111111111111111111111111111111111111100000000000011111111111111111111111111111111111111111111111111111111111
111111111111111111111111111111111111111111111111100000000000011111111111111111111111111111111111111111111111111111111111
111111111111111111111111111111111111111111111111100000000000011011111111111111111111111111111111111111111111111111111111
111111111111111111111111111111111111111111111111100000000000000011111111111111111111111111111111111111111111111111111111
111111111111111111111111111111111111111111111111100000000000000011111011111111111111111111111111111111111111111111111111
111111111111111111111111111111111111111101111001000000000000000011110011111111111111111111111111111111111111111111111111
111111111111111111111111111111110011111100111001000000000000000000000011111111111011111111111111111111111111111111111111
111111111111111111111111111111111001001100000000000000000000000000000011001111110111111111111111111111111111111111111111
111111111111111111111111111111011001101100000000000000000000000000000110010011001111111111111111111111111111111111111111
111111111111111111111111111111001100000110000000000000000000000000000000000000011111111111111111111111111111111111111111
111111111111111111111111111111100000000010000000000000000000000000000000000000011111111111111111111111111111111111111111
111111111111111111111111100000000000000000000000000000000000000000000000000000000000111111111111111111111111111111111111
111111111111111100000000000000000000000000000000000000000000000000000000000000000000000000000111111111111111111111111111
111111111100000000000000000000000000000000000000000000000000000000000000000000000000000000000000000111111111111111111111
000000000000000000000000000000000000000000000000000000000000000000000000000000000000000000000000000000000000000000000000
000000000000000000000000000000000000000000000000000000000000000000000000000000000000000000000000000000000000000000000000
000000000000000000000000000000000000000000000000000000000000000000000000000000000000000000000000000000000000000000000000
000000000000000000000000000000000000000000000000000000000000000000000000000000000000000000000000000000000000000000000000
000000000000000000000000000000000000000000000000000000000000000000000000000000000000000000000000000000000000000000000000
000000000000000000000000000000000000000000000000000000000000000000000000000000000000000000000000000000000000000000000000
000000000000000000000000000000000000000000000000000000000000000000000000000000000000000000000000000000000000000000000000
000000000000000000000000000000000000000000000000000000000000000000000000000000000000000000000000000000000000000000000000
000000000000000000000000000000000000000000000000000000000000000000000000000000000000000000000000000000000000000000000000
000000000000000000000000000000000000000000000000000000000000000000000000000000000000000000000000000000000000000000000000
000000000000000000000000000000000000000000000000000000000000000000000000000000000000000000000000000000000000000000000000
000000000000000000000000000000000000000000000000000000000000000000000000000000000000000000000000000000000000000000000000
000000000000000000000000000000000000000000000000000000000000000000000000000000000000000000000000000000000000000000000000
000000000000000000000000000000000000000000000000000000000000000000000000000000000000000000000000000000000000000000000000
000000000000000000000000000000000000000000000000000000000000000000000000000000000000000000000000000000000000000000000000
000000000000000000000000000000000000000000000000000000000000000000000000000000000000000000000000000000000000000000000000
000000000000000000000000000000000000000000000000000000000000000000000000000000000000000000000000000000000000000000000000
000000000000000000000000000000000000000000000000000000000000000000000000000000000000000000000000000000000000000000000000
000000000000000000000000000000000000000000000000000001111000000000000000000000000000000000000000000000000000000000000000
000000000000000000000000000000000000000000000000000011111000000000000000000000000000000000000000000000000000000000000000
000000000000000000000000000000000000000000000000001111110000000000000000000000000000000000000000000000000000000000000000
000000000000000000000000000000000000000000000000001111110000000000000000000000000000000000000000000000000000000000000000
000000000000000000000000000000000000000000000000000011110000000000000000000000000000000000000000000000000000000000000000
000000000000000000000000000000000000000000000000000011111000000000000000000000000000000000000000000000000000000000000000
000000000000000000000000000000000000000000000000011111111000000000000000000000000000000000000000000000000000000000000000
