000000000000000000000000000000000000000000000000000000000000000000000000000000000000000000000000000000000000000000000000
000000000000000000000000000000000000000000000000100000000000000000000000000000000000000000000000000000000000000000000000
000000000000000000000000000000000000000001111111111111000000000111100000000000000000000000000000000000000000000000000000
000000000000000000000000000000000000011111111111111111111111111111100000000000000000000000000000000000000000000000000000
000000000000000000000000000000000001111111111111111111111111111111000000000000000000000000000000000000000000000000000000
000000000000000000000000000000000111111111111111111111111111111100000000000000000000000000000000000000000000000000000000
000000000000000000000000000000011111111111111111111111111111111000000000000000000000000000000000000000000000000000000000
000000000000000000000000000000011111111111111111111111111111111110000000000000000000000000000000000000000000000000000000
000000000000000000000000000000001111111111111111111111111111111111000000000000000000000000000000000000000000000000000000
000000000000000000000000000000001111111111111111111111111111111111000000000000000000000000000000000000000000000000000000
000000000000000000000000000000001111111111111111111111111111111110000000000000000000000000000000000000000000000000000000
000000000000000000000000000000111111111111111111111111111111111000000000000000000000000000000000000000000000000000000000
000000000000000000000000000011111111111111111111111111111111111110000000000000000000000000000000000000000000000000000000
000000000000000000000000000111111111111111111111111111111111111110000000000000000000000000000000000000000000000000000000
111111111111111111110000000011100111111111111111111111111111111100000000000000000000000000000000000000000000000000000000
111111111111111111111111111111110111111111111111111111111111111000000000000000000000000000000000000000000000000000000000
111111111111111111111111111111111111111111111111111111111111110000000000000000000000000000000000000000000000000000000000
000000000000000000001111111111111111111111111111111111111111100000000000000000000000000000000000000000000000000000000000
000000000000000000000000000001111111111111111111111111111111000000000000000000000000000000000000000000000000000000000000
000000000000000000000000000000111111111111111111111111111110000000000000000000000000000000000000000000000000000000000000
000000000000000000000000000000011111111111111111111111111111000000000000000000000000000000000000000000000000000000000000
000000000000000000000000000000000111111111111111111111111111111110000000000000000000000000000000000000000000000000000000
000000000000000000000000000000000000111111111111111111111111111111111000000000000000000000000000000000000000000000000000
000000000000000000000000000000000000000011111111111111111111111111111111111100000000000000000000000000000000000000000000
000000000000000000000000000000000000000011111111111111111111111111111111111111110000000000000000000000000000000000000000
000000000000000000000000000000000000000011111111111111111111111111011111111111111110000000000000000000000000000000000000
000000000000000000000000000000000000000000011111111111111111111111101111111111111111000000000000000000000000000000000000
000000000000000000000000000000000000000000011111111111111111111111101111111111111111111000000000000000000000000000000000
000000000000000000000000000000000000000000011111111111111111111111111111111111111111111111000000000000000000000000000000
000000000000000000000000000000000000000000111111111111111111111111111111111111110011111111110000000000000000000000000000
000000000000000000000000000000000000000000011111111111111111111111111111111111100000011111111111100000000000000000000000
000000000000000000000000000000000000000000001111111111111111111111111111111111111000000011111111111100000000000000000000
000000000000000000000000000000000000000000000111111111111111111111111111111111110000000011111111111111000000000000000000
000000000000000000000000000000000000000000000111111111111111111111111111111111100011111111111111111111000000000000000000
000000000000000000000000000000000000000000000111111111111111111111111111111111111111111111111111111111110000000000000000
000000000000000000000000000000000000000000000011111111111111111111111111111111111111111111111111111111111100000000000000
000000000000000000000000000000000000000000000011111111111111111111111111111111111111111111111110000011111111000000000000
000000000000000000000000000000000000000000000011111111111111111111111011111111111111111111111100000000111111100000000000
000000000000000000000000000000000000000000000011111111111111111111100000000000000000111111111000000000011111111000000000
000000000000000000000000000000000000000000000011111111111111111111000000000000000000000000000000000000000111111100000000
