000000000000000000000000000000000000000000000000000000000000000000000000000000000000000000011111111111111111111111111111
000000000000000000000000000000000000000000000000000000000000000000000000000000000000000011111111111111111111111111111111
000000000000000000000000000000000000000000000000000000000000000000000000000000000000011111111111111111111111111111111111
000000000000000000000000000000000000000000000000000000000000000000000000000000000000111111111111111111111111111111111111
000000000000000000000000000000000000000000000000000000000000000000000000000000000000111111111111111111111111111111111111
000000000000000000000000000000000000000000000000000000000000000000000000000000000000000111111111111111111111111111111111
000000000000000000000000000000000000000000000000000000000000000000000000000000000000000001001110000000011111111111111111
000000000000000000000000000000000000000000000000000000000000000000000000000000000000000000000000000000000111111111111111
000000000000000000000000000000000000000000000000000000000000000000000000000000000000000000000000000000000011111111111111
000000000000000000000000000000000000000000000000000000000000000000000000000000000000000000000000000000000011111111111111
000000000000000000000000000000000000000000000000000000000000000000000000000000000000000000000000000000000001111111111111
000000000000000000000000000000000000000000000000000000000000000000000000000000000000000000000000000000000111111111111111
000000000000000000000000000000000000000000000000000000000000000000000000000000000000000000000001111111111111111111111111
000000000000000000000000000000000000000000000000000000000000000000011111000000000000000000000011111111111111111111111111
000000000000000000000000000000000000000000000000000000000000011111111111111000000000000000011111111111111111111111111111
000000000000000000000000000000000000000000000000000000000011111111111111111111100000000001111111111111111111111111111111
000000000000000000000000000000000000000000000000000000001111111100111001111111111100111111111111111111111111111111111111
000000000000000000000000000000000000000000000000000000001111111111100000011111111111111111111111111111111111111111111111
000000000000000000000000000000000000000000000000000000001111100111110000000111111111111111111111111111111111111111111111
000000000000000000000000000000000000000000000000000000000000101111110000000001111111111111100001110000111111111111111111
000000000000000000000000000000000000000000000000000000000000001111110000000000000110000000000000000000000001111111111111
000000000000000000000000000000000000000000000000000000000000000111100000000000000000000000000000000000000000111111111111
000000000000000000000000000000000000000000000000000000000000000111110000000000000000000000000000000000000000011111111111
000000000000000000000000000000000000000000000000000000000000000111100000000000000000000000000000000000000000001111111111
000000000000000000000000000000000000000000000000000000000000000000000000000000000000000000000000000000000000000111111111
000000000000000000000000000000000000000000000000000000000000000000000000000000000000000000000000000000000000000111111111
000000000000000000000000000000000000000000000000000000000000000000000000000000000000000000000000000000000000000011111111
000000000000000000000000000000000000000000000000000000000000000000000000000000000000000000000000000000000000000011111111
000000000000000000000000000000000000000000000000000000000000000000000000000000000000000000000000000000000000000001111111
000000000000000000000000000000000000000000000000000000000000000000000000000000000000000000000000000000000000000000111111
000000000000000000000000000000000000000000000000000000000000000000000000000000000000000000000000000000000000000000011111
000000000000000000000000000000000000000000000000000000000000000000000000000000000000000000000000000000000000000000111111
000000000000000000000000000000000000000000000000000000000000000000000000000000000000000000000000000000000000000001111111
000000000000000000000000000000000000000000000000000000000000000000000000000000000000000000000000000000000000000011111111
000000000000000000000000000000000000000000000000000000000000000000000000000000000000000000000000000000000000000111111111
000000000000000000000000000000000000000000000000000000000000000000000000000000000000000000011000000000000000000111111111
000000000000000000000000000000000000000000000000000000000000000000000000000000000000000000111111110000000000001111111111
000000000000000000000000000000000000000000000000000000000000000000000000000000000000000000011111111111100000111111111111
000000000000000000000000000000000000000000000000000000000000000000000000000000000000000000001111111111111111111111111111
000000000000000000000000000000000000000000000000000000000000000000000000000000000000000000000111111111111111111111111111
