000000000000000000000000000000000000000000000000000000000000000000000000000000000000000000000000000000000000000000000000
000000000000000000000000000000000000000000000000000000000000000000000000000000000000000000000000000000000000000000000000
000000000000000000000000000000000000000000000000000000000000000000000000000000000000000000000000000000000000000000000000
000000000000000000000000000000000000000000000000000000000000000000000000000000000000000000000000000000000000000000000000
000000000000000000000000000000000000000000000000000000000000000111000000000000000000000000000000000000000000000000000000
000000000000000000000000000000000000000000000000000000000000011111111000000000000000000000000000000000000000000000000000
000000000000000000000000000000000111100000001111111111111111111111111000000000000000000000000000000000000000000000000000
000000000000000000000000000000000011111111111111111111111111111111110000000000000000000000000000000000000000000000000000
000000000000000000000000000000000001111111111111111111111111111111111111111111000000000000000000000000000000000000000000
000000000000000000000000000000000000111111111111111111111111111111111111110000000000000000000000000000000000000000000000
000000000000000000000000000000000001111111111111111111111111111111111111100000000000000000000000000000000000000000000000
000000000000000000000000000000001111111111111111111111111111111111111100000000000000000000000000000000000000000000000000
000000000000000000000000000000111111111111111111111111111111111111110000000000000000000000000000000000000000000000000000
000000000000000000000000000000000111111111111111111111111111111111110000000000000000000000000000000000000000000000000000
000000000000000000000000000000000000111111111111111111111111111111111000000000000000000000000000000000000000000000000000
000000000000000000000000000000000000011111111111111111111111111111111000000000000000000000000000000000000000000000000000
000000000000000000000000000000000000000111111111111111111111111111111100000000000000000000000000000000000000000000000000
000000000000000000000000000000000000000111111111111111111111111111111100000000000000000000000000000000000000000000000000
000000000000000000000000000000000000001111111111111111111111111111111100000000000000000000000000000000000000000000000000
000000000000000000000000000000000000001111111111111111111111111111111100000000000000000000000000000000000000000000000000
110000000000000000000000000000000000001111111111111111111111111111111100000000000000000000000000000000000000000000000000
111100000000000000000000000000000000001111111111111111111111111111111110000000000000000000000000000000000000000000000000
111100000000000000000000000000000000111111111111111111111111111111111110000000000000000000000000000000000000000000000000
111110000000000000000000000011111111111111111111111111111111111111111110000000000000000000000000000000000000000000000000
111111110000000000000000111111111111111111111111111111111111111111111111100000000000000000000000000000000000000000000000
111111111100000000000001111111111111111111111111111111111111111111111111110000000000000000000000000000000000000000000000
111111111111100000001111111111111111111111111111111111111111111111111111111000000000000000000000000000000000000000000000
111111111111111000011111111111111111111111111111111111111111111111111111111100000000000000000000000000000000000000000000
111111111111111111111111111111111111111111111111111111111111111111111111111100000000000000000000000000000000000000000000
011111111111111111111111111111111111111111111111111111111111111111111111111100000000000000000000000000000000000000000000
000111111111111111111111111111100111111111111111111111111111111111111111111000000000000000000000000000000000000000000000
000001111111111111111111110000000111111111111111111111111111111111111111111100000000000000000000000000000000000000000000
000000001111111111111100000000001111111111111111111111111111111111111111111100000000000000000000000000000000000000000000
000000000000000000000000000000001111111111111111111111111111111111111111111100000000000000000000000000000000000000000000
000000000000000000000000000000001111111111111111111111111111111111111111111100000000000000000000000000000000000000000000
000000000000000000000000000000001111100111111111111111111111111111111111111110000000000000000000000000000000000000000000
000000000000000000000000000000001111100011111111111111111111111111111111111111000000000000000000000000000000000000000000
000000000000000000000000000000001111100001111111111111111111111111111111111111000000000000000000000000000000000000000000
000000000000000000000000000000001111111111111111111111111111111111111111111111100000000000000000000000000000000000000000
000000000000000000000000000001111111111111111111111111111111111111111111111111110000000000000000000000000000000000000000
