000000000000000000000000000000000000000000000000000000000000000000000000000000000000000000000000000000000000000000000000
000000000000000000000000000000000000000000000000000000000000000000000000000000000000000000000000000000000000000000000000
000000000000000000000000000000000000000000000000000000000000000000000000000000000000000000000000000000000000000000000000
000000000000000000000000000000000000000000000000000000000000000000000000000000000000000000000000000000000000000000000000
000000000000000000000000000000000000000000000000000000000000000000000000000000000000000000000000000000000000000000000000
000000000000000000000000000000000000000000000000000000000000000000000000000000000000000000000000000000000000000000000000
000000000000000000000000000000000000000000000000000000000000000000000000000000000000000000000000000000000000000000000000
000000000000000000000000000000000000000000000000000000000000000000000000000000000000000000000000000000000000000000000000
000000000000000000000000000000000000000000000000000000000000000000000000000000000000000000000000000000000000000000000000
000000000000000000000000000000000000000000000000000000000000000000000000000000000000000000000000000000000000000000000000
000000000000000000000000000000000000000000000000000000000000000000000111111111111000000000000000000000000000000000000000
000000000000000000000000000000000000000000000000000000001111111111111111111111111111100000000000000000000000000000000000
000000000000000000000000000000000000000000000000000000000111111111111111111111111111111000000000000000000000000000000000
000000000000000000000000000000000000000000000000000000000011111111111111111111111111111111000000000000000000000000000000
000000000000000000000000000000000000000000000000000000000111111111111111111111111111111111100000000000000000000000000000
000000000000000000000000000000000000000000000000000000001111111111111111111111111111111111110000000000000000111111110000
000000000000000000000000000000000000000000000000000000011111111111111111111111111111111111111000000001111111111111111000
000000000000000000000000000000000000000000000000000000011111111111111111111111111111111111111110111111111111111111111000
000000000000000000000000000000000000000000000000000000001111111111111111111111111111111111111111111111111111111110000000
000000000000000000000000000000000000000000000000000000000011111111111111111111111111111111111111111111111111000000000000
000000000000000000000000000000000000000000000000000000000000000111111111111111111111111111111111111111100000000000000000
000000000000000000000000000000000000000000000000000000000000000111111111111111111111111111111111111100000000000000000000
000000000000000000000000000000000000000000000000000000000000000011111111111111111111111111111111100000000000000000000000
000000000000000000000000000000000000000000000000000000000000000000011111111111111111111111111111100000000000000000000000
000000000000000000000000000000000000000000000000000000000000000000000011000011111111111111111111000000000000000000000000
000000000000000000000000000000000000000000000000000000000000000000000000000011111111111111111111000000000000000000000000
000000000000000000000000000000000000000000000000000000000000000000000000000011111111111111111111100000000000000000000000
000000000000000000000000000000000000000000000000000000000000000000000000000111111111111111111111110000000000000000000000
000000000000000000000000000000000000000000000000000000000000000000000000001111111111111111111111111100000000000000000000
000000000000000000000000000000000000000000000000000000000000000000000000011111111111111111111111111110000000000000000000
000000000000000000000000000000000000000000000000000000000000000000000000001111111111111111111111111111000000000000000000
000000000000000000000000000000000000000000000000000000000000000000000000000111111111111111111111111111110000000000000000
000000000000000000000000000000000000000000000000000000000000000000000000000111111111111111111111111111111000000000000000
000000000000000000000000000000000000000000000000000000000000000000000000000011111111111111111111111111111110000000000000
000000000000000000000000000000000000000000000000000000000000000000000000000001111111111111111111111111111111000000000000
000000000000000000000000000000000000000000000000000000000000000000000000000000111111111111111111111111111111100000011100
000000000000000000000000000000000000000000000000000000000000000000000000000000011111111111111111111111111111111000111110
000000000000000000000000000000000000000000000000000000000000000000000000000000000111111111111111111111111111111111111111
000000000000000000000000000000000000000000000000000000000000000000000000000000000001111111111111111111111111111111111111
000000000000000000000000000000000000000000000000000000000000000000000000000000000000011111111111111111111111111111111111
