111111111111111111111111111111111111111111111111111111111111111000000000000000000000000000000000000000000000000000000000
111111111111111111111111111111111111111111111111111111111111111000000000000000000000000000000000000000000000000000000000
111111111111111111111111111111111111111111111111111111111111111000000000000000000000000000000000000000000000000000000000
111111111111111111111111111111111111111111111111111111111111111000000000000000000000000000000000000000000000000000000000
111111111111111111111111111111111111111111111111111111111111111000000000000000000000000000000000000000000000000000000000
000001111111111111111111111111111111111111111111111111111111111000000000000000000000000000000000000000000000000000000000
000000000011111111111111111111111111111111111111111111111111111000000000000000000000000000000000000000000000000000000000
000000000000001111111111111111111111111111111111111111111111110000000000000000000000000000000000000000000000000000000000
000000000000000000011111111111111111111111111111111111111111110000000000000000000000000000000000000000000000000000000000
111100000000000000000000111111111111111111111111111111111111110000000000000000000000000000000000000000000000000000000000
111111110000000000000000000001111111111111111111111111111111110000000000000000000000000000000000000000000000000000000000
111111111111100000000000000000001111111111111111111111111111110000000000000000000000000000000000000000000000000000000000
111111111111111100000000000000000001111111111111111111111111110000000000000000000000000000000000000000000000000000000000
111111111111111111111111111000011000011111111111111111111111100000000000000000000000000000000000000000000000000000000000
001111111111111111111111111111111111111111111111111111111111100000000000000000000000000000000000000000000000000000000000
001111111111111111111111111111111111111111111111111111111111100000000000000000000000000000000000000000000000000000000000
000111111111111111111111111111111111111111111111111111111111100000000000000000000000000000000000000000000000000000000000
000111111111111111111111111111111111111111111111111111111111100000000000000000000000000000000000000000000000000000000000
001111111111111111111111111111111111111111111111111111111111000000000000000000000000000000000000000000000000000000000000
011111111111111111111111111111111111111111111111111111111111000000000000000000000000000000000000000000000000000000000000
111111111111111111111111111111111111111111111111111111111111000000000000000000000000000000000000000000000000000000000000
111111111111111111111111111111111111111111111111111111111111000000000000000000000000000000000000000000000000000000000000
111111111111111111111111111111111111111111111111111111111110000000000000000000000000000000000000000000000000000000000000
111111111111111111111111111111111111111111111111111111111110000000000000000000000000000000000000000000000000000000000000
111111111111111111111111111111111111111111111111111111111110000000000000000000000000000000000000000000000000000000000000
111111111111111111111111111111111111111111111111111111111110000000000000000000000000000000000000000000000000000000000000
111111111111111111111111111111111111111111111111111111111110000000000000000000000000000000000000000000000000000000000000
111111111111111111111111111111111111111111111111111111111100000000000000000000000000000000000001111111100110000000000000
111111111111111111111111111111111111111111111111111111111100000000000000000000000000000000000000001111111111110000000000
111111111111111111111111111111111111111111111111111111111100000000000000000000000000000000000000000001111111111110000000
111111111111111111111111111111111111111111111111111111111100000000000000000000000000000000000000000111111111111111110000
111111111111111111111111111111111111111111111111111111111100000000000000000000000000000000000000111111111111111111111111
111111111111111111111111111111111111111111111111111111111100000000000000000000000000000000000111111111111111111111111111
111111111111111111111111111111111111111111111111111111111000000000000000000000000000000000011111111111111111111111111111
111111111111111111111111111111111111111111111111111111111000000000000000000000000000000000001111111111111111111111111111
111111111111111111111111111111111111111111111111111111111000000000000000000000000000000000000011111111111111111111111111
111111111111111111111111111111111111111111111111111111111000000000000000000000000000000000000000011111111111111111111100
111111111111111111111111111111111111111111111111111111111000000000000000000000000000000000000000000011111111111111000000
111111111111111111111111111111111111111111111111111111111000000000000000000000000000000000000000000000000000000000000000
111111111111111111111111111111111111111111111111111111111000000000000000000000000000000000000000000000000000000000000000
