000000000000000000000111111000000000000000000000000000000000000000000000000000000000000000111111110000000000000000000000
000000000000000000000011000000000000000000000000000000000000000000000000000000000000000000001111100000000000000000000010
000000000000000000000000000000000000000000000000000000000000000000000000000000000000000000000000000000000000000000111101
111111000000011100000000000000000000000000000000000000000000000000000000000000000000000000000000000000011110000000011111
110000000000001110000000000000000000000000000000000000000000000000000000000000000000000000000000000000001000000000000011
110000000000000100000000000000000000000000000000000000000000000000000000000000000000000000000000000000000000000000000001
100000000000000000000000000000000000000000000000000000000000000000000000000000000000000000000000000000000000000000000000
000000000000000000000000000000000000000000000000000000000000000000000000000000000000000000000000000000000000000000000000
000000000000000000000000000000000000000000000000000000000000000000000000000000000000000000000000000000000000000000000000
000000000000000000000000000000000000000000000000000000000000000000000000000000000000000000000000000000000000000000000000
000000000000000000000000000000000000000000000000000000000000000000000000000000000000000000000000000000000000000000000000
100000000000000000000000000000000000000000000000000000000000000000000000000000000000000000000000000000000000000000000001
100000000000000000000000000000000000000000000000000000000000000000000000000000000000000000000000000000000000000000000011
110000000000000000000000000000000000000000000000000000000000000000000000000000000000000000000000000000000000000000000011
111000000000000000000000000000000000000000000000000000000000000000000000000000000000000000000000000000000000000000000111
111000000000000000000000000000000000000000000000000000000000000000000000000000000000000000000000000000000000000000001111
100000000000000000000000000000000000000000000000000000000000000000000000000000000000000000000000000000000000000000000011
110000000000000000000000000000000000000000000000000000000000000000000000000000000000000000000000000000000000000000001111
111110000000000000000000000000000000000000000000000000000000000000000000000000000000000000000000000000000000000000111111
111111000000000000000000000000000000000000000000000000000000000000000000000000000000000000000000000000000000000000111111
111111000000000000000000000000000000000001111111111111111111111111111111111111111111111111111111111111111111111111111111
111111111111111111111111111111111111111111111111111111111111111111111111111111111111111111111111111111111111111111111111
111111111111111111111111111111111111111111111111111111111111111111111111111111111111111111111111111111111111111111111111
111111111111111111111111111111111111111111111111111111111111111111111111111111111111111111111111111111111111111111111111
111111111111111111111111111111111111111111111100000000000000000000000000000000000000000000000000000000000000000000001111
100000000000000000000000000000000000000000000000000000000000000000000000000000000000000000000000000000000000000000000111
000000000000000000000000000000000000000000000000000000000000000000000000000000000000000000000000000000000000000000000111
000000000000000000000000000000000000000000000000000000000000000000000000000000000000000000000000000000000000000000000011
000000000000000000000000000000000000000000000000000000000000000000000000000000000000000000000000000000000000000000000001
000000000000000000000000000000000000000000000000000000000000000000000000000000000000000000000000000000000000000000000001
000000000000000000000000000000000000000000000000000000000000000000000000000000000000000000000000000000000000000000000000
000000000000000000000000000000000000000000000000000000000000000000000000000000000000000000000000000000000000000000000000
000000000000000000000000000000000000000000000000000000000000000000000000000000000000000000000000000000000000000000000000
000000000000000000000000000000000000000000000000000000000000000000000000000000000000000000000000000000000000000000000000
000000000000000000110000000000000000000000000000000000000000000000000000000000000000000000000000000000000000000000000000
000000000000000001110000000000000000000000000000000000000000000000000000000000000000000000000000000000000000000000000000
000000000000000011110000000000000000000000000000000000000000000000000000000000000000000000000000000010000000000000000000
000000000000000111110000000000000000000000000000000000000000000000000000000000000000000000000000000011000000000000000000
000000000000001111110000000000000000000000000000000000000000000000000000000000000000000000000000000111000000000000000000
000000000000011111110000000000000000000000000000000000000000000000000000000000000000000000000000000111110000000000000000
