000000000000000000000000000000000000000000000000000000000000000000000000000000000000000000000000000000000000000000000000
000000000000000000000000000000000000000000000000000000000000000000000000000000000000000000000000000000000000000000000000
000000000000000000000000000000000000000000000000000000000000000000000000000000000000000000000000000000000000000000000000
000000000000000000000000000000000000000000000000000000000000000000000000000000000000000000000000000000000000000000000000
000000000000000000000000000000000000000000000000001111111111111111111100000000000000000000000000000000000000000000000000
000000000000000000000000000000000000000000000000111111111111111111111110000000000000000000000000000000000000000000000000
000000000000000000000000000000000000000000000001111111111111111111111111111111000000000000000000000000000000000000000000
000000000000000000000000000000000000000000000001111111111111111111111111111111110000000000000000000000000000000000000000
000000000000000000000000000000000000000000000001111111111111111111111111111111111000000000000000000000000000000000000000
000000000000000000000000000000000000000000000001111111111111111111111111111111111000000000000000000000000000000000000000
000000000000000000000000000000000000000000000011111111111111111111111111111111111000000000000000000000000000000000000000
000000000000000000000000000000000000000000001111111111111111111111111111001111100000000000000000000000000000000000000000
000000000000000000000000000000000000000000000010111111111111111111111111001111110000000000000000000000000000000000000000
000000000000000000000000000000000000000000000001111111111111111111111111011111110000000000000000000000000000000000000000
000000000000000000000000000000000000000000000000001111111111111111111000011111111000000000000000000000000000000000000000
000000000000000000000000000000000000000000000000000111111111111111110000011111111000000000000000000000000000000000000000
000000000000000000000000000000000000000000000000000010001111111001000000001111111000000000000000000000000000000000000000
000000000000001000000000000000000000000000000000000000111111111111000000000111110000000000000000000000011100000000000000
000000000000111111110000000000000000000000000000000111111111111111111100000011100000000000000000001111111111000000000000
000000000111100000111111100000000000000000000000011111111111111111111111000000000000000000000111111100000011110000000000
000000111111100000011110011110000000000000000001111111111111111111111111100000000000000001111000011110000011111110000000
000111111111110001111110000001111111111111111111111111111111111111111111111111111111111111100000111111000111111111111000
111110000111110000111110000011110000001111000111111111111111111111111111100001111100000111110000011111000011111100111111
011110000111100000111100000111111000001111110111111111111111111111111111110011111100000111111000000111100000111100111111
111111000011000000011000000011111000000111110111111111111111111111111111100011111000000111110000000011100000011110111111
011111000010000000000000000001110000000011110111111111111111111111111111110011110000000011110000000001100000000110001111
011110000000000000000000000000100000000000111111111111111111111111111111110111100000000001110000000000000000000000000001
001000000000000000000000000000000000000000001111111111111111111111111111111110000000000000100000000000000000000000000000
000000000000000000000000000000000000000000111111101111111111111111111111111000000000000000000000000000000000000000000000
000000000000000000000000000000000000000111111111001111111111111111111111111100000000000000000000000000000000000000000000
000000000000000000000000000000000000011111111100001111111111111111111101111100000000000000000000000000000000000000000000
000000000000000000000000000000000011111111000000001111111111111111111101111110000000000000000000000000000000000000000000
000000000000000000000000011111111111111000000000001111111111111111111110111110000000000000000000000000000000000000000000
000000000000000000000000011111111111000000000000011111111111111111111111111111000000000000000000000000000000000000000000
000000000000000000111111111111000000000000000000111111111111111111111111111111000000000000000000000000000000000000000000
000000000000000000000000000000000000000000000001111111111111111111111111101111100000000000000000000000000000000000000000
000000000000000000000000000000000000000000000011111111111111111111111111110111100000000000000000000000000000000000000000
000000000000000000000000000000000000000000000011111111111111111111111111111111110000000000000000000000000000000000000000
000000000000000000000000000000000000000000000111111111111111111111111111111111110000000000000000000000000000000000000000
000000000000000000000000000000000000000000001111111111111111111111111111111111110000000000000000000000000000000000000000
