111111111111111111111111111111111111111111111111111111111111111111111111111111111111111111111111111111111111111111111111
111111111111111111111111111111111111111111111111111111111111111111111111111111111111111111111111111111111111111111111111
111111111111111111111111111111111111111111111111111111111111111111111111111111111111111111111111111111111111111111111111
111111111111111111111111111111111111111111111111111111111111111111111111111111111111111111111111111111110111111111111111
111111111111111111111111111111111111111111111111111111111111111111111111111111111111111111111111111100011111111111111111
111111111111111111111111111111111111111111111111111111111111111111111111111111111111111111111111100001111111111111111111
111111111111111111111111111100000000000011111111111111111111111111111111111111111111111111111100000111111111111111111111
111111111111111111111111100000000000000000011111111111111111111111111111111111111111111111100000000011111111111111111111
111111111111111111111110000000000000000000001111111111111111111111111111111111111111111100000000000011111111111111111111
111111111111111111111100000000000000000000000011111111111111111111111111111111111111000000000000000011111111111111111111
111111111111111111111000000000000000000000000001111111111111111111111111111001111000000000111111111111111111111111111111
111111111111111111111000000000000000000000000000000000011111111000000000000000000000000011111111111111111111111111111111
111111111111111111111000000000000000000000000000000000000111100000000000000000000000011111111111111111111111111111111111
111111111111111111111000000000000000000000000000000000000011000000000000000000000000110000000011111111111111111111111111
111111111111111111111100000000000000000000000000000000000011000000000000000000000000000000000011111111111111111111111111
111111111111111111111110000000000000000000000000000000000000000000000000000000000000000000000011111111111111111111111111
111111111111111111111111110000000000000000000000000000000000000000000000000000000000000000000111111111111111111111111111
111111111111111111111111111111000001000000000000000000000000000000000000000000000000000000001111111111111111111111111111
111111111111111111111111111111111110000000000000000000011000000000000000000000000000000000011111111111111111111111111111
111111111111111111111111111111111000000000111000000111111100000000000000000000000000000001111111111111111111111111111111
111111111111111111111111111111110000000000111111111111111110000000000000000000000000110111111111111111111111111111111111
111111111111111111111111111111101110000000111111111111111100000000000000000000000001111111111111111111111111111111111111
111111111111111111111111111111111110000000011111111111111000000000000000000000000001111111111111111111111111111111111111
111111111111111111111111111111111111000000111111111111111000000000000000000000000011111111111111111111111111111111111111
111111111111111111111111111111111111000000011111111111000000000000000000000000000111111111111111111111111111111111111111
111111111111111111111111111111111111000000011000000000000000000000000000000000000111111111111111111111111111111111111111
111111111111111111111111111111111111000000000000000000000000000000000000000000000111111111111111111111111111111111111111
111111111111111111111111111111111111100000000000000000000000000000000000000000001111111111111111111111111111111111111111
111111111111111111111111111111111111100000000011110000000000000000000000000000001111111111111111111111111111111111111111
111111111111111111111111111111111111110011111111100000000000000000000000000000000111111111111111111111111111111111111111
111111111111111111111111111111111111110011111111100000000000000000000000000000000001111111111111111111111111111111111111
111111111111111111111111111111111111101101111111100000000000000000000000000000000000001111111111111111111111111111111111
111111111111111111111111111111111111100001111111100000000000000000001000000000000000000111111111111111111111111111111111
111111111111111111111111111111111111110111111111100000000000000000001000000000000000000001111111111111111111111111111111
111111111111111111111111111111111111100011111111100000000000000000011100000001001000000000111111111111111111111111111111
111111111111111111111111111111111111101111111111100000000000000000011100000001010000000000111111111111111111111111111111
111111111111111111111111111111111111100011111111100000000000000000011100000001000000000001111111111111111111111111111111
111111111111111111111111111111111111110111111111100000000000000000001100000000000000000111111111111111111111111111111111
111111111111111111111111111111111111100011111111100000000000000000000100000000000000011111111111111111111111111111111111
111111111111111111111111111111111111111011111111000000000000000000000000000000000001111111111111111111111111111111111111
