000000000000000000000000000000000000000000000000000000000000000000000000000000000000000000000000000000000000000000000000
000000000000000000000000000000000000000000000000000000000000000000000000000000000000000000000000000000000000000000000000
000000000000000000000000000000000000000000000000000000000000000000000000000000000000000000000000000000000000000000000000
000000000000000000000000000000000000000000000000000000000000000000000000000000000000000000000000000000000000000000000000
000000000000000000000000000000000000000000000000001111111111111111111000000000000000000000000000000000000000000000000000
000000000000000000000000000000000000000000000000111111111111111111111110000000000000000000000000000000000000000000000000
000000000000000000000000000000000000000000000001111111111111111111111111111111000000000000000000000000000000000000000000
000000000000000000000000000000000000000000000001111111111111111111111111111111110000000000000000000000000000000000000000
000000000000000000000000000000000000000000000001111111111111111111111111111111110000000000000000000000000000000000000000
000000000000000000000000000000000000000000000001111111111111111111111111111111111000000000000000000000000000000000000000
000000000000000000000000000000000000000000000011111111111111111111111111111111110000000000000000000000000000000000000000
000000000000000000000000000000000000000000011111111111111111111111111111011111100000000000000000000000000000000000000000
000000000000000000000000000000000000000000000000111111111111111111111110011111110000000000000000000000000000000000000000
000000000000000000000000000000000000000000000001111111111111111111111111011111110000000000000000000000000000000000000000
000000000000000000000000000000000000000000000000001111111111111111111000011111111000000000000000000000000000000000000000
000000000000000000000000000000000000000000000000000111111111111111110000011111111000000000000000000000000000000000000000
000000000000000000000000000000000000000000000000000010001111111001000000001111111000000000000000000000000000000000000000
000000000000000000000000000000000000000000000000000000111111111111000000000111110000000000000000000000111100000000000000
000000000000111111110000000000000000000000000000001111111111111111111100000011100000000000000000011111101111000000000000
000000000111100000111111100000000000000000000000011111111111111111111111000000000000000000000111111100000011111000000000
000000011111100000011110011110000000000000000001111111111111111111111111100000000000000001111000111110000111111111000000
000111111111110000111111000001111111111111111111111111111111111111111111111111111111111111100000111111000111111111111000
111111000111111000111110000011111000001111000111111111111111111111111111100001111000000111110000011111000011111000111111
011110000011110000011100000011111000001111110111111111111111111111111111110011111100001111110000001111000001111100111111
011111100011100000011000000011111000000111110111111111111111111111111111100111111000000111110000000111000000011100111111
011111000001000000000000000001111000000001111111111111111111111111111111110111100000000111100000000011000000001100001111
001110000000000000000000000000110000000000011111111111111111111111111111111110000000000011100000000000000000000000000011
000100000000000000000000000000000000000000001111111111111111111111111111111100000000000001000000000000000000000000000000
000000000000000000000000000000000000000000111111101111111111111111111111111000000000000000000000000000000000000000000000
000000000000000000000000000000000000000111111111001111111111111111111111111100000000000000000000000000000000000000000000
000000000000000000000000000000000000011111111100001111111111111111111101111100000000000000000000000000000000000000000000
000000000000000000000000000000000011111111000000001111111111111111111101111110000000000000000000000000000000000000000000
000000000000000000000000011111111111111000000000001111111111111111111110111110000000000000000000000000000000000000000000
000000000000000000000000011111111110000000000000011111111111111111111111111111000000000000000000000000000000000000000000
000000000000000000111111111111000000000000000000111111111111111111111111111111000000000000000000000000000000000000000000
000000000000000000000000000000000000000000000001111111111111111111111111101111100000000000000000000000000000000000000000
000000000000000000000000000000000000000000000011111111111111111111111111110111100000000000000000000000000000000000000000
000000000000000000000000000000000000000000000011111111111111111111111111111111110000000000000000000000000000000000000000
000000000000000000000000000000000000000000000111111111111111111111111111111111110000000000000000000000000000000000000000
000000000000000000000000000000000000000000001111111111111111111111111111111111110000000000000000000000000000000000000000
