111111111111111111111111111111111111111111111111111111111111111111111111111111111111111111111111111111111111111111111111
111111111111111111111111111111111111111111111111111111111111111111111100111111111111111111111111111111111111111111111111
111111111111111111111111111111111111111111111111111111111111111111100000000011111111111111111111111111111111111111111111
111111111111111111111111111111111111111111111111111111111111111111110000000000000001111111111111111111111111111111111111
111111111111111111111111111111111111111111111111111111111111111111110000001111000001111111111111111111111111111111111111
111111111111111111111111111111111111111111111111111111111111111111110000000000111011111111111111111111111111111111111111
111111111111111111111111111111111111111111111111111111111111111111000000000000000001111111111111111111111111111111111111
111111111111111111111111111111111111111111111111111111111111111100000000000000000000001011111111111111111111111111111111
111111111111111111111111111111111111111111111111111111111011000000000000000000000000000001111111111111111111111111111111
111111111111111111111111111111111111111111111111111111111000000000000000000000000000000011111111111111111111111111111111
111111111111111111111111111111111111111111111111111111110000000000000000000000000000000111111111111111111111111111111111
111111111111111111111111111111111111111111111111111111111110000000000000000000000000001111111111111111111111111111111111
111111111111111111111111111111111111111111111111111111111111100000000000000000000000000111111111111111111111111111111111
111111111111111111111111111111111111111111111111111111111111100000000000000000000000000001111111111111111111111111111111
111111111111111111111111111111111111111111111111111111111111100000000000000000000000000001111111111111111111111111111111
111111111111111111111111111111111111111111111111111111111111100000000000000000000000000000111111111111111111111111111111
111111111111111111111111111111111111111111111111111111111111100000000000000000000000000000111111111111111111111111111111
111111111111111111111100001111111111111111111111111111111111100000000000000000000000000000111111111111111111111111111111
111111111111111111111110001110000111111111111111111111111111100000000000000000000000000000111111111111111111111111111111
111111111111111111111110000000000000111111111111111111111111100000000000000000000000000001111111111111111111111111111111
111111111111111111111111100000000000000001111111111111111111111000000000000000000000001111111111111111111111111111111111
111111111111111111111111111000000000000000111111111111111111111111100000000000000000111111111111111111111111111111111111
111111111111111111111111111111111000000000011111111111111111111000000000000000000000000001111111111111111111111111111111
111111111111111111111111111111110000000000011111111111111000000000000000000000000000000000000111111111111111111111111111
111111111111111111111111111111111000000000011111111100000000000000000000000000000000000000000001111111111111111111111111
111111111111111111111111111111111100000000001111100000000000000000000000000000000000000000000001111111111111111111111111
111111111111111111111111111111111110000000001000000000000000000000000000000000000000000000000011111111111111111111111111
111111111111111111111111111111111111000000000000000000000000000000000000000000000000000000000011111111111111111111111111
111111111111111111111111111111111111000000000000000000000000000000000000000000000000000000000001111111111111111111111111
111111111111111111111111111111111111100000000000000011111111100000000000000000000000000000000011111111111111111111111111
111111111111111111111111111111111111110000000011111111111111100000000000000000000000000000000111111111111111111111111111
111111111111111111111111111111111111111111111111111111111111100000000000000000000000000000000111111111111111111111111111
111111111111111111111111111111111111111111111111111111111111100000000000000000000000000000000011111111111111111111111111
000000000000000000011111111111111111111111111111111111111111110000000000000000000000000000000011111111111111111111111111
000000000000000000011111111111111111111111111111111111111111110000000000000000000000000000000011111111111111111111111111
000000000000000000000000001111111111111111111111111111111111111000000000000000000000000000000011111111111111111111111111
000000000000000000000000000000000011111111111111111111111111111100000000000000000000000000000011111111111111111111111111
000000000000000000000000000000000000000001111111111111111111100000000000000000000000000000000111111111111111111111111111
000000000000000000000000000000000000000000000000000000000000000000000000000000000000000000001111111111111111111111111111
000000000000000000000000000000000000000000000000000000000000000000000000000000000000000111111111111111111111111111111111
