000000000000000000000000000000000000000000000000000000000000111111111111111111111111111111111111111111111111111111111111
000000000000000000000000000000000000000000000000000000000000111111111111111111111111111111111111111111111111111111111111
000000000000000000000000000000000000000000000000000000000000111111111111111111111111111111111111111111111111111111111111
000000000000000000000000000000000000000000000000000000000000111111111111111111111111111111111111111111111111111111111111
000000000000000000000000000000000000000000000000000000000000111111111111111111111111111111111111111111111111111111111111
000000000000000000000000000000000000000000000000000000000000111111111111111111111111111111111111111111111111111111111111
000000000000000000000000000000000000000000000000000000000000111111111111111111111111111111111111111111111111111111111111
000000000000000000000000000000000000000000000000000000000000111111111111111111111111111111111111111111111111111111111111
000000000000000000000000000000000000000000000000000000000000111111111111111111111111111111111111111111111111111111111111
000000000000000000000000000000000000000000000000000000000000111111111111111111111111111111111111111111111111111111111111
000000000000000000000000000000000000000000000000000000000000111111111111111111111111111111111111111111111111111111111111
000000000000000000000000000000000000000000000000000000000000111111111111111111111111111111111111111111111111111111111111
000000000000000000000000000000000000000000000000000001100111000000000001111011111111111111111111111111111111111111111111
000000000000000000000000000000000000000000000000000001111111000000000000000011111111111111111111111111111111111111111111
000000000000000000000000000000000000000000000000000001111111000000000000000011111111111111111111111111111111111111111111
000000000000000000000000000000000000000000000000000001111111000000000000000111111111111111111111111111111111111111111111
000000000000000000000000000000000000000000000000000011111111000000000000000001111111111111111111111111111111111111111111
000000000000000000000000000000000000000000000000000111111111000000000000000000111111111111111111111111111111111111111111
000000000000000000000000000000000000000000000000001000111111000000000000000110011111111111111111111111111111111111111111
000000000000000000000000000000000000000000000000000100101111000000000000000111011111111111111111111111111111111111111111
000000000000000000000000000000000000000000000000000001110111000000000000111001111111111111111111111111111111111111111111
000000000000000000000000000000000000000000000000000000011110100000001000001111111111111111111111111111111111111111111111
000000000000000000000000000000000000000000000000000000111111000000000001111111111111111111111111111111111111111111111111
000000000000000000000000000000000000000000000000000011111111000000000000001111111111111111111111111111111111111111111111
000000000000000000000000000000000000000000000000001111111111000000000000001111111111111111111111111111111111111111111111
000000000000000000000000000000000000000000000000011111111111000000000000001111111111111111111111111111111111111111111111
000000000000000000000000000000000000000000000001111111111111000000000000000111111111111111111111111111111111111111111111
000000000000000000000000000000000000000000000001001111111111000000000000000011111111111111111111111111111111111111111111
000000000000000000000000000000000000000000000000001111111111000000000000000111111111111111111111111111111111111111111111
000000000000000000000000000000000000000000000000011111111111000000000000000111100000011111111111111111111111111111111111
000000000000000000000000000000000000000000000000011111111111000000000000001010000000011111111111111111111111111111111111
000000000000000000000000000000000000000000000000011111111111000000000000001000000000011111111111111111111111111111111111
000000000000000000000000000000000000000000000000011111111111000000000000000000000011111111111111111111111111111111111111
000000000000000000000000000000000000000000000000010011111111000000000000000000111111111111111111111111111111111111111111
000000000000000000000000000000000000000000000000011111111111000000000000000111111111111111111111111111111111111111111111
000000000000000000000000000000000000000000000000011111111111000000000000001111111111111111111111111111111111111111111111
000000000000000000000000000000000000000000000000011111111111000000000000011111111111111111111111111111111111111111111111
000000000000000000000000000000000000000000000000111111111111000000000000011111111111111111111111111111111111111111111111
000000000000000000000000000000000000000000000001111111111111000000000000001111111111111111111111111111111111111111111111
000000000000000000000000000000000000000000000001111111111111000000000000000111111111111111111111111111111111111111111111
