000000000000000000000000000000000000000000000000000000000000000000000000000000000000000000000000000000000000000000000000
000000000000000000000000000000000000000000000000000000000000000000000000000000000000000000000000000000000000000000000000
000000000000000000000000000000000000000000000000000000000000111111000000000000000000000000000000000000000000000000000000
000000000000000000000000000000000000000000000000000000011111111111111111110000000000000000000000000000000000000000000000
000000000000000000000000000000000000000000000000000111111111111111111111111100000000000000000000000000000000000000000000
000000000000000000000000000000000000000000000000011111111111111111111111111110000000000000000000000000000000000000000000
000000000000000000000000000000000000000000000000011111111111111111111111111111000000000000000000000000000000000000000000
000000000000000000000000000000000000000000000000111111111111111111111111111111100000000000000000000000000000000000000000
000000000000000000000000000000000000000000000000011111111111111111111111111111110000000000000000000000000000000000000000
000000000000000000000000000000000000000000000000111111111111111111111111111111100000000000000000000000000000000000000000
000000000000000000000000000000000000000000000011111111111111111111111111111111110000000000000000000000000000000000000000
000000000000000000000000000000000000000000001111111111111111111111111111111111111100000000000000000000000000000000000000
000000000000000000000000000000000000000000011100111111111111111111111111111111100000000000000000000000000000000000000000
000000000000000000000000000000000000000000000000001111111111111111111111111111000000000000000000000000000000000000000000
000000000000000000000000000000000000000000000000000000011111111111111111111110000000000000000000000000000000000000000000
000000000000000000000001000000000000000000000000000000011111111111111111110000000000000000000000000000000000000000000000
000000000000000000001111110000000000000000000000000000010111111111111110000000000000000000000000000000000000000000000100
000000000000000000111000111111000000000000000000000000000000011111111111000000000000000000000000000000000000000001111111
000000000000000111110000001111111000000000000000000000000011111111111111111100000000000000000000000000000000011111111000
000000000000111111110000000111111111000000000000000000001111111111111111111110000000000000000000000000000111111111000000
000000000111111111111000001111110011110000000000000000011111111111111111111111000000000000000000000000111110011111100001
000001111111001111111100011111111000011110000000000000111111111111111111111111100000001111110000111111111000111111110011
111111111110001111111100011111111000001111111100000001111111111111111111111111111111111111111111000111110000011111110011
111001111110001111111000011111110000001111100111111111111111111111111111111111111111000001111100000111111000011111100001
110011111111000111110000001111100000111111100000111110111111111111111111111111111111100001111111000111111100001111100000
110011111110000111110000001111100000111111100001111110111111111111111111111111111111100001111111000111111100000111100000
110011111100000011100000000111000000111111100011111111111111111111111111111111111111100000111110000011111000000111000000
100011111000000011000000000111000000111111000001111110011111111111111111110111111111100000111110000001111000000000000000
000011110000000001000000000010000000111110000001111110011111111111111111110011111111000000011110000001111000000000000000
000011100000000000000000000000000000011110000001111100011111111111111111110001111111000000001100000000110000000000000000
000011000000000000000000000000000000011100000001111000011111111111111111111000111111100000001100000000000000000000000000
000000000000000000000000000000000000011000000001110000011111111111111111111000111111100000000000000000000000000000000000
000000000000000000000000000000000000000000000000100000011111111111111111111100111111100000000000000000000000000000000000
000000000000000000000000000000000000000000000000000001111111111111111111111110111111100000000000000000000000000000000000
000000000000000000000000000000000000000000000000000111111111111111111111111111111111100000000000000000000000000000000000
000000000000000000000000000000000000000000000000011111111111111111111111111111111111000000000000000000000000000000000000
000000000000000000000000000000000000000000000000111111111111111111111111111111111111000000000000000000000000000000000000
000000000000000000000000000000000000000000000011111111111111111111111111111111111111000000000000000000000000000000000000
000000000000000000000000000000000000000000000111111111111111111111111111111111111111100000000000000000000000000000000000
000000000000000000000000000000000000000000001111111111111111111111111111111111111111110000000000000000000000000000000000
