111111111111111111111111111111111111111111111111111111111111111111111111111111111111111111111111111111111111111111111111
111111111111111111111111111111111111111111111111111111111111111111111111111111111111111111111111111111111111111111111111
111111111111111111111111111111111111111111111111111111111111111111111111111111111111111111111111111111111111111111111111
111111111111111111111111111111111111111111111111111111111111111111111111111111111111111111111111111111111111111111111111
111111111111111111111111111111111111111111111111111111111111111111111111111111111111111111111111111111111111111111111111
111111111111111111111111111111111111111111111111111111111111111111111111111111111111111111111111111111111111111111111111
111111111111111111111111111111111111111111111111111111111111111111111111111111111111111111111111111111101111111111111111
111111111111111111111111111111111111111111111111111111111111111111100011111111111111111111111111111111000001111111111111
111111111111111111111111111100111111111111111111111111111111111100000000111111111111111111111111111110000000011111101111
111111111111111111111111111000011111111111111111111111111111111110000000011111111111111111111111111100000000001111011111
111111111111111111111110000000000111111111111111111111111111111100000000111111111111111111111111111110000000001111111111
111111111111111111111111000000000111111111111111111111111111111000000001111111111111111111111111111110000000011101111111
111111111111111111111111000000000011111111111111111111111111111000000000011111111111111111111111111110000000000000000000
111111111111111111111111110000000011111111111111111111111111111000000000000011111111111111111111111100000000000000000000
111111111111111111111111111000000111111111111111111111111111111100000000000000000111111111111111111100000000000111111111
111111111111111111111111100000000011111111111111111111111111111100000001111000001111111111111111111110000000000111111111
111111111111111111111111100000000001111111111111111111111111111100000011111111111111111111111111111111100000000111111111
110000000000001111110000000000000001111111111111111111111111111000000001111111111111111111111111111111100000001111111111
110000000000000000000011111000000001111111111111111111111111111000000000111111111111111111111111111110000000001111111111
111111000000000000000000000000000001111111111111111111111111110000000000011111111111111111111111111100000000001111111111
111111111110000000000000000000000000011111111111111111111111110000000000001111111111111111111111110000000000000111111111
111111111111111100000000000000000000001111111111111111111111100000000000000111111111111111111111100000000000000111111111
111111111111111111110000000000000000000011111111111111111111000000000000000111111111111111111110000000000000000111111111
111111111111111111111111111000000000000000111111111111111111100000000000011111111111111111111111000000000000000011111111
111111111111111111111111110000000000000000111111111111111111111100011001111111111111111111111111110000000000001111111111
111111111111111111111111110000000000011111111111111111111111111000111001111111111111111111111111100011110001111111111111
111111111111111111111111100000001111111111111111111111111111111001111001111111111111111111111110000111110001111111111111
111111111111111111111111110000000111111111111111111111111111110000000000001111111111111111111110011111110001111111111111
111111111111111111111111111111000001111111111111111111111111110000000000000111111111111111111100111111100011111111111111
111111111111111111111111111111110000111111111111111111111111111100000000111111111111111111111001111111100111111111111111
111111111111111111111111111111000000011111111111111111111111111100000000000011111111111111110001111111000111111111111111
111111111111111111111111111110000000000011111111111111111111111111000000000011111111111111111000000000000000000111111111
111111100000000011111111100000000000000000011111111111111111111111111111111111111111111111111111110000000000000111111111
111100000000000000000111111000000000000001111111111111111111111111111111111111111111111111111111111100000000000111111111
111111100000000000000001111000000000111111111111111111111111111111111111111111111111111111111111111100000000000000111111
111111111100000000000000000000000000111111111111111111111111111111111111111111111111111111111111111100011110000000000011
111111111111000000000000000000111111111111111111111111111111111111111111111111111111111111111111111111100111111111000000
111111111111111000000000000000001111111111111111111111111111111111111111111111111111111111111111111111111110001111111111
111111111111111111000000000000000001111111111111111111111111111111111111111111111111111111111111111111111111111111111111
111111111111111111110000000000000011111111111111111111111111111111111111111111111111111111111111111111111111111111111111
