111111111111111111111111111111111111111111111111111111111111111111111111111111111111111111111111111111111111111111111111
111111111111111111111111111111111111111111111111111111111111111111111111111111111111111111111111111111111111111111111111
111111111111111111111111111111111111111111111111111111111111111111111111111111111111111111111111111111111111111111111111
111111111111111111111111111111111111111111111111111111111111111111111111111111111111111111111111111111111111111111111111
111111111111111111111111111111111111111111111111111111111111111111111111111111111111111111111111111111111111111111111111
111111111111111111111111111111111111111111111111111111111111111111111111111111111111111111111111111111111111111111111111
111111111111111111111111111111111111111111111111111111111100011111111111111111111111111111111111111111111111111111111111
111111111111111111111111111111111111111111111111111111111100011111111111111111111111111111111111111111111111111111111111
111111111111111111111111111111111111111111111111111111111100111111111111111111111111111111111111111111111111111111111111
111111111111111111111111111111111111111111111111111111111100111111111111111111111111111111111111111111111111111111111111
111111111111111111111111111111111111111111111111111111111100111111111111111111111111111111111111111111111111111111111111
111111111111111111111111111111111111111111111111111111111100111111111110000001111111111111111111111111111111111111111111
111111111111111111111111111111111111111111111111111111111100111111100000000000011111111111111111111111111111111111111111
111111111111111111111111111111111111111111111111111111111000111111000000000000000111111111111111111111111111111111111111
111111111111111111111111111111111111111111111111111111111000111111000000000000000111111111111111111111111111111111111111
111111111111111111111111111111111111111111111111111111110000001111000000000000000111111111111111111111111111111111111111
111111111111111111111111111111111111111111111111111111111000000011110000000000000111111111111111111111111111111111111111
111111111111111111111111111111111111111111111111111111111001000000011000000000000011111111111111111111111111111111111111
111111111111111111111111111111111111111111111111111111111000000000000000000000000011111111111111111111111111111111111111
111111111111111111111111111111111111111111111111111111111000000000000000000000000011111111111111111111111111111111111111
111111111111111111111111111111111111111111111111111111110000000000000000000000000011111111111111111111111111111111111111
111111111111111111111111111111111111111111111111111111110000000000000000000000000111111111111111111111111111111111111111
111111111111111111111111111111111111111111111111111111110000000011000000000000000111111111111111111111111111111111111111
111111111111111111111111111111111111111111111111111111110011111111100000000000000111111111111111111111111111111111111111
111111111111111111111111111111111111111111111111111111100011111111110000000000001111111111111111111111111111111111111111
111111111111111111111111111111111111111111111111111111100000000000000000000000001111111111111111111111111111111111111111
111111111111111111111111111111111111111111111111111111100000000000000000000000001111111111111111111111111111111111111111
111111111111111111111111111111111111111111111111111111100110000000000000000000001111111111111111111111111111111111111111
111111111111111111111111111111111111111111111111111111100110000000000000000000000111111111111111111111111111111111111111
111111111111111111111111111111111111111111111111111111100110000000000000000000000111111111111111111111111111111111111111
111111111111111111111111111111111111111111111111111111100111000000000000000000000111111111111111111111111111111111111111
111111111111111111111111111111111111111111111111111111100111100000000000000000000111111111111111111111111111111111111111
111111111111111111111111111111111111111111111111111111000111110110000000000000000111111111111111111111111111111111111111
111111111111111111111111111111111111111111111111111111000111111110000000000000000111111111111111111111111111111111111111
111111111111111111111111111111111111111111111111111111001111111100000000000000000111111111111111111111111111111111111111
111111111111111111111111111111111111111111111111111111000111111100000000000000000011111111111111111111111111111111111111
111111111111111111111111111111111111111111111111111110000111111000000000000000000011111111111111111111111111111111111111
111111111111111111111111111111111111111111111111111110000111111000000000000000000011111111111111111111111111111111111111
111111111111111111111111111111111111111111111111111100000111110000000000000000000011111111111111111111111111111111111111
111111111111111111111111111111111111111111111111111100000111110000000000000000000111111111111111111111111111111111111111
