111111111111111111111111111111111111111111111111111111111111111111111111111111111111111111111111111111111111111111111111
111111111111111111111111111111111111111111111111111111111111111111111111111111111111111111111111111111111111111111111111
111111111111111111111111111111111111111111111111111111111111111111111111111111111111111111111111111111111111111111111111
111111111111111111100011111111111111111111111111111111111111111111111111111111111111111111111111111111111111111111111111
111111111111111111000000001111111111111111111111111111111111111111111111111111111111111111111111111111111111111111111111
111111111111111110000000000111111111111111111111111111111111111111111111111111111111111111111111111111111111111111111111
111111111111111000000000001111111111111111111111111111111111111111111111111111111111111111111111111111111111111111111111
111111111000000000000000001111111111111111111111111111111111111111111111111111111111111111111111111111111111000111111111
111100000000000000000000000011111111111111111111111111111111111111111111111111111111111111111111111111111110000111111111
111110000000000000000000000000111111111111111111111111111111111111111111111111111111111111111111111111111100000011111111
111111000000000000000000000000000111111111111111111111111111111111111111111111111111111111111111111111100000000000111111
111111000000000000000000000000001111111111111111111111111111111111111111111111111111111111111111111100000000000000001111
111111000000000000000000000000011111111111111111111111111111111111111111111111111111111111111111110000000000000000000000
111110000000000000000000000000001111111111111111111111111111111111111111111111111111111111111111111000000000000000000011
111111000000000000000000000000001111111111111111111111111111111111111111111111111111111111111111110000000000000000000011
111111110000000000000000000000000111111111111111111111111111111111111111111111111111111111111111110000000000000000000011
111111111000000000000000000000000111111111111111111111111111111111111111111111111111111111111111100000000000000000001111
111111111100000000000000000000000111111111111111111111111111111111111111111111111111111111111111000000000000000001111111
111111111100000000000000000000001111111111111111111111111111111111111111111111111111111111111111100000000000000001111111
111111111111110000000000000000011111111111111111111111111111111111111111111111111111111111111111100000000000000110011111
111111111111100000000000000001111111111111111111111111111111111111111111111111111111111111111111000000000000000000000000
111111111100000000000000000000011111111111111111111111111111111111111111111111111111111111111000000000000000000000000110
111111110000000000000000000000000111111111111111111111111111111111111111111111111111111111111110000000000000000000000000
111111100000000000000000000000000011111111111111111111111111111111111111111111111111111111111111000000000000000000000000
111111100000000000000000000000000111111111111111111111111111111111111111111111111111111111111111100000000000000000000000
111111100000000000000000000000000111111111111111111111111111111111111111111111111111111111111111100000000000000000000000
111111100000000000000000000000000111111111111111111111111111111111111111111111111111111111111111000000000000000000000000
111111100000000000000000000000000111111111111111111111111111111111111111111111111111111111111111000000000000000000011110
110000000000000000000000000000000011111111111111111111111111111111111111111111111111111111111100000000000000000111111111
000000000000000000000000000000000011111111111111111111111111111111111111111111111111111111111100000000000000001111111111
000000000000000000000000000000000011111111111111111111111111111111111111111111111111111111111110000000000000001111111111
001111100000000000000000000000000011111111111111111111111111111111111111111111111111111111111100000000000000000111111111
000000000000000000000000000000000011111111111111111111111111111111111111111111111111111111111000000000000000000011111111
000000000000000000000000000000001111111111111111111111111111111111111111111111111111111111111000000000000000000001111111
000000000000000000000000000000000111111111111111111111111111111111111111111111111111111111110000000000000000000000111111
000000000000000000000000000000000000111111111111111111111111111111111111111111111111111111110000000000000000000000111111
000000000000000000000000000000000000011111111111111111111111111111111111111111111111111111110000000000000000000000011111
000000000000000000000000000000000000001111111111111111111111111111111111111111111111111111100000000000000000000000011111
000000000000000000000000000000000000000111111111111111111111111111111111111111111111111111000000000000000000000000001111
000000000000000000000000000000000000000011111111111111111111111111111111111111111111111111000000000000000000000000001111
