111111111111111111111111111111111111111111111111111111111111111111111111111111111111111111111111111111111111111111111111
111111111111111111111111111111111111111111111111111111111111111111111111111111111111111111111111111111111111111111111111
111111111111111111111111111111111111111111111111111111111111111111111111111111111111111111111111111111111111111111111111
111111111111111111111111111111111111111111111111111111111111111111111111111111111111111111111111111111111111111111111111
111111111111111111111111111111111111111111111111111111111111111111111111111111111111111111111111111111111111111111111111
111111111111111111111111111111111111111111111111111111111111111111111111111111111111111111111111111111111111111111111111
111111111111111111111111111111111111111111111111111111111111111111111111111111111111111111111111111111111111111111111111
111111111111111111111111111111111111111111111111111111111111111111111111111111111111111111111111111111111111111111111111
111111111111111111111111111111111111111111111111111111111111111111111111111111111111111111111111111111111111111111111111
111111111111111111111111111111111111111111111111111111111111111111111111111111111111111111111111111111111111111111111111
111111111111111111111111111111111111111111111111111111111111111111111111111111111111111111111111111111111111111111111111
111111111111111111111111111111111111111111111111111111111111111111111111111111111111111111111111111111111111111111111110
111111111111111111111111111111111111111111111111111111111111111111111111111111111111111111111111111111111111111111111111
111111111111111111111111111111111111111111111111111111111111111111111111111111111111111111111111111111111111111111111111
111111111111111111111111111111111111111111111111111111111111111111111111111111111111111111111111111111111111111111111111
001111111111111111111111111111111111111111111111111111111111111111111111111111111111111111111111111111111111111111111111
000000001111111111111111111111111111111111111111111111111111111111111111111111111111111111111111111111111111111111111111
000000000111111111111111111111111111111111111111111111111111111111111111111111111111111111111111111111111111111111111111
000000000111111111111111111111111111111111111111111111111111111111111111111111111111111111111111111111111111111111111111
000000000111111111111111111111111111111111110011111111111111111111111111111111111111111111111111111111111111111111111111
000000000011111111111111111111111111111111111001111111110000111111111111111111111111111111111111111111111111111111111111
000000000011111111111111111111111111111111111100111111000000001111111111111111111111111111111111111111111111111111111111
000000000000000000111111111111111111111111111110011111000000000111111111111111111111111111111111111111111111111111111111
000000000001111111111111111111111111111111111111000111100000000111111111111111111111111111111111111111111111111111111111
000000000011111111111111111111111111111111111111100000000000000111111111111111111111111111111111111111111111111111111111
000000000001111111111111111111111111111111111111100000000000000011111111111111111111111111111111111111111111111111111111
000000000000111111111111111111111111111111111111110000100000000011111111111111111111111111111111111111111111111111111110
000000000000111111111111111111111111111111111111111010000000000011111111111111111111111111111111111111111111111111111100
000000000000111111111111111111111111111111111111111111000000000001111111111111111111111111111111111111111111111111000000
000000000000111111111111111111111111111111111111111111000000000001111111111111111111111111111111111111111111110000000001
000000000000111111111111111111111111111111111111111111100000000001111111111111111111111111111111100000000000000000011111
000000001111111111111111111111111111111111111111111111000000000011111111111111111111111111111111000000000000000111111111
000000111111111111111111111111111111111111111111111111000000000011111111111111111111111111111111100000000001111111111111
000001111111111111111111111111111111111111111111111111000000000001111111111111111111111111111111111111111111111111111111
000001111111111111111111111111111111111111111111111111100000000001111111111111111111111111111111111111111111111111111111
111111111111111111111111111111111111111111111111111111000000000001111111111111111111111111111111111111111111111111111111
111111111111111111111111111111111111111111111111111110010000000000111111111111111111111111111111111111111111111111111111
111111111111111111111111111111111111111111111111111111110000000000011111111111111111111111111111111111111111111111111111
111111111111111111111111111111111111111111111111111111111000000000000111111111111111111111111111111111111111111111111111
111111111111111111111111111111111111111111111111111111111111111000000001111111111111111111111111111111111111111111111111
