000000000000000000000000000000000000000000000000000000000000000000000000000000000000000000000000000000000000000000000000
000000000000000000000000000000000000000000000000000000000000000000000000000000000000000000000000000000000000000000000000
000000000000000000000000000000000000000000000000000000000000000000000000000000000000000000000000000000000000000000000000
000000000000000000000000000000000000000000000000000000000000000000000000000000000000000000000000000000000000000000000000
000000000000000000000000000000000000000000000000000000000000000000000000000000000000000000000000000000000000000000000000
000000000000000000000000000000000000000000000000000000000000000000000000000000000000000000000000000000000000000000000000
000000000000000000000000000000000000000000000000000000000000000000000000000000000000000000000000000000000000000000000000
000000000000000000000000000000000000000000000000000000000000000000000000000000000001111111000000000000000000000000000000
000000000000000000000000000000000000000000000000000000000000000000000000000000000111111110010000000000000000000000000000
000000000000000000000000000000000000000000000000000000000000000000000000000111111111111110000000000000000000000000000000
000000000000000000000000000000000000000000000000000000000000000000000000001111111111111111111100000000000000000000000000
000000000000000000000000000000000000000000000000000000000000000000000000000000001111111111111110000000000000000000000000
000000000000000000000000000000000000000000000000000000000000000000000000000000011111111111111111000000000000000000000000
000000000000000000000000000000000000000000000000000000000000000000000000000000011111111111111111110000000000000000000000
000000000000000000000000000000000000000000000000000000000000000000000000000000000111111111000000000000000000000000000000
000000000000000000000000000000000000000000000000000000000000000000000000000000000111111111100111111000000000000000000000
000000000000000000000000000000000000000000000000000000000000000000000000000000000000111111111111110000000000000000000000
000000000000000000000000000000000000000000000000000000000000000000000000000000000001111111111111111111000000111111111111
000000000000000000000000000000000000000000000000000000000000000000000000000000000011111111111111111111111111111111111111
000000000000000000000000000000000000000000000000000000000000000000000000000000001111111111111111111111111111111111111111
000000000000000000000000000000000000000000000000000000000000011111111111111111111111111111111111111111111111111111111111
000000000000000000000000000000000000000000000000000000000000000011101111000000001111111111111111111111111111111111111111
000000000000000000000000000000000000000000000000000000000000000000000000110000001111000011111111000111111111111111111111
000000000000000000000000000000000000000000000000000000000000000000000000000000000000000001101111000000000000111111111111
000000000000000000000000000000000000000000000000000000000000000000000000000000000000000000100111000000000000000000011110
000000000000000000000000000000000000000000000000000000000000000000000000000000000000000000000000000000000000000000000000
000000000000000000000000000000000000000000000000000000000000000000000000000000000000000000000000000000000000000000000000
000000000000000000000000000000000000000000000000000000000000000000000000000000000000000000000000000000000000000000000000
000000000000000000000000000000000000000000000000000000000000000000000000000000000000000000000000000000000000000000000000
000000000000000000000000000000000000000000000000000000000000000000000000000000000000000000000000000000000000000000000000
000000000000000000000000000000000000000000000000000000000000000000000000000000000000000000000000000000000000000000000000
000000000000000000000000000000000000000000000000000000000000000000000000000000000000000000000000000000000000000000000000
000000000000000000000000000000000000000000000000000000000000000000000000000000000000000000000000000000000000000000000000
000000000000000000000000000000000000000000000000000000000000000000000000000000000000000000000000000000000000000000000000
000000000000000000000000000000000000000000000000000000000000000000000000000000000000000000000000000000000000000000000000
000000000000000000000000000000000000000000000000000000000000000000000000000000000000000000000000000000000000000000000000
000000000000000000000000000000000000000000000000000000000000000000000000000000000000000000000000000000000000000000000000
000000000000000000000000000000000000000000000000000000000000000000000000000000000000000000000000000000000000000000000000
000000000000000000000000000000000000000000000000000000000000000000000000000000000000000000000000000000000000000000000000
000000000000000000000000000000000000000000000000000000000000000000000000000000000000000000000000000000000000000000000000
