111111111111111111111111111111111111111111111111111111111111111111111111111111111100000111111111111111111111111111111111
111111111111111111111111111111111111111111111111111111111111111111111111111111111000000011111111111111111111111111111111
111111100011111111111111111111111111111111111111111111111111111111111111111111111100000001111111111111111111111111111111
111111100011111111111111111111111111111111111111111111111111111111111111111111111110000000111111111111111111111111111111
111111000111111111111111111111111111111111111111111111111111111111111111111111111111100000011111111111111111111111111111
000100000111111111111111111111111111111111111111111111111111111111111111111111111111111000000111111111111111111111111111
000000000011000000011111111111111111111111111111111111111111111111111111111111111111111110000001111111111111111111111111
000000000000000000000000011111111111111111111111111111111111111111111111111111111111111111100000001111111111111111111000
000000000000000000000000011111111111111111111111111111111111111111111111111111111111111111111100000000000000000000000000
000000000000000000000000111111111111111111111111111111111111111111111111111111111111111111111111000000000000000000000000
000000000000000000000000000111111111111111111111111111111111111111111111111111111111111111111111110000000000000000000000
000000000000000000000000000001111111111111111111111111111111111111111111111111111111111111111111111000000000000000000000
000000000000000000000000000000001111111111111111111111111111111111111111111111111111111111111111111000000000000000000000
000000000000000000000000000000111111111111111111111111111111111111111111111111111111111111111111111000000000000000000000
000000000000000000000000000111111111111111111111111111111111111111111111111111111111111111111111111000000000000000000000
000000000000000000000000000111111111111111111111111111111111111111111111111111111111111111111111111000000000000000000000
000000000000000000000000000011111111111111111111111111111111111111111111111111111111111111111111111000000000000000000000
000000000000000000000000000011111111111111111111111111111111111111111111111111111111111111111111110000000000000000000000
000000000000000000000000000011111111111111111111111111111111111111111111111111111111111111111111110000000000000000000000
000000000000000000000111111111111111111111111111111111111111111111111111111111111111111111111111100000000000000000000000
000000000000000000000111111111111111111111111111111111111111111111111111111111111111111111111111100000000000000000000000
000000000000000000001111111111111111111111111111111111111111111111111111111111111111111111111111000000000000000000000000
000000000000000000001111111111111111111111111111111111111111111111111111111111111111111111111110000000000000000000000000
000000001100000000011111111111111111111111111111111111111111111111111111111111111111111111111100000000000000000000000000
000000111111110000011111111111111111111111111111111111111111111111111111111111111111111111111100000000000000000000000000
000001111111111111111111111111111111111111111111111111111111111111111111111111111111111111111111000000000000000000000000
000111111111111111111111111111111111111111111111111111111111111111111111111111111111111111111111111111111000000000001111
011111111111111111111111111111111111111111111111111111111111111111111111111111111111111111111111111111111111111111111111
111111111111111111111111111111111111111111111111111111111111111111111111111111111111111111111111111111111111111111111111
111111111111111111111111111111111111111111111111111111111111111111111111111111111111111111111111111100011111111111111111
111111110001111111111111111111111111111111111111111111111111111111111111111111111111111111111111111000000011111111111111
111111110000011111111111111111111111111111111111111111111111111111111111111111111111111111111111100000000000011111001111
111111100000000111111111111111000000001111111110111111111111111111111111111111111111100000000000000000000000001100000011
111111100000000011111111100000000000001111111110011111111111111111111111111111111111100000000000000000000000000000000001
111111100000000001111100000000000000011111111111011111111111111111111111111111111111110000000000000000000000000000000000
111111100000000000111000000000000000011111111111011111111111111111111111111111111111000000000000000000000000000000000000
111111100000000000110000000000000000111111111111101111100000011111111111111111100000000000000000000000000000000000000000
111111110000000000100000000000000001111111111111000111000000001111111111110000000000000000000000000000000000000000000000
001111111000000000000000000000000011111111111111000000000000001111111111000000000000000000000000000000000000000000000000
000000000000000000000000000000000111111111111110000000000000001111111111100000000000000000000000000000000000000000000000
