000000000111111111111111111111110000000000000000000000000000000000000011111111111111111111111111111111111111111111111111
110000000111111111111111111111000000000000000000000000000000000000000001111111111111111111111111111111111111111111111111
111100000111111111111111111110000000000000000000000000000000000000000000111111111111111111111111111111111111111111111111
111111111111111111111111111000000000000000000000000000000000000000000000011111111111111111111111111111111111111111111111
111111111111111111111111111000000000000000000000000000000000000000000000000111111111111111111111111111111111111111111111
111111111111111111111111100000000000000000000000000000000000000000000000000011111111111111111111111111111111111111111111
111111111111111111111111000000000000000000000000000000000000000000000000000000111111111111111111111111111111111111111111
111111111111111111111110000000000000000000000000000000000000000000000000000000001111111111111111111111111111111111111111
111111111111111111111111000000000000000000000000000000000000000000000000000000000111111111111111111111111111111111111111
111111111111111111111110000000000000000000000000000000000000000000000000000000000011111111111111111111111111111111111111
111111111111111111111111000000000000000000000000000000000000000000000000000000000001111111111111111111111111111111111111
111111111111111111111000000000000000000000000000000000000000000000000000000000000000111111111111111111111111111111111111
111111111111111111000000000000000000000000000000000000000000000000000000000000000000111111111111111111111111111111111111
111111111111111111110000000000000000000000000000000000000000000000000000000000000000111111111111111111111111111111111111
111111111111111111110000000000000000000000000000000000000000000000000000000000000000011111111111111111111111111111111111
111111111111111111111000001110000000000000000000000000000000000000000000000000000000011111111111111111111111111111111111
111111111111111111111011111100000000000000000000000000000000000000000000000000000000011111111111111111111111111111111111
111111111111111111111111111111000000000000000000000000000000000000000000000000000000011111111111111111111111111111111111
111111111111111111111111111110000000000000000000000000000000000000000000000000000000011111111111111111111111111111111111
111111111111111111111111111110000000000000000000000000000000000000000000000000000000011111111111111111111111111111111111
111111111111111111111111111110000000000000000000000000000000000000000000000000000000011111111111111111111111111111111111
111111111111111111111111111111000000000000000000000000000000000000000000000000000000011111111111111111111111111111111111
111111111111111111111111111111000000000000000000000000000000000000000000000000000000001111111111111111111111111111111111
111111111111111111111111111111111000000000000000000000000000000000000000000000000000001111111111111111111111111111111111
111111111111111111111111111111111110000000000000000000000000000000000000000000000000001111111111111111111111111111111111
111111111111111111111111111111111100000000000000000000000000000000000000000000000000001111111111111111111111111111111111
111111111111111111111111111111111000000000000000000000000000000011000000000000000000001111111111111111111111111111111111
111111111111111111111111111111111000000000000000000000000000001110000000000000000000001111111111111111111111111111111111
111111111111111111111111111111111001100000000000000000000000011100000000000000000000001111111111111111111111111111111111
111111111111111111111111111111111111000000000000000000000000011010010000000000000000001111111111111111111111111111111111
111111111111111111111111111111111111000000000000000000000000111111100000000000000000001111111111111111111111111111111111
111111111111111111111111111111111110000000000000000000000001111111110000000000000000000111111111111111111111111111111111
111111111111111111111111111111111100000000000000000000000001111111111000000000000000000111111111111111111111111111111111
111111111111111111111111111111111111000000000000000000000011111111111100000000000000000111111111111111111111111111111111
111111111111111111111111111111111110000000000000000000000111111111111111100000000000000111111111111111111111111111111111
111111111111111111111111111111111100000000000000000000001111111111111111110001000000000011111111111111111111111111111111
111111111111111111111111111111111001100000000000000000001111111111111111110111000000000011111111111111111111111111111111
111111111111111111111111111111111111000000000000000000011111111111111111111111000000100011111111111111111111111111111111
111111111111111111111111111111111111000000000000000000111111111111111111111111010000110011111111111111111111111111111111
111111111111111111111111111111111110000000000000000000111111111111111111111111110001110001111111111111111111111111111111
