000000000000000000000000000000000000000000000000000000000000000000000000000000000000000000000000000000000000000000000000
000000000000000000000000000000000000000000000000000000000000000000000000000000000000000000000000000000000000000000000000
000000000000000000000000000000000000000000000000011111111111111111111100000000000000000000000000000000000000000000000000
000000000000000000000000000000000000000000000001111111111111111111111111000000000000000000000000000000000000000000000000
000000000000000000000000000000000000000000000011111111111111111111111111100000111000000000000000000000000000000000000000
000000000000000000000000000000000000000000000111111111111111111111111111111111111100000000000000000000000000000000000000
000000000000000000000000000000000000000000000111111111111111111111111111111111111110000000000000000000000000000000000000
000000000000000000000000000000000000000000000111111111111111111111111111111111111110000000000000000000000000000000000000
000000000000000000000000000000000000000000000111111111111111111111111111111111111100000000000000000000000000000000000000
000000000000000000000000000000000000000000111111111111111111111111111111111111111110000000000000000000000000000000000000
000000000000000000000000000000000000000001111111111111111111111111111111110111111100000000000000000000000000000000000000
000000000000000000000000000000000000000000011111111111111111111111111111100011111110000000000000000000000000000000000000
000000000000000000000000000000000000000000000011111111111111111111111111110111111110000000000000000000000000000000000000
000000000000000000000000000000000000000000000011111111111111111111111111100111111111000000000000000000000000000000000000
000000000000000000000000000000000000000000000000111111111111111111111110000011111111000000000000000000000000000000000000
000000000000000000000000000000000000000000000000001110111111111111110000000011111110000000000000000000000000000000000000
000000000000000000000000000000000000000000000000000000001111111100000000000001111110000000000000000000000000000000000000
000000000000000000000000000000000000000000000000000000011111111100000000000001111100000000000000000000000000000000000000
000000011111100000000000000000000000000000000000000111111111111111111000000000000000000000000000000000000011111110000000
000001111001111111000000000000000000000000000000111111111111111111111110000000000000000000000000000001111111000111100000
000111110000000111111100000000000000000000000001111111111111111111111111100000000000000000000000011111111000000011111100
111111110000001111000011111000000000000110000111111111111111111111111111111000111000000000001111100001111100000111111111
111011111000011111100000011111111111111111111111111111111111111111111111111111111111111111111100000011111110001111110011
000111111100011111100000111110000001111000011111111111111111111111111111111110000111100000011111000001111110001111110000
000011111100011111000001111110000011111000011111111111111111111111111111111100001111110000111111100001111100001111110000
000011111000001111000001111110000111111100011111111111111111111111111111111100001111110000111111100000111100000111100001
100011110000001110000001111110000011111000011111111111111111111111111111111100000111110000011111000000111000000011100001
000001100000000100000000111100000011110000011111111111111111111111111111111100000011110000001111000000011000000011000000
000001100000000000000000111000000011110000111111111111111111111111111111111110000011100000001110000000000000000001000000
000000000000000000000000011000000001100000111111111111111111111111111111111110000001100000000110000000000000000000000000
000000000000000000000000010000000001000111111110111111111111111111111111111111110000100000000000000000000000000000000000
000000000000000000000000000000000000111111111100011111111111111111111110011111111110000000000000000000000000000000000000
000000000000000000000000000000000011111111110000011111111111111111111110000011111111110000000000000000000000000000000000
000000000000000000000000000000011111111110000000011111111111111111111110000000011111111111111110000000000000000000000000
000000000000000000001111111111111111100000000000111111111111111111111111000000000001111111111111110000000000000000000000
000000000000000000000011111111111100000000000001111111111111111111111111100000000000000111111111110000000000000000000000
000000000001111111111111111111000000000000000011111111111111111111111111110000000000000000001111111111100000000000000000
000000000000001111111111000000000000000000000111111111111111111111111111110000000000000000000000111111111000000000000000
000000000000000000000000000000000000000000000111111111111111111111111111111000000000000000000000000000000000000000000000
000000000000000000000000000000000000000000001111111111111111111111111111111100000000000000000000000000000000000000000000
