000000000000000000000000000000000000000000000000000000000000000000000000000000000000000000000000000000000000000000000000
000000000000000000000000000000000000000000000000000000000000000000000000000000000000000000000000000000000000000000000000
000000000000000000000000000000000000000000000000000000000000000000000000000000000000000000000000000000000000000000000000
000000000000000000000000000000000000000010100100000000000000000000000000110000000000000000000000000000000000000000000000
000000000000000000000000000000000000000000100111111111000000000011111111111011100000000000000000000000000000000000000000
000000000000000000000000000000000000000001100111111111111111111111111111111111100000000000000000000000000000000000000000
000000000000000000000000000000000000011011100111111111111111111111111111111111100000100000000000000000000000000000000000
000000000000000000000000000000000000111011111111111111111111111111111111111111100111000000000000000000000000000000000000
000000000000000000000000000000000000111111111111101111111111111111111000011111101111000000000000000000000000000000000000
000000000000000000000000000000000000111111111111111111111111111111111100011111111111100000000000000000000000000000000000
000000000000000000000000000000000000011111111111111111111111111111111100011111111111110000000000000000000000000000000000
000000000000000000000000000000000000111111111111011111111111111111111110001111111111100000000000000000000000000000000000
000000000000000000000000000000000000111111111111011111111111111111111110001111111111000000000000000000000000000000000000
000000000000000000000000000000000000001111111110011111111111111111111110011111111110000000000000000000000000000000000000
000000000000000000000000000000000000000111111110011111111111111111111110000111111100000000000000000000000000000000000000
000000000000000000000000000000000111100000000000011111111111111111111110000000001111111000000000000000000000000000000000
000000000000000000000000000000000001111111100000111111111111111111111110000001111111000000000000000000000000000000000000
000000000000000000000000000000000000111111111110111111111111111111111111001111111111000000000000000000000000000000000000
000000000000000000000000000000000000011111111111111111111111111111111111111111111110000000000000000000000000000000000000
000000000000000000000000000000000000011111111111111111111111111111111111111111111110000000000000000000000000000000000000
000000000000000000000000000000000000001111111111111111111111111111111111111111111100000000000000000000000000000000000000
000000000000000000000000000000000000000111111111111111111111111111111111111111111000000000000000000000000000000000000000
000000000000000000000000000000000000000011111111111111111111111111111111111111110000000000000000000000000000000000000000
000000000000000000000000000000000000000001111111111111111111111111111111111111110000000000000000000000000000000000000000
000000000000000000000000000000000000000000111111011111111111111111111111111111100000000000000000000000000000000000000000
000000000000000000000000000000000000000000000001011111111111111111111111100000000000000000000000000000000000000000000000
000000000000000000000000000000000000000000000001011111111111111111111111100000000000000000000000000000000000000000000000
000000000000000000000000000000000000000000001111111111111111111111111111111000000000000000000000000000000000000000000000
000000000000000000000000000000000000000000000001000111111111111111111111111000000000000000000000000000000000000000000000
000000000000000000000000000000000000000000000000001111111111111111111101000000000000000000000000000000000000000000000000
000000000000000000000000000000000000000000000000001111111111111111111100000000000000000000000000000000000000000000000000
000000000000000000000000000000000000000000000000001111111111111111111100000000000000000000000000000000000000000000000000
000000000000000000000000000000000000000000000000011111111111111111111110000000000000000000000000000000000000000000000000
000000000000000000000000000000000000000000000000111111111111111111111110000000000000000000000000000000000000000000000000
000000000000000000000000000000000000000000000001111111111111111111111111000000000000000000000000000000000000000000000000
000000000000000000000000000000000000000000000001111111111111111111111111100000000000000000000000000000000000000000000000
000000000000000000000000000000000000000000000011111111111111111111111111110000000000000000000000000000000000000000000000
000000000000000000000000000000000000000000000111111111111111111111111111111000000000000000000000000000000000000000000000
000000000000000000000000000000000000000000001111111111111111111111111111111100000000000000000000000000000000000000000000
000000000000000000000000000000000000000000001111111111111111111111111111111100000000000000000000000000000000000000000000
