111111111111111111111111111111111111111111111111111111111111111111111111111111111111111111111111111111111111111111111111
111111111111111111111111111111111111111111111000001111111111111111111111111111111111111111111111111111111111111111111111
111111111111111111111111111111111111111111100000000000011111111111111111111111111111111111111111111111111111111111111111
111111111111111111111111111111111111111111100000000000000000000000000000011111111111111111111111111111111111111111111111
111111111111111111111111111111111111111111100000000000000000000000000000000111111111111111111111111111111111111111111111
111111111111111111111111111111111111111111100000000000000000000000000000001111111111111111111111111111111111111111111111
111111111111111111111111111111111111111111110000000000000000000000000000011111111111111111111111111111111111111111111111
111111111111111111111111111111111111111111111100000000000000000000000000111111111111111111111111111111111111111111111111
111111111111111111111111111111111111111111111000000000000000000000000011111111111111111111111111111111111111111111111111
111111111111111111111111111111111111111111111000000000000000000000000111111111111111111111111111111111111111111111111111
111111111111111111111111111111111111111111111110000000000000000000001111111111111111111111111111111111111111111111111111
111111111111111111111111111111111111111111111100000000000000000000011111111111111111111111111111111111111111111111111111
111111111111111111111111111111111111111111111100000000000000000000011111111111111111111111111111111111111111111111111111
111111111111111111111111111111111111111111111110000000000000000000011111111111111111111111111111111111111111111111111111
111111111111111111111111111111111111111111111100000000000000000000011111111111111111111111111111111111111111111111111111
111111111111111111111111111111111111111111111100000000000000000000011111111111111111111111111111111111111111111111111111
111111111111111111111111111111111111111111111000000000000000000000001111111111111111111111111111111111111111111111111111
111111111111111111111111111111111111111111110000000000000000000000000111111111111111111111111111111111111111111111111111
111111111111111111111111111111111111111111110000000000000000000000000011111111111111111111111111111111111111111111111111
111111111111111111111111111111111111111111100000000000000000000000000001111111111111111111111111111111111111111111111111
111111111111111111111111111111111111111100000000000000000000000000000000111111111111111111111111111111111111111111111111
111111111111111111111111111111111111111110000000000000000000000000000000011111111111111111111111111111111111111111111111
111111111111111111111111111111111111111100000001000000000000000000000000001111111111111111111111111111111111111111111111
111111111111111111111111111111111111111000000001000000000000000000000000000111111111111111111111111111111111111111111111
111111111111111111111111111111111111110000000001000000000000000000000000000111111111111111111111111111111111111111111111
111111111111111111111111111111111111100000000010000000000000000000000000000011111111111111111111111111111111111111111111
111111111111111111111111111111111111000000000010000000000000000000000000000011111111111111111111111111111111111111111111
111111111111111111111111111111111110000000000000000000000000000000000000000001111111111111111111111111111111111111111111
111111111111111111111111111111111100000000000000000000000000000000000000000001111111111111111111111111111111111111111111
111111111111111111111111111111111000000000000000000000000000000000000000000000111111111111111111111111111111111111111111
111111111111111111111111111111111000000000000000000000000000000000000000000011111111111111111111111111111111111111111111
111111111111111111111111111111111100000000000000000000000000000000000000000001111111111111111111111111111111111111111111
111111111111111111111111111111111100000000000000000000000000000000000000000000111111111111111111111111111111111111111111
111111111111111111111111111111111100000000000000000000000000000000000000000001111111111111111111111111111111111111111111
111111111111111111111111111111111000000000000000000000000000000000000000000111111111111111111111111111111111111111111111
111111111111111111111111111111111000000000000000000000000000000000000000000111111111111111111111111111111111111111111111
111111111111111111111111111111111000000000000000000000000000000000000000000111111111111111111111111111111111111111111111
111111111111111111111111111111111000000000000000000000000000000000000000000111111111111111111111111111111111111111111111
111111111111111111111111111111111000000000000000000000000000000000000000001111111111111111111111111111111111111111111111
111111111111111111111111111111111000010000000000000000000000000000000000011111111111111111111111111111111111111111111111
