000000000000000000000000000000000000000000000000000000000000000000000000000000000000000000000000000000000000000000000000
000000000000000000000000000000000000000000000000000000000000000000000000000000000000000000000000000000000000000000000000
000000000000000000000000000000000000000000000000000000000000000000000000000000000000000000000000000000000000000000000000
000000000000000000000000000000000000000000000000000000000000000000000000000000000000000000000000000000000000000000000000
000000000000000000000000000000000000000000000000000000000000000000000000000000000000000000000000000000000000000000000000
000000000000000000000000000000000000000000000000000000000000000000000000000000000000000000000000000000000000000000000000
000000000000000000000000000000000000000000000000000000000000000000000000000000000000000000000000000000000000000000000000
000000000000000000000000000000000000000000000000000000000000000000000000000000000000000000000000000000000000000000000000
000000000000000000000000000000000000000000000000000000000000000000000000000000000000000000000000000000000000000000000000
000000000000000000000000000000000000000000000000000000000000000000000000000000000000000000000000000000000000000000000000
000000000000000000000000000000000000000000000000000000000000000000000000000000000000000000000000000000000000000000000000
000000000000000000000000000000000000000000000000000000000000000000000000000000000000000000000000000000000000000000000000
000000000000000000000000000000000000000000000000000000000000000000000000000000000000000000000000000000000000000000000000
000000000000000000000000000000000000000000000000000000000000000000000000000000000000000000000000000000000000000011000000
000000000000000000000000000000000000000000000000000000000000000000000000000000000000000000000000000000000000001111100000
000000000000000000000000000000000000000000000000000000000000000000000000000000000000000000000000000000000000001111100000
000000000000000000000000000000000000000000000000000000000000000000000000000000000000000000000000000000000000001111100000
100000000000000000000000000000000000000000000000000000000000000000000000000000000000000000000000000000000000001111100000
111111111111111111111111111111111111111111111111111111111111111111111111111111111111111111100000000000000000000111110000
111110000000000000000000000000000000000000000000000000000000000000000000000000000000000000000000000000000000000111111111
011111100000000000000000000000000000000000000000000000000000000000000000000000000000000000000000000000000000000001111111
001111110000000000000000000000000000000000000000000000000000000000000000000000000000000000000000000000000000000000000000
000011111100000000000000000000000000000000000000000000000000000000000000000000000000000000000000000000000000000000000000
000001111111000000000000000000000000000000000000000000000000000000000000000000000000000000000000000000000000000000000000
000000111111100000000000000000000000000000000000000000000000000000000000000000000000000000000000000000000000000000000000
100000011111111000000000000000000000000000000000000000000000000000000000000000000000000000000000000000000000000000000000
111000001111111100000000000000000000000000000000000000000000000000000000000000000000000000000000000000000000000000000000
111110000111111100000000000000000000000000000000000000000000000000000000000000000000000000000000000000000000000000000000
111110000011111110000000000000000000000000000000000000000000000000000000000000000000000000000000000000000000000000000000
111110000001111110000000000000000000000000000000000000000000000000000000000000000000000000000000000000000000000000000000
111110000001111100000000000000000000000000000000000000000000000000000000000000000000000000000000000000000000000000000000
111100000001111000000000000000000000000000000000000000000000000000000000000000000000000000000000000000000000000000000000
000000000001100000000000000000000000000000000000000000000000000000000000000000000000000000000000000000000000000000000000
000000000000000000000000000000000000000000000000000000000000000000000000000000000000000000000000000000000000000000000000
000000000000000000000000000000000000000000000000000000000000000000000000000000000000000000000000000000000000000000000000
000000000000000000000000000000000000000000000000000000000000000000000000000000000000000000000000000000000000000000000000
000000000000000000000000000000000000000000000000000000000000000000000000000000000000000000000000000000000000000000000000
000000000000000000000000000000000000000000000000000000000000000000000000000000000000000000000000000000000000000000000000
000000000000000000000000000000000000000000000000000000000000000000000000000000000000000000000000000000000000000000000000
000000000000000000000000000000000000000000000000000000000000000000000000000000000000000000000000000000000000000000000001
