000000000000000000000001111111000000000000000000000000011111111111111111111000000000000000000000000000000000000000000000
000000000000000000000000111111100000000000000000000111111111111111111111111110000000000000000000000000000000000000000000
000000000000000000000000111111000000000000000011111111111111111111111111111110000000000000000000000000000000000000000000
000000000000000000000000111110000000000000011111111111111111111111111111111110000000000000000000000000000000000000000000
000000000000000000000000111100000000000011111111111111111111111111111111111110000000000000000000000000000000000000000000
000000000000000000000000111100000000001111111111111111111111111111111111111111000000000000000000000000000000000000000000
000000000000000000000000111100000000011111111111111111111111111111111111111111000000000000000000000000000000000000000000
000000000000000000000000011110000000001111111111111111111111111111111111111111000000000000000000000000000000000000000000
000000000000000000000000000111000000111111111111111111111111111111111111111110000000000000000000000000000000000000000000
000000000000000000000000000000010111111111111111111111111111111111111111110000000000000000000000000000000000000000000000
000000000000000000000000000000001111111111111111111111111111111111111111110000000000000000000000000000000000000000000000
000000000000000000000000000000000000000111111111111111111111111111111111110000000000000000000000000000000000000011111111
000000000000000000000000000000000000000000000000011111111111111111111111110000000000000000000000000000011111111111111111
000000000000000000000000000000000000000000000000000000000111111111111111110000000000000000000011111111111111111111111111
000000000000000000000000000000000000000000000000000000000000111111111111000000000000111111111111111111111111111111111111
000000000000000000000000000000000000000000000000000000000000111111111000111111111111111111111111111111111111111111111111
000000000000000000000000000000000000000000000000000000001111111111111111111111111111111111111111111111111111111111111111
000000000000000000000000000000000111111111111111111111111111111111111111111111111111111111111111111111111111111111111111
000011111111111111111111111111111111111111111111111111111111111111111111111111111111111111111111111111111111111111111111
111111111111111111111111111111111111111111111111111111111111111111111111111111111111111111111111111111111111111111111111
111111111111111111111111111111111111111111111111111111111111111111111111111111111111111111111111111111111111111111111111
111111111111111111111111111111111111111111111111111111111111111111111111111111111111111111111111111111111111111111111111
111111111111111111111111111111111111111111111111111111111111111111111111111111111111111111111111111111111111111111111111
111111111111111111111111111111111111111111111111111111111111111111111111111111111111111111111111111111111111111111111110
111111111111111111111111111111111111111111111111111111111111111111111111111111111111111111111111111111111111111111111000
111111111111111111111111111111111111111111111111111111111111111111111111111111111111111111111111111111111111111111100000
111111111111111111111111111111111111111111111111111111111111111111111111111111111111111111111111111111111111111110000000
111111111111111111111111111111111111111111111111111111111111111111111111111111111111111111111111111111111111111000000000
111111111111111111111111111111111111111111111111111111111111111111111111111111111111111111111111111111111111000000000000
111111111111111111111111111111111111111111111111111111111111111111111111111111111111111111111111111111000000000000000000
111111111111111111111111111111111111111111111111111111111111111111111111111111111111111111111100000000000000000000000000
111111111111111111111111111111111111111111111111111111111111111111111111111111111111111111000000000000000000000000000000
111111111111111111111111111111111111111111111111111111111111111111111111111111111111110000000000000000000000000000000000
111111111111111111111111111111111111111111111111111111111111111111111111111111110000000000000000000000000000000000000000
111111111111111111111111111111111111111111111111111111111111111111111111110000000000000000000000000000000000000000000000
111111111111111111111111111111111111111111111111111111111111111111110000000000000000000000000000000000000000000000000000
111111111111111111111111111111111111111111111111111111111111000000000000000000000000000000000000000000000000000000000000
001111111111111111111111111111111111111111111111110000000000000000000000000000000000000000000000000000000000000000000000
000000000000000111111111111111111100000000000000000000000000000000000000000000000000000000000000000000000000000000000000
000000000000000000000000000000000000000000000000000000000000000000000000000000000000000000000000000000000000000000000000
