111111111111111111111111111111111111111111111111111111111111111111111111111111111111111111111111111111111111111111111111
111111111111111111111111111111111111111111111111111111111111111111111111111111111111111111111111111111111111111111111111
111111111111111111111111111111111111111111111111111111111111111111111110000111111111111111111111111111111111111111111111
111111111111111111111111111111111111111111111111111111111111111111110000000000111111111111111111111111111111111111111111
111111111111111111111111111111111111111111111111111111111111111111110000000000000011000011111111111111111111111111111111
111111111111111111111111111111111111111111111111111111111111111111111000000000000000000000001111111111111111111111111111
111111111111111111111111111111111111111111111111111111111111111111111000000000000000000000000111111111111111111111111111
111111111111111111111111111111111111111111111111111111111111111110000000000000000000000000000001111111111111111111111111
111111111111111111111111111111111111111111111111111111111111111000000000000000000000000000000001111111111111111111111111
111111111111111111111111111111111111111111111111111111111111100000000000000000000000000000000000111111111111111111111111
111111111111111111111111111111111111111111111111111111111111000000000000000000000000000000000000011111111111111111111111
111111111111111111111111111111111111111111111111111111111110000000000000000000000000000000000000001111111111111111111111
111111111111111111111111111111111111111111111111111111111110000000000000000000000000000000000000001111111111111111111111
111111111111111111111111111111111111111111111111111111111100000000000000000000000000000000000000000111111111111111111111
111111111111111111111111111111111111111111111111111111111110000000000000000000000000000000000000000111111111111111111111
111111111111111111111111111111111111111111111111111111111110000000000000000000000000000000000000000011111111111111111111
111111111111111111111111111111111111111111111111111111111111111000000000000000000000000000000000000011111111111111111111
111111111111111111111111111111111111111111111111111111111111111110000000000000000000000000000000000011111111111111111111
111111111111111111111111111111111111111111111111111111111111111100000000000000000000000000000000000011111111111111111111
111111111111111111111111111111111111111111111111111111111111111111000000000000000000000000000000000011111111111111111111
111111111111111111111111111111111111111111111111111111111111111111110000000000000000000000000000000011111111111111111111
111111111111111111111111111111111111111111111111111111111111111111111000000100000000000000000000000011111111111111111111
111111111111111111111111111111111111111111111111111111111111111111111000000100000000000000000000000001111111111111111111
111111111111111111111111111111111111111111111111111111111111111111111100000000000000000000000000000001111111111111111111
111111111111111111111111111111111111111011111111111111111111111111111100000000000000000000000000100101111111111111111111
111111111111111111111111111111111111000000000001111111111111111111111100000000000000000000000010110111111111111111111111
111111111111111111111111111111111100000000000000111111111111111111111100000000000000000000000001111111111111111111111111
111111111111111111111111111111111000000000000000111111111111111111111000000000000000000000000001111111111111111111111111
111111111111111111111111111111111100000000000000111111111111111100000000000000000000000000001101111111111111111111111111
111111111111111111111111111111111100000000000000000111111111111100000000000000000000000000000111111111111111111111111111
111111111111111111111111111111111110000000000000000000000111111100000000000000000000000000000111111111111111111111111111
111111111111111111111111111111111111100000000000000000000000000000000000000000000000000000000111111111111111111111111111
111111111111111111111111111111111111111111100000000000000000000000000000000000000000000000000011111111111111111111111111
111111111111111111111111111111111111111111100000000000000000000000000000000000000000000000000011111111111111111111111111
111111111111111111111111111111111111111111100000000000000000000000000000000000000000000000000011111100111111111111111111
111111111111111111111111111111111111111111100000000000000000000000000000000000000000000000000000000001111111111111111111
111111111111111111111111111111111111111111100000000000000000000000000000000000000000000000000000011111111111111111111111
111111111111111111111111111111111111111111100000000000000000000000000000000000000000000000000000011111111111111111111111
111111111111111111111111111111111111111111000000000000000000000000000000000000000000000000000000001111111111111111111111
111111111111111111111111111111111111111111000000000000000000000000000000000000000000000000000000000111111111111111111111
