000000000000000000000000000000000000000000000000000000000000000000000000000000000000000000000000000000000000000000000000
000000000000000000000000000000000000000000000000000000000000000000000000000000000000000000000000000000000000000000000000
000000000000000000000000000000000000000000000000000000000000000000000000000000000000000000000000000000000000000000000000
000000000000000000000000000000000000000000000000000000000000000000000000000000000000000000000000000000000000000000000000
000000000000000000000000000000000000000000000000000000000000000000000000000000000000000000000000000000000000000000000000
000000000000000000000000000000000000000000000000000000000000000000000000000000000000000000000000000000000000000000000000
000000000000000000000000000000000000000000000000000000000000000000000000000000000000000000000000000000000000000000000000
000000000000000000000000000000000000000000000000000000000000000000000000000000000000000000000000000000000000000000000000
000000000000000000000000000000000000000000000000000000000000000000000000000000000000000000000000000000000000000000000000
000000000000000000000000000000000000000000000000000000111100011111100000000000000000000000000000000000000000000000000000
000000000000000000000000000000000000000000000000000000111111111111011000000000000000000000000000000000000000000000000000
000000000000000000000000000000000000000000000000000000000111111111100000000000000000000000000000000000000000000000000000
000000000000000000000000000000000000000000000000000000000110111111111100000000000000000000000000000000000000000000000000
000000000000000000000000000000000000000000000000000000000111011111111110000000000000000000000000000000000000000000000000
000000000000000000000000000000000000000000000000000000000001111111111111000000000000000000000000000000000000000000000000
000000000000000000000000000000000000000000000000000000000000111111111110000000000000000000000000000000000000000000000000
000000000000000000000000000000000000000000000000000000000001100111111111100000000000000000000000000000000000000000000000
000000000000000000000000000000000000000000000000000000000011001111111111111111111111111110000000000000000000000000000000
000000000000000000000000000000000000001111111111111111111111111111111111111111111111111111000000000000000000000000000000
000000000000000000000000000000000000000000000001100000000001111111111111111111111111111111110000000000000000000000000000
000000000000000000000000000000000000000000000000001000000000000000011110000001111111111111110000000000000000000000000000
000000000000000000000000000000000000000000000000000000000000000000010100000000000000001100000000000000000000000000000000
000000000000000000000000000000000000000000000000000000000000000000000000000000000000000000000000000000000000000000000000
000000000000000000000000000000000000000000000000000000000000000000000000000000000000000000000000000000000000000000000000
000000000000000000000000000000000000000000000000000000000000000000000000000000000000000000000000000000000000000000000000
000000000000000000000000000000000000000000000000000000000000000000000000000000000000000000000000000000000000000000000000
000000000000000000000000000000000000000000000000000000000000000000000000000000000000000000000000000000000000000000000000
000000000000000000000000000000000000000000000000000000000000000000000000000000000000000000000000000000000000000000000000
000000000000000000000000000000000000000000000000000000000000000000000000000000000000000000000000000000000000000000000000
000000000000000000000000000000000000000000000000000000000000000000000000000000000000000000000000000000000000000000000000
000000000000000000000000000000000000000000000000000000000000000000000000000000000000000000000000000000000000000000000000
000000000000000000000000000000000000000000000000000000000000000000000000000000000000000000000000000000000000000000000000
000000000000000000000000000000000000000000000000000000000000000000000000000000000000000000000000000000000000000000000000
000000000000000000000000000000000000000000000000000000000000000000000000000000000000000000000000000000000000000000000000
000000000000000000000000000000000000000000000000000000000000000000000000000000000000000000000000000000000000000000000000
000000000000000000000000000000000000000000000000000000000000000000000000000000000000000000000000000000000000000000000000
000000000000000000000000000000000000000000000000000000000000000000000000000000000000000000000000000000000000000000000000
000000000000000000000000000000000000000000000000000000000000000000000000000000000000000000000000000000000000000000000000
000000000000000000000000000000000000000000000000000000000000000000000000000000000000000000000000000000000000000000000000
000000000000000000000000000000000000000000000000000000000000000000000000000000000000000000000000000000000000000000000000
