000000000000000000000000000000000000000000000000000000000000000000000000000000000000000111000000000000000000000000000000
000000000000000000000000000000000000000000000000000000000000000000000000011111111111111111111111111000000000000000000000
000000000000000000000000000000000000000000000000000000000000000000000111111111111111111111111111111111100000000000000000
000000000000000000000000000000000000000000000000000000000000000000111111111111111111111111111111111111111100000000000000
000000000000000000000000000000000000000000000000000000000000000011111111111111111111111111111111111111111111100000000000
000000000000000000000000000011111000000000000000000000000000000111111111111111111111111111111111111111111111111110000000
000000000000000000000000000111111111111110000000000000000000011111111111111111111111111111111111111111111111111111111000
000000000000000000000000001111111111111111111000000000000000111111111111111111111111111111111111100000001111111111111111
000000000000000000000000011111111111111111111000000001111111111111111111111111111111111111111111100000000000011111111111
000000000000000000000000001111111111111111111101111111111111111111111111111111111111111111111111100000000000000000000000
000000000000000000000000000001111111111111111111111111111111111111111111111111111111111111111111100000000000000000000000
000000000000000000000000011111111111111111111111111111111111111111111111111111111111111111111111100000000000000000000000
000000000000000000000000111111111111111111111111111111111111111111111111111111111111111111111111111111000000000000000000
000000000000000000000000001111111111111111111111111111111111111111111111111111111111111111111111111111111111111110000000
000000000000000000000000000011111111111111111111111111111111111111111111111111111111111111111111111111111111111111111111
000000000000000000000000000000000011111111111111111111111111111111111111111111111111111111111111111111111111111111111111
000000000000000000000000000000000000001111111111111111111111111111111111111111111111111111111111111111111111111111111111
000000000000000000000000000000000000000000000001111111111111111111111111111111111111111111111111111111111111111111111111
000000000000000000000000000000000000000000000000000001111111111111111111111111111111111111111111111111111111111111111111
000000000000000000000000000000000000000000000000000000000100011111111111111111111111111111111111111111111111111111111111
000000000000000000000000000000000000000000000000000000000000001111111111111111111111111111111111111111111111111111111111
000000000000000000000000000000000000000000000000000000000000111111111111111111111111111111111111111111111111111111111111
000000000000000000000000000000000000000000000000000000000001111111111111111111111111111111111111111111111111111111111111
000000000000000000000000000000000000000000000000000000001111111111111111111111111111111111111111111111111111111111111111
000000000000000000000000000000000000000000000000000000111111111111111111001111111111111111111111111111111111111111111111
000000000000000000000000000000000000000000000000000001111111111111111111000111111111111111111111111111111111111111111111
000000000000000000000000000000000000000000000000000001111111111111111110000011111111111111111111111111111111111111111111
000000000000000000000000000000000000000000000000000000111111111111111111000111111111111111111111111111111111111111111111
000000000000000000000000000000000000000000000000000000001111111111111111111111111111111111111111111111111111111111111111
000000000000000000000000000000000000000000000000000000000001111111111111111111111111111111111111111111111111111111111111
000000000000000000000000000000000000000000000000000000000000000000001111111111111111111111111111111111111111111111111111
000000000000000000000000000000000000000000000000000000000000000000000111111111111111111111111111111111111111111111100000
000000000000000000000000000000000000000000000000000000000000000000000111111111111111111111111111111111111110011111100000
000000000000000000000000000000000000000000000000000000000000000000000111111111111111111111111111111111111111100001111000
000000000000000000000000000000000000000000000000000000000000000000000111111111111111111111111111111111111111110000000111
000000000000000000000000000000000000000000000000000000000000000000000011111111111111111111111111111111111111111000001111
000000000000000000000000000000000000000000000000000000000000000000000011111111111111111111111111111111111111111100001111
000000000000000000000000000000000000000000000000000000000000000000000011111111111111111111111111111111111111111110001111
000000000000000000000000000000000000000000000000000000000000000000000011111111111111111111111111111111111111111111001111
000000000000000000000000000000000000000000000000000000000000000000000001111111111111111111111111111111111111111111101111
