000000000000000000000000000000000000000000000000000000000000000000000000000000000000000000000000000000000000000000000000
000000000000000000000000000000000000000000000000000000000000000000000000000000000000000000000000000000000000000000000000
000000000000000000000000000000000000000000000000000000000000000000000000000000000000000000000000000000000000000000000000
000000000000000000000000000000000000000000000000000000000000000000000000000000000000000000000000000000000000000000000000
000000000000000000000000000000000000000000000000000111111111111111100000000000000000000000000000000000000000000000000000
000000000000000000000000000000000000000000000000111111111111111111111100000000000000000000000000000000000000000000000000
000000000000000000000000000000000000000000000001111111111111111111111110111000000000000000000000000000000000000000000000
000000000000000000000000000000000000000000000011111111111111111111111111111111000000000000000000000000000000000000000000
000000000000000000000000000000000000000000000011111111111111111111111111111111100000000000000000000000000000000000000000
000000000000000000000000000000000000000000000001111111111111111111111111111111110000000000000000000000000000000000000000
000000000000000000000000000000000000000000000011111111111111111111111111111111110000000000000000000000000000000000000000
000000000000000000000000000000000000000000000111111111111111111111111111011111110000000000000000000000000000000000000000
000000000000000000000000000000000000000000011111111111111111111111111110011111100000000000000000000000000000000000000000
000000000000000000000000000000000000000000000001111111111111111111111110011111110000000000000000000000000000000000000000
000000000000000000000000000000000000000000000000011111111111111111111010011111110000000000000000000000000000000000000000
000000000000000000000000000000000000000000000000001111111111111111110000011111110000000000000000000000000000000000000000
000000000000000000000000000000000000000000000000000011011111111000110000011111110000000000000000000000000000000000000000
000000000000000000000000000000000000000000000000000000111111111000000000001111100000000000000000000000000000000000000000
000000000001111110000000000000000000000000000000000111111111111111110000000111000000000000000000001111111000000000000000
000000000111000111111100000000000000000000000000111111111111111111111100000000000000000000000111111000001110000000000000
000000111110000000111111111000000000000000000001111111111111111111111111000000000000000001111111100000111111110000000000
000111110111110000111111001111111001111111111111111111111111111111111111111111111111111110011111100111111000111110000000
111110000111111100011111100011111000011110001111111111111111111111111111100011111000111110111111011111110000001111111100
111000000011111100000111110011111100111110001111111111111111111111111111100111111011111111110000111100000011111110000111
111111000000011110000001111011111100111111011111111111111111111111111111110111110111111100000001000000001111111100011111
111111100000000111000000011000111110111110111111111111111111111111111111110011100111000000000000000000111110000011111111
001111110000000001000000000000001110011110111111111111111111111111111111110010001000000000000000000000000000011111111111
000011110000000000000000000000000111001101111111111111111111111111111111110000000000000000000000000000000000000000001111
000000011000000000000000011100000000001101011111101111111111111111111111110000000000000000000000000000000000000000000000
000000000000000000000000011111000000000011111111001111111111111111111111111000000000000000000000000000000000000000000000
000000000000000000000000011111111110011111111100001111111111111111111011111000000000000000000000000000000000000000000000
000000000000000000000000001111111111111111100000011111111111111111111011111100000000000000000000000000000000000000000000
000000000000000000000000000111111111111100000000011111111111111111111101111110000000000000000000000000000000000000000000
000000000000000000000000000000000000000000000000111111111111111111111110111110000000000000000000000000000000000000000000
000000000000000000000000000000000000000000000001111111111111111111111111011111000000000000000000000000000000000000000000
000000000000000000000000000000000000000000000011111111111111111111111111001111100000000000000000000000000000000000000000
000000000000000000000000000000000000000000000011111111111111111111111111100111100000000000000000000000000000000000000000
000000000000000000000000000000000000000000000111111111111111111111111111110111110000000000000000000000000000000000000000
000000000000000000000000000000000000000000000111111111111111111111111111110111110000000000000000000000000000000000000000
000000000000000000000000000000000000000000001111111111111111111111111111111011111000000000000000000000000000000000000000
