111111111111111111111111111111111111100000000000000000000000011111111111111111111111111111111111111111111111111111111111
111111111111111111111111111111111111000000000000000000000000011111111111111111111111111111111111111111111111111111111111
111111111111111111111111111111111111000000000000000000000000011111111111111111111111111111111111111111111111111111111111
111111111111111111111111111111111111100000000000000000000000011111111111111111111111111111111111111111111111111111111111
111111111111111111111111111111111111110000000000000000000000011111111111111111111111111111111111111111111111111111111111
111111111111111111111111111111111111111100000000000000000000000011111111111111111111111111111111111111111111111111111111
111111111111111111111111111111111111111111100000000000000000000001111111111111111111111111111111111111111111111111111111
111111111111111111111111111111111111111000100000000000000000000000111111111111111111111111111111111111111111111111111111
111111111111111111111111111111111111110000000000000000000000000000111111111111111111111111111111110111111111111111111111
111111111111111111111111111111111110000000000000000000000000000000111111111111111111111111111111000111111111111111111111
111111111111111111111111111111111111100000000000000000000000000001111111111111111111111111100000000111111111111111111111
111111111111111111111111111111111111110000000111110000000000000011111111111111111111111110000001111111111111111111111111
111111111111111111111111111111111111110000000111111100000000000111111111111111111111000000000111111111111111111111111111
111111111111111111111111111111111111110000000011111111111111100111100000000000011100000000001111111111111111111111111111
111111111111111111111111111111111111111000000011111111111111111110000000000000000000000000111111111111111111111111111111
111111111111111111111111111111111111111000000011111111111111111000000000000000000000000001111111111111111111111111111111
111111111111111111111111111111111111111100000001111111111111111000000000000000000000000100000000000011111111111111111111
111111111111111111111111111111111111111000000001111111111111000000000000000000000000000000000000000000111111111111111111
111111111111111111111111111111111111111000000000111111111110000000000000000000000000000000000000100001111111111111111111
111111111111111111111111111111111111111000000000001111111100000000000000000000000000000000001111111111111111111111111111
111111111111111111111111111111111111111100100000000000111110000000000000000000000000000000001111111111111111111111111111
111111111111111111111111111111111111111000011000000000000111000000000000000000000000000000001111111111111111111111111111
111111111111111111111111111111111111111011011111000000000000000000000000000000000000000000001111111111111111111111111111
111111111111111111111111111111111111111100111111111000000000000000000000000000000000000000001111111111111111111111111111
111111111111111111111111111111111111111100111111111111000000000000000000000000000000000000011111111111111111111111111111
111111111111111111111111111111111111111100011111111111100000000000000000000000000000000000111111111111111111111111111111
111111111111111111111111111111111111111101011111111110000000000000000000000000000000000011111111111111111111111111111111
111111111111111111111111111111111111111100011111111000000000000000000000000000000000011111111111111111111111111111111111
111111111111111111111111111111111111111110011111110000000000000000000000000000000011111111111111111111111111111111111111
111111111111111111111111111111111111111100001111000000000000000000000000000000000011111111111111111111111111111111111111
111111111111111111111111111111111111111101101100000000000000000000000000000000000011111111111111111111111111111111111111
111111111111111111111111111111111111111110011000000000000000000000000000000000000011111111111111111111111111111111111111
111111111111111111111111111111111111111110010000000000000000000000000000000000000011111111111111111111111111111111111111
111111111111111111111111111111111111111100000000000000000000000000000000000000000001111111111111111111111111111111111111
111111111111111111111111111111111111111100000000000000000000000000000000000000000001111111111111111111111111111111111111
111111111111111111111111111111111111111100000000000100000000000000000000000000000001111111111111111111111111111111111111
111111111111111111111111111111111111110000000000001100000000000000000000000000000001111111111111111111111111111111111111
111111111111111111111111111111111100000000110000111110000000000000000000000000000000111111111111111111111111111111111111
111111111111111111111111111111111000000011110011111110000000000000000000000000000000111111111111111111111111111111111111
111111111111111111111111111111100000000001110001111110000000000000000000000000000000111111111111111111111111111111111111
