111111111111111111111111111111111111111111111111111111111111111111111111111111111111111111111111111111111111111111111111
111111111111111111111111111111111111111111111111111111111111111111111111111111111111111111111111111111111111111111111111
111111111111111111111111111111111111111111111111111111111111111111111111111111111111111111111111111111111111111111111111
111111111111111111111111111111111111111111111111111111111111111111111111111111111111111111111111111111111111111111111111
111111111111111111111111111111111111111111111111111111111111111111111111111111111111111111111111111111111111111111111111
111111111111111111111111111111111111111111111111111111111111111111111111111111111111111111111111111111111111111111111111
111111111111111111111111111111111111111111111111111111111111111111111111111111111111111111111111111111111111111111111111
111111111111111111111111111111111111111111111111111111111111111111111111111111111111111111111111111111111111111111111111
111111111111111111111111111111111111111111111111111111111111111111111111111111111111111111111111111111111111111111111111
111111111111111111111111111111111111111111111111111111111111111111111111111111111111111111111111111111111111111111111111
111111111111111111111111111111111111111111111111111111111111111111111111111111111111111111111111111111111111111111111111
111111111111111111111111111111111111111111111111111111111111111111111111111111111111111111111111111111111111111111111111
111111111111111111111111111111111111111111111111111111111111111111111111111111111111111111111111111111111111111111111111
111111111111111111111111111111111111111111111111111111110000001111111111111111111111111111111111111111111111111111111111
111111111111111111111111111111111111111111111111111111111000000111111111111111111111111111111111111111111111111111111111
111111111111111111111111111111111111111111111111111111111000011111111111111111111111111111111111111111111111111111111111
111111111111111111111111111111111111111111111111111111110000001111111111111111111111111111111111111111111111111111111111
111111111111111111111111111111111111111111111111111111110000011111111111111111111111111111111111111111111111111111111111
111111111111111111111111111111111111111111111111111111110000011111111111111111111111111111111111111111111111111111111111
111111111111111111111111111111111111111111111111111111100000011111111111111111111111111111111111111111111111111111111111
111111111111111111111111111111111111111111111111111111100000011111111111111111111111111111111111111111111111111111111111
111111111111111111111111111111111111111111111111111111000000001111111111111111111111111111111111111111111111111111111111
111111111111111111111111111111111111111111111111111111000000001111111111111111111111111111111111111111111111111111111111
111111111111111111111111111111111111111111111111111111000000000111111111111111111111111111111111111111111111111111111111
111111111111111111111111111111111111111111111111111110000000000111111111111111111111111111111111111111111111111111111110
111111111111111111111111111111111111111111111111111110000000000111111111111111111111111111111111111111111111111000000000
111111111111111111111111111111111111111111111111111110000000000011111111111111111111111111111111111111110000000000000000
111111111111111111111111111111111111111111111111111110000000000011111111111111111111111111111111111111100000000000001110
111111111111111111111111111111111111111111111111111111111000011111111111111111111111111111111111111111110000011111111100
111111111111111111111111111111111111111111111111111111000000011111111111111111111111111111111111111111111111111111111000
111111111111111111111111111111111111111111111111111111111111111111111111111111111111111111111111111111111111111111100000
111111111111111111111111111111111111111111111111111111111111111111111111111111111111111111111111111111111111111111000000
111111111111111111111111111111111111111111111111111111111111111111111111111111111111111111111111111111111111111111100000
111111111111111111111111111111111111111111111111111111111111111111111111111111111111111111111111111111111111111111111111
111111111111111111111111111111111111111111111111111111111111111111111111111111111111111111111111111111111111111111111111
111111111111111111111111111111111111111111111111111111111111111111111111111111111111111111111111111111111111111111111111
111111111111111111111111111111111111111111111111111111111111111111111111111111111111111111111111111111111111111111111111
111111111111111111111111111111111111111111111111111111111111111111111111111111111111111111111111111111111111111111111111
111111111111111111111111111111111111111111111111111111111111111111111111111111111111111111111111111111111111111111111111
111111111111111111111111111111111111111111111111111111111111111111111111111111111111111111111111111111111111111111111111
