000000000000000000000000000000000000000000000000000000000000000000000000000000000000000000000000000000000000000000000000
000000000000000000000000000000000000000000000000000000000000000000000000000000000000000000000000000000000000000000000000
000000000000000000000000000000000000000000000000000000000000000000000000000000000000000000000000000000000000000000000000
000000000000000000000000000000000000000000000000000000000000000000000000000000000000000000000000000000000000000000000000
000000000000000000000000000000000000000000000000000011111111111111111000000000000000000000000000000000000000000000000000
000000000000000000000000000000000000000000000000011111111111111111111110000000000000000000000000000000000000000000000000
000000000000000000000000000000000000000000000000111111111111111111111111111100000000000000000000000000000000000000000000
000000000000000000000000000000000000000000000000111111111111111111111111111111100000000000000000000000000000000000000000
000000000000000000000000000000000000000000000001111111111111111111111111111111110000000000000000000000000000000000000000
000000000000000000000000000000000000000000000000111111111111111111111111111111111100000000000000000000000000000000000000
000000000000000000000000000000000000000000000001111111111111111111111111111111111100000000000000000000000000000000000000
000000000000000000000000000000000000000000000011111111111111111111111111101111111000000000000000000000000000000000000000
000000000000000000000000000000000000000000001111111111111111111111111111000111111000000000000000000000000000000000000000
000000000000000000000000000000000000000000000000111111111111111111111111100111111100000000000000000000000000000000000000
000000000000000000000000000000000000000000000000011111111111111111111100000111111110000000000000000000000000000000000000
000000000000000000000000000000000000000000000000000011111111111111011000000011111110000000000000000000000000000000000000
000000000000000000000000000000000000000000000000000011101111111100011000000001111110000000000000000000000000000000000000
000000000000010000000000000000000000000000000000000000001111111100000000000000111110000000000000000000000000000000000000
000000000011111111110000000000000000000000000000000111111111111111111000000000001110000000000000000011110000000000000000
000000001111000001111111100000000000000000000000011111111111111111111111000000000000000000000001111110011100000000000000
000001111111000011111100011110000000000000000001111111111111111111111111100000000000000000011111110000011111000000000000
001111111111100011111100000011111111111111111111111111111111111111111111111111111000001111100011111011111111111000000000
111100111111000011111000011111100111111100000111111111111111111111111111111000011111111111110011110011111000111111000000
111000111100000111100000111111111111111000000111111111111111111111111111110000011111111111110000000000000011111101111100
111000110000000000000000111111111111100000001111111111111111111111111111111000000111111111110000000000000011111101111111
111000000000000000000001111111100000000000001111111111111111111111111111111000000000000001000000000000000000000011111111
000000000000000000000001000000000000000000011111111111111111111111111111111100000000000000000000000000000000000000000011
000000000000000000000000000000000000000000000111111111111111111111111111111100000000000000000000000000000000000000000000
000000000000000000000000000000000000000000000111111111111111111111111111110100000000000000000000000000000000000000000000
000000000000000000000000000000000000000000000111111111111111111111111111110000000000000000000000000000000000000000000000
000000000000000000000000000000000000000000001111101111111111111111111111111000000000000000000000000000000000000000000000
000000000000000000000000000000000000000000011111101111111111111111111111111100000000000000000000000000000000000000000000
000000000000000000000000000000000000000000011111001111111111111111111101111100000000000000000000000000000000000000000000
000000000000000000000000000000000000000000111110111111111111111111111111111110000000000000000000000000000000000000000000
000000000000000000000000000000000000000000111100111111111111111111111111111110000000000000000000000000000000000000000000
000000000000000000000000000000000000000001111101111111111111111111111111111111000000000000000000000000000000000000000000
000000000000000000000000000000000000000001111011111111111111111111111111111111000000000000000000000000000000000000000000
000000000000000000000000000000000000000011110111111111111111111111111111111111100000000000000000000000000000000000000000
000000000000000000000000000000000000000011110111111111111111111111111111111111100000000000000000000000000000000000000000
000000000000000000000000000000000000000111111111111111111111111111111111111111110000000000000000000000000000000000000000
