000000000000000000000000000000000000000000000000000000000000000000000000000000000000000000000000000000000000000000000000
000000000000000000000000000000000000000000000000000000000000000000000000000000000000000000000000000000011111111000000000
000000000000000000000000000000000000000000000000000000000000000000000000000000000000000000000000001111111111111111111000
000000000000000000000000000000000000000000000000000000000000000000000000000000000000000000000011111111111111111111111110
000000000000000000000000000000000000000000000000000000000000000000000000000000000000000000011111111111111111111111111111
000000000000000000000000000001110000000000000000000000000000000000000000000000000000000011111111111111111111111111111111
000000000000000000000000000111111111111100000000000000000000000000000000000000000000001111111111111111111111111111111110
000000000000000000000000000001111111111111111110000000000000000000000000000000000000111111111111111111111111111111111100
000000000000000000000000000011111111111111111111111000000000000000000000000000000011111111111111111111111111111111111100
000000000000000000000000000011111111111111111111111111111110000000000000000000011111111111111111111111111111111111111100
000000000000000000000000000111111111111111111110000000011111111111110000000001111111111111111111111111111111111111111110
000000000000000000000000000111111111111111111100000000000000000111111111111111011111111111111111111111111111111111111000
000000000000000000000000001111111111111111111000000000000000000000000000111111111111111110011111111111111111111111000000
000000000000000000000000001111111111111111110000000000000000000000000000000000111111111111111111111111111111111111111100
000000000000000000000000011111111111111111110000000000000000000000000000000000000000000001111111111111111111111111111111
000000000000000000000000011111111111111111100000000000000000000000000000000000000000000011111111111111111111111111111111
000000000000000000000000011111111111111111000000000000000000000000000000000000000000000011111111111111111111111111111111
000000000000000000000000111111111111111111000000000000000000000000000000000000000000000011111111111111111111111111111111
000000000000000000000000111111111111111110000000000000000000000000000000000000000000000001111111111111111111111111111111
000000000000000000000000111111111111111110000000000000000000000000000000000000000000000000000000111111111111111111111111
000000000000000000000000111111111111111110000000000000000000000000000000000000000000000000000000111111111111111111111111
000000000000000000000000111111111111111110000000000000000000000000000000000000000000000000000011111111111111111111111111
000000000000000000000000111111111111111110000000000000000000000000000000000000000000000000001111111111111111111111111111
000000000000000000000000111111111111111100000000000000000000000000000000000000000000000000011111111110111111111111111111
000000000000000000000000111111111111111100000000000000000000000000000000000000000000000000111111110000111111111111111111
000000000000000000000000111111111111111100000000000000000000000000000000000000000000000001111111110000011111111111111111
000000000000000000000000011111111111111100000000000000000000000000000000000000000000000000111111111100011111111111111111
000000000000000000000000011111111111111110000000000000000000000000000000000000000000000000001111111111111111111111111111
000000000000000000000000011111111111111110000000000000000000000000000000000000000000000000000001111111111111111111111111
000000000000000000000000001111111111111110000000000000000000000000000000000000000000000000000000011111111111111111111111
000000000000000000000000001111111111111110000000000000000000000000000000000000000000000000000000000011111111111111111111
000000000000000000000000000111111111111111000000000000000000000000000000000000000000000000000000000000111111111111111111
000000000000000000000000000111111111111111000000000000000000000000000000000000000000000000000000000000111111111111111111
000000000000000000000000000011111111111111100000000000000000000000000000000000000000000000000000000011111111111111111111
000000000000000000000000000001111111111111110000000000000000000000000000000000000000000000000000001111111111111111111111
000000000000000000000000000000111111111111111000000000000000000000000000000000000000000000000000111111111111111111111111
000000000000000000000000000000011111111111111100000000000000000000000000000000000000000000000011111111111111111111111111
000000000000000000000000000000001111111111111110000000000000000000000000000000000000000000011111111111111111111111111111
000000000000000000000000000000000111111111111111000000000000000000000000000000000000000011111111111111111111111111111111
000000000000000000000000000000000001111111111111100000000000000000000000000000000000011111111111111111111111111111111111
