000000000000000000000000000000000000000000000000000000000000000000000000000000000000000000000000000000000000000000000000
000000000000000000000000000000000000000000000000000000000000000000000000000000000000000000000000000000000000000000000000
000000000000000000000000000000000000000000000000000000000000000000000000000000000000000000000000000000000000000000000000
000000000000000000000000000000000000000000000000000000000000000000000000000000000000000000000000000000000000000000000000
000000000000000000000000000000000000000000000000000000000000000000000000000000000000000000000000000000000000000000000000
000000000000000000000000000000000000000000000000000000000000000000000000000000000000000000000000000000000000000000000000
000000000000000000000000000000000000000000000000000000000000000000000000000000000000000000000000000000000000000000000000
000000000000000000000000000000000000000000000000000000000000000000000000000000000000000000000000000000000000000000000000
000000000000000000000000000000000000000000000000000000000000000000000000000000000000000000000000000000000000000000000000
000000000000000000000000000000000000000000000000000000111100011111111100000000000000000000000000000000000000000000000000
000000000000000000000000000000000000000000000000000001111111111111110011000000000000000000000000000000000000000000000000
000000000000000000000000000000000000000000000000000000001111111111110000000000000000000000000000000000000000000000000000
000000000000000000000000000000000000000000000000000000000001111111111111100000000000000000000000000000000000000000000000
000000000000000000000000000000000000000000000000000000000111011111111111100000000000000000000000000000000000000000000000
000000000000000000000000000000000000000000000000000000000111001111111111111000000000000000000000000000000000000000000000
000000000000000000000000000000000000000000000000000000000001111111111111111100000000000000000000000000000000000000000000
000000000000000000000000000000000000000000000000000000000000111111111101111000000000000000000000000000000000000000000000
000000000000000000000000000000000000000000000000000000000000011011111111111000000000000000000000000000000000000000000000
000000000000000000000000000000000000000000000000000000000000110001111111111111111100000000000000000000000000000000000000
000000000000000000000000000000011100000000000000000000000011000111111111111111110011111111111111100000000000000000000000
000000000000000000000000000000001111111111111111111111111111111111111111111111111111111111111111111000000000000000000000
000000000000000000000000000000000000011000111111000000001111111111111111111111111111111111111111111111000000000000000000
000000000000000000000000000000000000000000000001110000000000111111111111111111111111111111111111111111000000000000000000
000000000000000000000000000000000000000000000000000000000000000000000111110000000000001111111111111110000000000000000000
000000000000000000000000000000000000000000000000000000000000000000000010010000000000000000000011100000000000000000000000
000000000000000000000000000000000000000000000000000000000000000000000000000000000000000000000000000000000000000000000000
000000000000000000000000000000000000000000000000000000000000000000000000000000000000000000000000000000000000000000000000
000000000000000000000000000000000000000000000000000000000000000000000000000000000000000000000000000000000000000000000000
000000000000000000000000000000000000000000000000000000000000000000000000000000000000000000000000000000000000000000000000
000000000000000000000000000000000000000000000000000000000000000000000000000000000000000000000000000000000000000000000000
000000000000000000000000000000000000000000000000000000000000000000000000000000000000000000000000000000000000000000000000
000000000000000000000000000000000000000000000000000000000000000000000000000000000000000000000000000000000000000000000000
000000000000000000000000000000000000000000000000000000000000000000000000000000000000000000000000000000000000000000000000
000000000000000000000000000000000000000000000000000000000000000000000000000000000000000000000000000000000000000000000000
000000000000000000000000000000000000000000000000000000000000000000000000000000000000000000000000000000000000000000000000
000000000000000000000000000000000000000000000000000000000000000000000000000000000000000000000000000000000000000000000000
000000000000000000000000000000000000000000000000000000000000000000000000000000000000000000000000000000000000000000000000
000000000000000000000000000000000000000000000000000000000000000000000000000000000000000000000000000000000000000000000000
000000000000000000000000000000000000000000000000000000000000000000000000000000000000000000000000000000000000000000000000
000000000000000000000000000000000000000000000000000000000000000000000000000000000000000000000000000000000000000000000000
