000000000000000000000000000000000000000000000000000000000000000000000000000000000000000000000000000000000000000000000000
000000000000000000000000000000000000000000000000000000000000000000000000000000000000000000000000000000000000000000000000
000000000000000000000000000000000000000000000000000000000000000000000000111111111111111111111110000000000000000000000000
000000000000000000000000000000000000000000000000000000000000000000001111111111111111111111111111111000000000000000000000
000000000000000000000000000000000000000000000000000000000000000001111111111111111111111111111111111111000000000000000000
000000000000000000000000000000000000000000000000000000000000000111111111111111111111111111111111111111111000000000000000
000000000000000000000000000000000000000000000000000000000000001111111111111111111111111111111111111111111111100000000000
000000000000000000000000000000000011111111111000000000000000111111111111111111111111111111111111111111111111111111000000
000000000000000000000000000000001111111111111110000000000011111111111111111111111111111111111000000001111111111111111111
000000000000000000000000000011111111111111111110011111111111111111111111111111111111111111111100000000000001111111100000
000000000000000000000000000011111111111111111111111111111111111111111111111111111111111111111100000000000000000000000000
000000000000000000000000000011111111111111111111111111111111111111111111111111111111111111111100000000000000000000000000
000000000000000000000000000111111111111111111111111111111111111111111111111111111111111111111110000000000000000000000000
000000000000000000000000000011111111111111111111111111111111111111111111111111111111111111111111111111110000000000000000
000000000000000000000000000000011111111111111111111111111111111111111111111111111111111111111111111111111111111100000000
000000000000000000000000000000000000111111111111111111111111111111111111111111111111111111111111111111111111111111111111
000000000000000000000000000000000000000000111111111111111111111111111111111111111111111111111111111111111111111111111111
000000000000000000000000000000000000000000000000111111111111111111111111111111111111111111111111111111111111111111111111
000000000000000000000000000000000000000000000000000000111111111111111111111111111111111111111111111111111111111111111111
000000000000000000000000000000000000000000000000000000000000001111111111111111111111111111111111111111111111111111111111
000000000000000000000000000000000000000000000000000000000000111111111111111111111111111111111111111111111111111111111111
000000000000000000000000000000000000000000000000000000000001111111111111111111111111111111111111111111111111111111111111
000000000000000000000000000000000000000000000000000000001111111111111111111111111111111111111111111111111111111111111111
000000000000000000000000000000000000000000000000000000011111111111111110011111111111111111111111111111111111111111111111
000000000000000000000000000000000000000000000000000001111111111111111100011111111111111111111111111111111111111111111111
000000000000000000000000000000000000000000000000000001111111111111111100001111111111111111111111111111111111111111111111
000000000000000000000000000000000000000000000000000001111111111111111100011111111111111111111111111111111111111111111111
000000000000000000000000000000000000000000000000000000011111111111111110011111111111111111111111111111111111111111111111
000000000000000000000000000000000000000000000000000000000111111111111111011111111111111111111111111111111111111111111111
000000000000000000000000000000000000000000000000000000000000000000111111111111111111111111111111111111111111111111111111
000000000000000000000000000000000000000000000000000000000000000000011111111111111111111111111111111111111111111111111111
000000000000000000000000000000000000000000000000000000000000000000011111111111111111111111111111111111111110000010011111
000000000000000000000000000000000000000000000000000000000000000000011111111111111111111111111111111111111100000000111111
000000000000000000000000000000000000000000000000000000000000000000011111111111111111111111111111111111111110000011111111
000000000000000000000000000000000000000000000000000000000000000000011111111111111111111111111111111111111110000011111111
000000000000000000000000000000000000000000000000000000000000000000011111111111111111111111111111111111111111000011111111
000000000000000000000000000000000000000000000000000000000000000000011111111111111111111111111111111111111111100011111111
000000000000000000000000000000000000000000000000000000000000000000011111111111111111111111111111111111111111110011111111
000000000000000000000000000000000000000000000000000000000000000000001111111111011111111111111111111111111111111111111111
000000000000000000000000000000000000000000000000000000000000000000000111111111000111111111111111111111111111111111111111
