000000000000000000000000000000000000000000000000000000000000000000000000000000000000000000000000000000000000000000000000
000000000000000000000000000000000000000000000000000000000000000000000000000000000000000000000000000000000000000000000000
000000000000000000000000000000000000000000000000000000000000000000000000000000000000000000000000000000000000000000000000
000000000000000000000000000000000000000000000000000000000000000000000000000000000000000000000000000000000000000000000000
000000000000000000000000000000000000000000000000000011111111111111110000000000000000000000000000000000000000000000000000
000000000000000000000000000000000000000000000000011111111111111111111110000000000000000000000000000000000000000000000000
000000000000000000000000000000000000000000000000111111111111111111111111111100000000000000000000000000000000000000000000
000000000000000000000000000000000000000000000001111111111111111111111111111111100000000000000000000000000000000000000000
000000000000000000000000000000000000000000000001111111111111111111111111111111110000000000000000000000000000000000000000
000000000000000000000000000000000000000000000000111111111111111111111111111111111000000000000000000000000000000000000000
000000000000000000000000000000000000000000000001111111111111111111111111111111111100000000000000000000000000000000000000
000000000000000000000000000000000000000000000111111111111111111111111111101111111000000000000000000000000000000000000000
000000000000000000000000000000000000000000001111111111111111111111111111001111111000000000000000000000000000000000000000
000000000000000000000000000000000000000000000000111111111111111111111111100111111000000000000000000000000000000000000000
000000000000000000000000000000000000000000000000001111111111111111111101000111111100000000000000000000000000000000000000
000000000000000000000000000000000000000000000000000111111111111111111000000111111110000000000000000000000000000000000000
000000000000000000000000000000000000000000000000000010101111111100011000000011111110000000000000000000000000000000000000
000000000000010000000000000000000000000000000000000000101111111100000000000000111110000000000000000000000000000000000000
000000000011111111100000000000000000000000000000000111111111111111111000000000001100000000000000000111110000000000000000
000000001111000001111111000000000000000000000000011111111111111111111110000000000000000000000001111100111000000000000000
000001111111000001111110111100000000000000000001111111111111111111111111100000000000000000011111110000011111000000000000
001111111111100011111110000011111111111111111111111111111111111111111111111111111000001111100111110011111011110000000000
111100011111100001111100001111100011111100000111111111111111111111111111111000111111111111000111100111111000111111000000
111000001111000001111000011111111111111000001111111111111111111111111111110000011111111111100000000000000011111101111100
111100001110000000110000011111111111110000001111111111111111111111111111111000001111111111000000000000001111111011111111
111000000000000000000000011111111100000000011111111111111111111111111111111000000000001110000000000000000000001111111111
110000000000000000000000011111100000000000011111111111111111111111111111111100000000000000000000000000000000000000001111
100000000000000000000000000000000000000000000111111111111111111111111111111100000000000000000000000000000000000000000000
000000000000000000000000000000000000000000000111111111111111111111111111110000000000000000000000000000000000000000000000
000000000000000000000000000000000000000000001111111111111111111111111111110000000000000000000000000000000000000000000000
000000000000000000000000000000000000000000011111101111111111111111111111111000000000000000000000000000000000000000000000
000000000000000000000000000000000000000000011111001111111111111111111111111100000000000000000000000000000000000000000000
000000000000000000000000000000000000000000111110011111111111111111111101111100000000000000000000000000000000000000000000
000000000000000000000000000000000000000001111100111111111111111111111110111110000000000000000000000000000000000000000000
000000000000000000000000000000000000000001111001111111111111111111111111111111000000000000000000000000000000000000000000
000000000000000000000000000000000000000011110001111111111111111111111111111111000000000000000000000000000000000000000000
000000000000000000000000000000000000000111100011111111111111111111111111101111100000000000000000000000000000000000000000
000000000000000000000000000000000000001111100111111111111111111111111111110111100000000000000000000000000000000000000000
000000000000000000000000000000000000011111100111111111111111111111111111111111100000000000000000000000000000000000000000
000000000000000000000000000000000000011111101111111111111111111111111111111111110000000000000000000000000000000000000000
