000000000000000000000000000000000000000000000000000000000000000000000000000000000000000000000000000000000000000000000000
000000000000000000000000000000000000000000000000000000000000000000000000000000000000000000000000000000000000000000000000
000000000000000000000000000000000000000000000000000000000000000000000000000000000000000000000000000000000000000000000000
000000000000000000000000000000000000000000000000111111111111111111110000000000000000000000000000000000000000000000000000
000000000000000000000000000000000000000000000011111111111111111111111100111110000000000000000000000000000000000000000000
000000000000000000000000000000000000000000000111111111111111111111111111111111110000000000000000000000000000000000000000
000000000000000000000000000000000000000000000111111111111111111111111111111111111000000000000000000000000000000000000000
000000000000000000000000000000000000000000001111111111111111111111111111111111111100000000000000000000000000000000000000
000000000000000000000000000000000000000000000111111111111111111111111111111111111100000000000000000000000000000000000000
000000000000000000000000000000000000000000001111111111111111111111111111111111100000000000000000000000000000000000000000
000000000000000000000000000000000000000001111111111111111111111111111111111100000000000000000000000000000000000000000000
000000000000000000000000000000000000000001111111111111111111111111111111111100000000000000000000000000000000000000000000
000000000000000000000000000000000000000000000111111111111111111111111111111100000000000000000000000000000000000000000000
000000000000000000000000000000000000000000000001111111111111111111111111111100000000000000000000000000000000000000000000
000000000000000000000000000000000000000000000001111111111111111111111111111100000000000000000000000000000000000000000000
000000000000000000000011100000000000000000000001110000111111111100111111111100000000000000000000000000000000000000000000
000000000000000000001111111100000000000000000000000000001111111100111111111000000000000000000000000000000000000000000000
000000000000000001111111111111000000000000000000000111111111111111111111100000000000000000000000000000001111000000000000
000000000000000011111111111111110000000000000000111111111111111111111111000000000000000000000000001111111111100000000000
000000000000011111111100000000111111000000000001111111111111111111111111100000000000000000000011111111111111111111110000
000000000011111111110000000000111111111111111111111111111111111111111111110111100000000001111100000111111111111111111111
000000000000110000000000000000000000000111110111111111111111111111111111111111111111111111111111000000000000011111111111
000000000000000000000000000000000000000000000011111111111111111111111111100001111111000011111110000000000000000000111110
000000000000000000000000000000000000000000000001111111111111111111111111100000111110000000000000000000000000000000001111
000000000000000000000000000000000000000000000000011111111111111111111111100000000000000000000000000000000000000000000111
000000000000000000000000000000000000000000000000011111111111111111111111100000000000000000000000000000000000000000000001
000000000000000000000000000000000000000000000000011111111111111111111111100000000000000000000000000000000000000000000000
000000000000000000000000000000000000000000000000011111111111111111111111100000000000000000000000000000000000000000000000
000000000000000000000000000000000000000000000000011111111111111111111111100000000000000000000000000000000000000000000000
000000000000000000000000000000000000000000000000011111111111111111111111100000000000000000000000000000000000000000000000
000000000000000000000000000000000000000000000000111111111111111111111111100000000000000000000000000000000000000000000000
000000000000000000000000000000000000000000000000111111111111111111111111100000000000000000000000000000000000000000000000
000000000000000000000000000000000000000000000001111111111111111111111111000000000000000000000000000000000000000000000000
000000000000000000000000000000000000000000000001111111111111111111111111000000000000000000000000000000000000000000000000
000000000000000000000000000000000000000000000011111111111111111111111111000000000000000000000000000000000000000000000000
000000000000000000000000000000000000000000000111111111111111111111111111100000000000000000000000000000000000000000000000
000000000000000000000000000000000000000000000111111111111111111111111111110000000000000000000000000000000000000000000000
000000000000000000000000000000000000000000001111111111111111111111111111111000000000000000000000000000000000000000000000
000000000000000000000000000000000000000000001111111111111111111111111111111100000000000000000000000000000000000000000000
000000000000000000000000000000000000000000011111111111111111111111111111111110000000000000000000000000000000000000000000
