000000000000000000000000000000000000000000000000000000000000000000000000000000000000000000000000000000000000000000000000
000000000000000000000000000000000000000000000000000000000000000000000000000000000000000000000000000000000000000000000000
000000000000000000000000000000000000000000000000000000000000000000000000000000000000000000000000000000000000000000000000
000000000000000000000000000000000000000000000000000000000000000000000000100000000000000000000000000000000000000000000000
000000000000000000000000000000000000000000000000000000000000011111111111111111110000000000000000000000000000000000000000
000000000000000000000000000000000000000000000000000000001111111111111111111111111111100000000000000000000000000000000000
000000000000000000000000000000000000000000000000000001111111111111111111111111111111111100000000000000000000000000000000
000000000000000000000000000000000000000000000000001111111111111111111111111111111111111111100000000000000000000000000000
000000000000000000000000000000000000000000000000111111111111111111111111111111111111111111100000000000000000000000000000
000000000000000000000000000000000000000000000011111111111111111111111111111111111111111111100000000000000000000000000000
000000000000000000000000000000000000000000000111111111111111111111111111111111111111111111100000000000000000000000000000
000000000000000000000000000000000000000000001111111111111111111111111111111111111111111111100000000000000000000000000000
000000000000000000000000000000000000000000011111111111111111111111111111111111111111111110000000000000000000000000000000
000000000000000000000000000000000000000000111111111111111111111111111111111111111111111110000000000000000000000000000000
000000000000000000000000000000000000000001111111111111111111111111111111111111111111111111000000000000000000000000000000
000000000000000000000000000000000000000011111111111111111111111111111111111111111111111111000000000000000000000000000000
000000000000000000000000000000000000000011111111111111111111111111111111111111111111111111000000000000000000000000000000
000000000000000000000000000000000000000111111111111111111111111111111111111111111111111111000000000000000000000000000000
000000000000000000000000000000000000000111111111111111111111111111111111111111111111111111000000000000000000000000000000
000000000000000000000000000000000000000111111111111111111111111111111111111111111111111111000000000000000000000000000000
000000000000000000000000000000000000001111111111111111111111111111111111111111111111111111000000000000000000000000000000
000000000000000000000000000000000000001111111111111111111111111111111111111111111111000000000000000000000000000000000000
000000000000000000000000000001111111111111111111111111111111111111111111111111111111000000000000000000000000000000000000
000000000000000000011111111111111111111111111111111111111111111111111111111111111111110000000000000000000000000000000000
000000000000011111111111111111111111111111111111111111111111111111111111111111111110010000000000000000000000000000000000
000000111111111111111111000000111111111111111111111111111111111111111111111111111110000000000000000000000000000000000000
111111111111100000000000011111111111111111111111111111111111111111111111111111111111111110000000000000000000000000000000
111111100000000000011111111111111111111111111111111111111111111111111111111111111111111111111111100000000000000000000000
111000000000001111111110000011100000001111111111111111111111111111111111111111111111111111111111111111000000000000000000
000000000001111111000001000000000000011111111111111111111111111111111111111111111111111111111111111100000000000000000000
000000001111110001111000000000000000111111111111111111111111111111111111111111111111111111111111111111000000000000000000
000001111111111100000000000000000011111111111111111111111111111111111111111111111111111111111111111111100000000000000000
111111111111100000000000000000111111111111111111111111111111111111111111111111111111111111111111111111111000000000000000
111111111111111111111111111111111111111111111111111111111111111111111111111111111111111111111111111111111100000000000000
111111111111111111111111111111111111111111111111111111111111111111111111111111111111111111111111111111111111000000000000
111111111111111111111111111111111111111111111111111111111111111111111111111111111111111111111111111111111111100000000000
111000000000011111111111111111111111111111111111111111111111111111111111111111111111111111111111111111111111110000000000
111111111111111110011111111111111111111111111111111111111111111111111111111111111111111111111111111111111111111100000000
111111111111111111111111111111111111111111111111111111111111111111111111111111111111111111111111111111111111111110000000
111111111111111111111111111111111111111111111111111111111111111111111111111111111111111111111111111111111111111111000000
