000000000000000000000000000000000000000000000000000000000000000000000000000000000000000000000000000000000000000000000000
000000000000000000000000000000000000000000000000000000000000000000000000000000000000000000000000000000000000000000000000
000000000000000000000000000000000000000000000000000000000000000000000000000000000000000000000000000000000000000000000000
000000000000000000000000000000000000000000000000000000000000000000000000000000000000000000000000000000000000000000000000
000000000000000000000000000000000000000000000000000000000000000000000000000000000000000000000000000000000000000000000000
000000000000000000000000000000000000000000000000000000000000000000000000000000000000000000000000000000000000000000000000
000000000000000000000001111100000000000000000000000000000000000000000000000000000000000000000000000000000000000000000000
000000000000000000000001111111111000000000000000000000000000000000000000000000000000000000000000000000000000000000000000
000000000000000000000000001111111111000000000000000000000000000000000000000000000000000000000000000000000000000000000000
000000000000000000000000001111111111110000000000000000010001111111000000000000000000000000000000000000000000000000000000
000000000000000000000000000000011111111111000000000000011111111111111000000000000000000000000000000000000000000000000000
000000000000000000000000000000000000111111111100000001111111111111111100000000000000000000000000000000000000000000000000
000000000000000000000000000000000000000001111111111111111111111111111110000000000000000000000000000000000000000000000000
000000000000000000000000000000000000000000001111111111111111111111111110000000000000000000000000000000000000000000000000
000000000000000000000000000000000000000000000011111111111111111111111110000000000000000000000000000000000000000000000000
000000000000000000000000000000000000000000000000011111111111111111111100000000000000000000000000000000000000000000000000
000000000000000000000000000000000000000000000001111111111111111111111111110000000000000000000000000000000000000000000000
000000000000000000000000000000000000000000001111111111111111111111111111111100000000000000000000000000000000000000000000
000000000000000000000000000000000000000000111111111111111111111111111111111111110000000000000000000000000000000000000000
000000000000000000000000000000000000000001111111111111111111111111111111111111111111111000000000000000000000000000000000
000000000000000000000000000000000000000011111111111111111111111111111111111111111111111111111100100001111000000000000000
000000000000000000000000000000000000000011111111111111111111111111111111100000000111111111111111111111111110000000000000
000000000000000000000000000000000000000001111111111111111111111111111111110000000000000011111111111111110000000000000000
000000000000000000000000000000000000000001111111111111111111111111111111111100000000000000000111111111000000000000000000
000000000000000000000000000000000000000000111111111111111111111111111111111100000000000000000000000000000000000000000000
000000000000000000000000000000000000000000011111111111111111111111111111100000000000000000000000000000000000000000000000
000000000000000000000000000000000000000000001111111111111111111111111111100000000000000000000000000000000000000000000000
000000000000000000000000000000000000000000000011111111111111111111111111000000000000000000000000000000000000000000000000
000000000000000000000000000000000000000000000000001111111111111111111100000000000000000000000000000000000000000000000000
000000000000000000000000000000000000000000000000000000000000000000000000000000000000000000000000000000000000000000000000
000000000000000000000000000000000000000000000000000000000000000000000000000000000000000000000000000000000000000000000000
000000000000000000000000000000000000000000000000000000000000000000000000000000000000000000000000000000000000000000000000
000000000000000000000000000000000000000000000000000000000000000000000000000000000000000000000000000000000000000000000000
000000000000000000000000000000000000000000000000000000000000000000000000000000000000000000000000000000000000000000000000
000000000000000000000000000000000000000000000000000000000000000000000000000000000000000000000000000000000000000000000000
000000000000000000000000000000000000000000000000000000000000000000000000000000000000000000000000000000000000000000000000
000000000000000000000000000000000000000000000000000000000000000000000000000000000000000000000000000000000000000000000000
000000000000000000000000000000000000000000000000000000000000000000000000000000000000000000000000000000000000000000000000
000000000000000000000000000000000000000000000000000000000000000000000000000000000000000000000000000000000000000000000000
000000000000000000000000000000000000000000000000000000000000000000000000000000000000000000000000000000000000000000000000
