000000000000000000000000000000000000000000000000000000000000000000000000000000000000000000000000000000000000000000000000
000000000000000000000000000000000000000000000000010000000000000000000000000000000000000000000000000000000000000000000000
000000000000000000000000000000000000011111111111111111111111000000000000000000000000000000000000000000000000000000000000
000000000000000000000000000000011111111111111111111111111111111100000000000000000000000000000000000000000000000000000000
000000000000000000000000000001111111111111111111111111111111111111000000000000000000000000000000000000000000000000000000
000000000000000000000000001111111111111111111111111111111111111111110000000000000000000000000000000000000000000000000000
000000000000000000000000111111111111111111111111111111111111111111110000000000000000000000000000000000000000000000000000
000000000000000000000011111111111111111111111111111111111111111111100000000000000000000000000000000000000000000000000000
000000000000000000000111111111111111111111111111111111111111111111100000000000000000000000000000000000000000000000000000
000000000000000000011111111111111111111111111111111111111111111111000000000000000000000000000000000000000000000000000000
000000000000000000111111111111111111111111111111111111111111111110000000000000000000000000000000000000000000000000000000
000000000000000000111111111111111111111111111111111111111111110000000000000000000000000000000000000000000000000000000000
000000000000000001111111111111111111111111111111111111111111100000000000000000000000000000000000000000000000000000000000
000000000000000001111111111111111111111111111111111111111110000000000000000000000000000000000000000000000000000000000000
000000000000000011111111111111111111111111111111111110000000000000000000000000000000000000000000000000000000000000000000
000000000000000011111111111111111111111111111111111100000000000000000000000000000000000000000000000000000000000000000000
000000000000000001111111111111111111111111111111111000000000000000000000000000000000000000000000000000000000000000000000
000000000000000001111111111111111111111111111100001100000000000000000000000000000000000000000000000000000000000000000000
000000000000000000011111111111111111111111111110000010000000000000000000000000000000000000000000000000000000000000000000
000000000000000000000000111111001111111111111110000011100100000000000000000000000000000000000000000000000000000000000000
000000000000000000000000000000011111111111111110000011110100000000000000000000000000000000000000000000000000000000000000
000000000000000000000000000000011111111111111111111111111100000000000000000000000000000000000000000000000000000000000000
000000000000000000000000000000111111111111111111111111100000000000000000000000000000000000000000000000000000000000000000
000000000000000000000000000000011111111111111111110000000000000000000000000000000000000000000000000000000000000000000000
000000000000000000000000000000001111111111111100000000000000000000000000000000000000000000000000000000000000000000000000
000000000000000000000000000000001111111111111100000000000000000000000000000000000000000000000000000000000000000000000000
000000001100000000000000000000111111111111111110000000000000000000000000000000000000000000000000000000000000000000000000
000000001111000000000000000011111111111111111110000000000000000000000000000000000000000000000000000000000000000000000000
000000000000000000000000011111111111111111111110000000000000000000000000000000000000000000000000000000000000000000000000
000000000000000000000011111111111111111111111110000000000000000000000000000000000000000000000000000000000000000000000000
000000000000000001111111111111111111111111111110000000000000000000000000000000000000000000000000000000000000000000000000
000000000000011111111111111111111111111111111110000000000000000000000000000000000000000000000000000000000000000000000000
000000000111111111111111111111111111111111111110000000000000000000000000000000000000000000000000000000000000000000000000
000000011111111111111111111111111111111111111110000000000000000000000000000000000000000000000000000000000000000000000000
000000111111111111111111111111111111111111111110000000000000000000000000000000000000000000000000000000000000000000000000
000001111111111111111111111111111111111111111110000000000000000000000000000000000000000000000000000000000000000000000000
000011111111111111111111111111111111111111111111000000000000000000000000000000000000000000000000000000000000000000000000
000000011111111111111111111111111111111111111111000000000000000000000000000000000000000000000000000000000000000000000000
000000000000000001111111111111111111111111111111000000000000000000000000000000010000000000000000000000000000000000000000
000000000000000000000000111111111111111111111111000000000000000000000000000000000000000000000000000000000000000000000000
