000000000000000000000000000000000000000000011111111111111111111111111111111111000000111111111111111111111110000000000000
000000000000000000000000000000000000000000011111111111111111111111111111111111000000011111111111111111110000000000000000
000000000000000000000000000000000000000000001111111111111111111111111111111110000000001111111111111111111000000000000000
000000000000000000000000000000000000000000000111111111111111111111111111111110000000001111111111111111111000000000000000
000000000000000000000000000000000000000000000001111111111111011111111111111110000000000111111111111111111000000000000000
000000000000000000000000000000000000000000000000001111100000011111111111111100000000000111111111111111111000000000000000
000000000000000000000000000000000000000000000000000000000000011111111111111100000000000111111111111111111100000000000000
000000000000000000000000000000000000000000000000000000000000011111111111111100000000000111111111111111111000000000000000
000000000000000000000000000000000000000000000000000000000000011111111111111000000000001111111111111111111000000000000000
000000000000000000000000000000000000000000000000000000000000111111111111111000000000001111111111111111110000000000000000
000000000000000000000000000000000000000000000000000000000001111111111111111000000000001111111111111111100000000000000000
000000000000000000000000000000000000000000000000000000000111111111111111110000000000011111111111111111100000000000000000
000000000000000000000000000000000000000000000000000000001111111111111111110000000000011111111111111111000000000000000000
000000000000000000000000000000000000000000000000000000011111111111111111000000000000111111111111111110000000000000000000
000000000000000000000000000000000000000000000000000000111111111111111110000000000000111111111111111110000000000000000000
000000000000000000000000000000000000000000000000000011111111111111111100000000000001111111111111111100000000000000000000
000000000000000000000000000000000000000000000000000111111111111111110000000000000011111111111111111100000000000000000000
000000000000000000000000000000000000000000000000011111111111111111100000000000000111111111111111111000000000000000000000
000000000000000000000000000000000000000000000000111111111111111111000000000000001111111111111111111000000000000000000000
000000000000000000000000000000000000000000000011111111111111111110000000000000011111111111111111111000000000000000000000
000000000000000000000000000000000000000000001111111111111111111100000000000000111111111111111111110000000000000000000000
000000000000000000000000000000000000000000111111111111111111111000000000000001111111111111111111110000000000000000000000
000000000000000000000000000000000000000001111111111111111111110000000000000001111111111111111111110000000000000000000000
000000000000000000000000000000000000000000111111111111111111100000000000000000111111111111111111110000000000000000000000
000000000000000000000000000000000000000011111111111111111111100000000000000000111111111111111111100000000000000000000000
000000000000000000000000000000000000000111111111111111111111000000000000000001111111111111111111000000000000000000000000
000000000000000000000000000000000000011111111111111111111110000000000000000011111111111111111110000000000000000000000000
000000000000111111111111111111111111111111111111111111111111111111111111111111111111111111111110000000000000000000000000
111111111111111111111111111111111111111111111111111111111111111111111111111111111111111111111110000000000000000000000000
111111111111111111111111111111111111111111111111111111111111111111111111111111111111111111111111111000000000000000000000
111111111111111111111111111111111111111111111111111111111111111111111111111111111111111111111111111111111100000000000000
111111111111111111111110000000000000001111111110011101100000000000000001111111111111111111111111111111111111111100000000
111000000000000000000000000000000000000000000000000000000000000000000000000001110111001111111111111111111111111111111000
000000000000000000000000000000000000000000000000000000000000000000000000000000000000000000000000111111111111111111111111
000000000000000000000000000000000000000000000000000000000000000000000000000000000000000000000000000000011111111111111111
000000000000000000000000000000000000000000000000000000000000000000000000000000000000000000000000000000000000001111111111
000000000000000000000000000000000000000000000000000000000000000000000000000000000000000000000000000000000000000000001111
000000000000000000000000000000000000000000000000000000000000000000000000000000000000000000000000000000000000000000000000
000000000000000000000000000000000000000000000000000000000000000000000000000000000000000000000000000000000000000000000000
000000000000000000000000000000000000000000000000000000000000000000000000000000000000000000000000000000000000000000000000
