000000000000000000000000000000000000000011111111111111111111111111111111111111111111111111111111111111111111111111111111
000000000000000000000000000000000000000011111111111111111111111111111111111111111111111111111111111111111111111111111111
000000000000000000000000000000000000000011111111111111111111111111111111111111111111111111111111111111111111111111111111
000000000000000000000000000000000000000011111111111111111111111111111111111111111111111111111111111111111111111111111111
000000000000000000000000000000000000000011111111111111111111111111111111111111111111111111111111111111111111111111111111
000000000000000000000000000000000000000011111111111111111111111111111111111111111111111111111111111111111111111111111111
000000000000000000000000000000000000000011111111111111111111111111111111111111111111111111111111111111111111111111111111
000000000000000000000000000000000000001100111111110111111111111111111111111111111111111111111111111111111111111111111111
000000000000000000000000000000000000011100000000000011111111111111111111111111111111111111111111111111111111111111111111
000000000000000000000000000000000000011100000000000001001111111111111111111111111111111111111111111111111111111111111111
000000000000000000000000000000000011111100000000000000001111111111111111111111111111111111111111111111111111111111111111
000000000000000000000000000000000001111100000000000000011111111111111111111111111111111111111111111111111111111111111111
000000000000000000000000000000000111111100000000000000001111111111111111111111111111111111111111111111111111111111111111
000000000000000000000000000000000011111100000000000000011111111111111111111111111111111111111111111111111111111111111111
000000000000000000000000000000000001111100000000000000111111111111111111111111111111111111111111111111111111111111111111
000000000000000000000001111100000000111100000000000001111111111111111111111111111111111111111111111111111111111111111111
000000000000000000000111111111111111111100000000001111111111111111111111111111111111111111111111111111111111111111111111
111111111111111111111111111111111111111100000000000000111111111111111111111111111111111111111111111111111111111111111111
111111111111111111111111111111111111111100000000000000000111111111111111111111111111111111111111111111111111111111111111
011111110000000000000000111111111111111100000000000000000001111111111111111111111111111111111111111111111111111111111111
000000000000000000000000000000001111111100000000000000000000111111111111111111111111111111111111111111111111111111111111
000000000000000000000000000000001111111100000000000000000000001111111111111111111111111111111111111111111111111111111111
000000000000000000000000000000001111111100000000000000000000001111111111111111111111111111111111111111111111111111111111
000000000000000000000000000000011111111100000011100000000000011111111111111111111111111111111111111111111111111111111111
000000000000000000000000000000011111111100000111100000000000111111111111111111111111111111111111111111111111111111111111
000000000000000000000000000000011111111100000011000100000001011111111111111111111111111111111111111111111111111111111111
000000000000000000000000000000111111111100000011001110000110110111111111111111111111111111111111111111111111111111111111
000000000000000000000000000001111111111100000000001100001111011001111111111111111111111111111111111111111111111111111111
000000000000000000000000000011111111111100000000011111111111011101111111111111111111111111111111111111111111111111111111
000000000000000000000000000011111111111100000000001111111110011100111111111111111111111111111111111111111111111111111111
000000000000000000000000000011111111111100000000000011111110111100111111111111111111111111111111111111111111111111111111
000000000000000000000000000011111111111100000000000000111100111111111111111111111111111111111111111111111111111111111111
000000000000000000000000000011111111111100000000000000001111111111111111111111111111111111111111111111111111111111111111
000000000000000000000000000001111111111100000000000000000111111111111111111111111111111111111111111111111111111111111111
000000000000000000000000000001111111111100000000000000011111111111111111111111111111111111111111111111111111111111111111
000000000000000000000000000001111111111100000000000001111111111111111111111111111111111111111111111111111111111111111111
000000000000000000000000000001111111111100000000000111111111111111111111111111111111111111111111111111111111111111111111
000000000000000000000000000011111111111100000000000011111111111111111111111111111111111111111111111111111111111111111111
000000000000000000000000000011111111100011100000000011111111111111111111111111111111111111111111111111111111111111111111
000000000000000000000000000011111111100011110000000001111111111111111111111111111111111111111111111111111111111111111111
