111111111111111111111111111111111111111111111111111111111111111111111111111111111111111111111111111111111111111111111111
111111111111111111111111111111111111111111111111111111111111111111111111111111111111111111111111111111111111111111111111
111111111111111111111111111111111111111111111111111111111111111111111111111111111111111111111111111111111111111111111111
111111111111111111111111111111111111111111111111111111111111111111111111111111111111111111111111111111111111111111111111
111111111111111111111111111111111111111111111111111111111111111110011111111111111111111111111111111111111111111111111111
111111111111111111111111111111111111111111111111111111111111111100011111111111111111111111111111111111110111111111111111
111111111111111111111111111001111111111111111111111111111111110000000011111111111111111111111111111111100000011111111111
111111111111111111111111100000111111111111111111111111111111110000000011111111111111111111111111111110000000001111111111
111111111111111111111100000000000111111111111111111111111111110000000011111111111111111111111111111110000000000111111111
111111111111111111111110000000001111111111111111111111111111110000000011111111111111111111111111111110000000001111111111
111111111111111111111111000000000111111111111111111111111111000000000001111111111111111111111111111111000000011111111111
111111111111111111111111100000000111111111111111111111111111000000000000111111111111111111111111111110000000000000000111
111111111111111111111111100000001111111111111111111111111111100000000000011111111111111111111111111100000000000000000000
111111111111111111111111000000000111111111111111111111111111100000001100000011111111111111111111111110000000000111110000
111111111111111111111111000000000111111111111111111111111111100000011111001111111111111111111111111111000000000111111111
111111110000111111111000000000000111111111111111111111111111000000001111111111111111111111111111111111000000001111111111
110000000000000000000011110000000111111111111111111111111111000000000011111111111111111111111111111110000000011111111111
111000000000000000000000000000000011111111111111111111111111000000000001111111111111111111111111111100000000011111111111
111111100000000000000000000000000000111111111111111111111111000000000000011111111111111111111111111000000000001111111111
111111111110000000000000000000000000011111111111111111111111000000000000011111111111111111111111110000000000001111111111
111111111111111000000000000000000000001111111111111111111111000000000000011111111111111111111111100000000000001111111111
111111111111111111110000000000000000000011111111111111111111000000000011111111111111111111111110000000000000000111111111
111111111111111111111111000000000000000011111111111111111111000111110001111111111111111111111111000000000000001111111111
111111111111111111111111110000000011111111111111111111111111000111110001111111111111111111111111111000010001111111111111
111111111111111111111111110000000111111111111111111111111111100111111001111111111111111111111111111000110001111111111111
111111111111111111111111111000001111111111111111111111111111000111111001111111111111111111111111110001110001111111111111
111111111111111111111111111111000011111111111111111111111111000000000000111111111111111111111111100011100011111111111111
111111111111111111111111111111100001111111111111111111111111100000000000011111111111111111111111001111100111111111111111
111111111111111111111111111110000000011111111111111111111111100000000011111111111111111111111110001111000111111111111111
111111111111111111111111111100000000001111111111111111111111110000000000111111111111111111111110001110000001111111111111
111111111110000111111111110000000000000011111111111111111111111110000000111111111111111111111111000000000000001111111111
111111000000000000111111111000000000000001111111111111111111111111111111011111111111111111111111111000000000001111111111
111111000000000000000011111000000000011111111111111111111111111111111111111111111111111111111111111100000000000111111111
111111110000000000000000100000000001111111111111111111111111111111111111111111111111111111111111111110000000000000011111
111111111110000000000000000000011111111111111111111111111111111111111111111111111111111111111111111110011111100000000001
111111111111110000000000000000111111111111111111111111111111111111111111111111111111111111111111111111111001111111100001
111111111111111100000000000000000111111111111111111111111111111111111111111111111111111111111111111111111111111111111111
111111111111111111100000000000000000111111111111111111111111111111111111111111111111111111111111111111111111111111111111
111111111111111111111100000000000111111111111111111111111111111111111111111111111111111111111111111111111111111111111111
111111111111111111111111000001111111111111111111111111111111111111111111111111111111111111111111111111111111111111111111
