000000000000000000000000000000000000000000000000000000000000000000000000000000000000000000000000000000000000000000000000
000000000000000000000000000000000000000000000000000000000000000000000000000000000000000000000000000000000000000000000000
000000000000000000000000000000000000000000000000000000000000000000000000000000000000000000000000000000000000000000000000
000000000000000000000000000000000000000000000000000000000000000000000000000000000000000000000000000000000000000000000000
000000000000000000000000000000000000000000000000000000000000000000000000000000000000000000000000000000000000000000000000
000000000000000000000000000000000000000000000000000000000000000000000000000000000000000000000000000000000000000000000000
000000000000000000000000000000000000000000000000000000000000000000000000000000000000000000000000000000000000000000000000
000000000000000000000000000000000000000000000000000000000111111111110000000000000000000000000000000000000000000000000000
000000111000000000000000000000000000000000000000000000111111111111111111000000000000000000000000000000000000000000000000
000000111111111000000000000000000000000000000000000011111111111111111111100000000000000000000000000000000000000000000000
000000011111111111110000000000000000000000000000000111111111111111111111110000000000000000000000000000000000000000000000
000000111111111111111111000000000000000000000000011111111111111111111111111000000000000000000000000000000000000000000000
000001111111111111100001111111000000000000000000111111111111111111111111110000000000000000000000000000000000000000000000
000011111111111111000000000001111111000000000011111111111111111111111110000000000000000000000000000000000000000000000000
000011111111111110000000000000000001111111100000000111111111111111111110000000000000000000000000000000000000000000000000
000111111111111110000000000000000000000000111111111111111111111111111000000000000000000000000000000000000000000000000000
000111111111111100000000000000000000000000000000011111111111111111100000000000000000000000000000000000000000000000000000
001111111111111000000000000000000000000000000000000111111111111111111110000000000000000000000000000000000000000000000000
001111111111110000000000000000000000000000000000000001101111111111111111110000000000000000000000000000000000000000000000
001111111111110000000000000000000000000000000000000000001111111111111111111111111100000000000000000000000000000000000000
001111111111110000000000000000000000000000000000000000001111111111111111110000001111111111111011100000000000000000000000
011111111111100000000000000000000000000000000000000000011111111111111111111000000000000001111111111110000000000000000000
011111111111100000000000000000000000000000000000000000011111111111111111111110000000000000001111111111111111111000000000
011111111111100000000000000000000000000000000000000000111111111111111111111110000000000000011111111000000011111111111111
001111111111100000000000000000000000000000000000000011111111111111111111111111000001111111111111100000000000000000011111
001111111111100000000000000000000000000000000000000011111001111111111111111111111111111111111110000000000000000000000000
001111111111100000000000000000000000000000000000000011111111111111111111111111111111111110000000000000000000000000000000
001111111111100000000000000000000000000000000000000000011111111111111111111011111100000000000000000000000000000000000000
000111111111100000000000000000000000000000000000000000000111111111111111110000000000000000000000000000000000000000000000
000111111111110000000000000000000000000000000000000000000000111111111111110000000000000000000000000000000000000000000000
000011111111110000000000000000000000000000000000000000000000111111111111111100000000000000000000000000000000000000000000
000011111111111000000000000000000000000000000000000000000001111111111111111100000000000000000000000000000000000000000000
000001111111111000000000000000000000000000000000000000000111111111111111111110000000000000000000000000000000000000000000
000000111111111100000000000000000000000000000000000000001111111111111111111111000000000000000000000000000000000000000000
000000011111111110000000000000000000000000000000000000111111111111111111111111110000000000000000000000000000000000000000
000000001111111111000000000000000000000000000000000011111111111111111111111111111100000000000000000000000000000000000000
000000000111111111000000000000000000000000000000000111111111111111111111111111111110000000000000000000000000000000000000
000000000011111111000000000000000000000000000000011111111111111111111111111111111000000000000000000000000000000000000000
000000000011111111000000000000000000000000000001111111111111111111111111111111111100000000000000000000000000000000000000
000000000011111110000000000000000000000000000111111111111111111111111111111111111100000000000000000000000000000000000000
