111111111111111111111111111111111111111111111111111111111111111111111111111111111111111111111100000000000000000000000000
111111111111111111111111111111111111111111111111111111111111111111111111111111111111111111110000000000000000000000000000
111111111111111111111111111111111111111111111111111111111111111111111111111111111111111111100000000000000000000000000000
111111111111111111111111111111111111111111111111111111111111111111111111111111111111111111100000000000000000000000000000
111111111111111111111111111111111111111111111111111111111111111111111111111111111111111111000000000000000000000000000000
111111111111111111111111111111111111111111111111111111111111111111111111111111111111111111000000000000000000000000000111
111111111111111111111111111111111111111111111111111111111111111111111111111111111111111110000000000000000000000000000111
111111111111111111111111111111111111111111111111111111111111111111111111111111111111111110000000000000000000000000001111
111111111111111111111111111111111111111111111111111111111111111111111111111111111111111110000000000000000000000000001111
111111111111111111111111111111111111111111111111111111111111111111111111111111111111111111000000000000000000000000011111
111111111111111111111111111111111111111111111111111111111111111111111111111111111111111111000000000000000000000000011111
111111111111111111111111111111111111111111111111111111111111111111111111111111111111111111100000000000000000000000011111
111111111111111111111111111111111111111111111111111111111111111111111111111111111111111111000000000000000000000000011111
111111111111111111111111111111111111111111111111111111111111111111111111111111111111111111000000000000000000000000011111
111111111111111111111111111111111111111111111111111111111111111111111111111111111111111110000000000000000000000000001111
111111111111111111111111111111111111111111111111110010001111111111111111111111111111111000000000000000000000000000000111
111111111111111111111111111111111111111111111111110000000111111111111111111111111111000000000000000000000000000000000111
111111111111111111111111111111111111111111111111000000000001111111111111111111111100000000000000000000000000000000000011
111111111111111111111111111111111111111111111110000000000001111111111111111111110000000000000000000000000000000000000001
111111111111111111111111111111111111111111111100000000000011111111111111111110000000000000000000000000000000000000000000
111111111111111111111111111111111111111111111100000000000000111111111111111000000000000000000000000000000000000000000000
111111111111111111111111111111111111111111111110000000000000111111110000000000000000000000000000000000000000000000000000
111111111111111111111111111111111111111111111110000000000000000000000000000000000000000011100000000000000000000000000000
111111111111111111111111111111111111111111111110000000000000000000000000000000000000011111100000000000000000000000000000
111111111111111111111111111111111111111111111110000000000000000000000000000000000011111111000000000000000000000000000000
111111111111111111111111111111111111111111111110000000000000000000000000000000000111111111000000000000000000000000000000
111111111111111111111111111111111111111111111100000000000000000000000000000000011111111110000000000000000000000000000000
111111111111111111111111111111111111111111111100000000000000000000000000000001111111111100000000000000000000000000000000
111111111111111111111111111111111111111111111110000000000000000000000000000001111111111100000000000000000000000000000000
111111111111111111111111111111111111111111111110000000010110000000000000000000011111111000000000000000000000000000000000
111111111111111111111111111111111111111111111110000000111110000000000000000000000111110000000000000000000000000000000000
111111111111111111111111111111111111111111111111000001111111000000000000000000000001100000000000000000000000000000000000
111111111111111111111111111111111111111111111111111011111111000000000000000000000000000000000000000000000000000000000000
111111111111111111111111111111111111111111111111111111111111000000000000000000000000000000000000000000000000000000000000
111111111111111111111111111111111111111111111111111111111111000000000000000000000000000000000000000000000000000000000000
111111111111111111111111111111111111111111111111111111111111000000000000000000000000000000000000000000000000000000000000
111111111111111111111111111111111111111111111111111111111111000000000000000000000000000000000000000000000000000000000000
111111111111111111111111111111111111111111111111111111111110000000000000000000000000000000000000000000000000000000000000
111111111111111111111111111111111111111111111111111111111110000000000000000000000000000000000000000000000000000000000000
111111111111111111111111111111111111111111111111111111111110000000000000000000000000000000000000000000000000000000000000
