111111111111111111111111111111111111111111111111111111111111111111111111111111111111111111111111111111111111111111111111
111111111111111111111111111111111111111111111111111111111111111111111111111111111111111111111111111111111111111111111111
111111111111111111111111111111111111111111111111111111111001111111111111111111111111111111111111111111111111111111111111
111111111111111111111111111111111111111111111111111111100000001111111111111111111111111111111111111111111111111111111111
111111111111111111111111111111111111111111111111111111110000000011111111111111111111111111111111111111111111111111111111
111111111111111111111111111111111111111111111111111111100000000111111111111111111111111111111111111111111111111111111111
111111111111111111111111111111111111111111111111111100000000000111111111111111111111111111111111111111111111111111111111
111111111111111111111111111111111111111111111001100000000000000001111111111111111111111111111111111111111111100000001111
111111111111111111111111111111111111111111111000000000000000000000001111111111111111111111111111111111111110000000001111
111111111111111111111111111111111111111111111100000000000000000000000111111111111111111111111111111111111100000000000011
111111111111111111111111111111111111111111111110000000000000000000001111111111111111111111111111111111111100000000000000
111111111111111111111111111111111111111111111110000000000000000000000111111111111111111111111111111111111110000011000000
111111111111111111111111111111111111111111111100000000000000000000000111111111111111111111111111111111111111111111000000
111111111111111111111111111111111111111111111110000000000000000000000011111111111111111111111111111111111111111111000000
111111111111111111111111111111111111111111111111100000000000000000000001111111111111111111111111111111111111111100000011
111111111111111111111111111111111111111111111111110000000000000000000001111111111111111111111111111111111111111000000011
111111111111111111111111111111111111111111111111111000000000000000000011111111111111111111111111111111111111110000000111
111111111111111111111111111111111111111111111111111111000000000000000111111111111111111111111111111111111111100000000000
111111111111111111111111111111111111111111111111111110000000000001111111111111111111111111111111111111111111000000000000
111111111111111111111111111111111111111111111111000000000000000000001111111111111111111111111111111111111111000000000000
111111111111111111111111111111111111111111111111000000000000000000001111111111111111111111111111111111111111111111111100
111111111111111111111111111111111111111111111110000000000000000000001111111111111111111111111111111111111111111111111100
111111111111111111111111111111111111111111111100000000000000000000000111111111111111111111111111111111111111111111111100
111111111111111111111111111111111111111111111000000000000000000000000111111111111111111111111111111111111111111111111100
111111111111111111111111111111111111111111110000000000000000000000001111111111111111111111111111111111111111111111111100
111111111111111111111111111111111111111111100000000000000000000000001111111111111111111111111111111111111111111111111100
111111111111111111111111111111111111111111000000000000000000000000001111111111111111111111111111111111111111111111111110
111111111111111111111111111111111111110000000000000000000000000000001111111111111111111111111111111111111111111111111110
111111111111111111111111111111111000000000000000000000000000000000001111111111111111111111111111111111111111111111111000
000000000000111111111111111111000000000000011000000000000000000000001111111111111111111111111111111111111111111111110000
000000000000000111000000000000000000000111111000000000000000000000011111111111111111111111111111111111111111111111100000
000000000000000000000000000000000000000000000000000000000000001111111111111111111111111111111111111111111111111111000000
000000000000000000000000000000000000000000000000000000000000000111111111111111111111111111111111111111111111111110000000
000000000000000000000000000000000000000000000000000000000000000001111111111111111111111111111111111111111111111100000000
000000000000000000000000000000000000000000000000000000000000000000000111111111110000000000000001111111111111111000000000
100000000000000000000000000000000000000000000000000000000000000000000000000000000000000000000000111111111111110000000000
111111100000000000000000000000000000000000000000000000000000000000000000000000000000000000000000111111111111000000000000
111111111111110000000000000000000000000000000000000000000000000000000000000000000000000000000000111111111100000000000000
111111111111111111111000000000000000000000000000000000000000000000000000000000000000000000000001111111110000000000000000
111111111111111111111111111100000000000000000000000000000000000000000000000000000000000000000011111111100000000000000000
