000000000000000000000000000000000000000000000000000000000000000000000000000000000000000000000000000000000000000000000000
000000000000000000000000000000000000000000000000000000000000000000000000000000000000000000000000000000000000000000000000
000000000000000000000000000000000000000000000000000000000000000000000000000000000000000000000000000000000000000000000000
000000000000000000000000000000000000000000000000000000000000000000000000000000000000000000000000000000000000000000000000
000000000000000000000000000000000000000000000000000000000000000000000000000000000000000000000000000000000000000000000000
000000000000000000000000000000000000000000000000000000000000000000000000000000000000000000000000000000000000000000000000
000000000000000000000000000000000000000000000000000000000000000000000000000000000000000000000000000000000000000000000000
000000000000000000000000000000000000000000000000000000000000000000000000000111100000000000000000000000000000000000000000
000000000000000000000000000000000000000000000000000000000000000000000000001111110000000000000000000000000000000000000000
000000000000000000000000000000000000000000000000000000000000000000000000011111110000000000000000000000000000000000000000
000000000000000000000000000000000000000000000000000000000000000000000111111111111111110000000000000000000000000000000000
000000000000000000000000000000000000000000000000000000000000000000001111111111111111110000000000000000000000000000000000
000000000000000000000000000000000000000000000000000000000000000000000000011111111110000000000000000000000000000000000000
000000000000000000000000000000000000000000000000000000000000000000000000111111111100000000000000000000000000000000000000
000000000000000000000000000000000000000000000000000000000000000000000000111111111000011000000000000000000000000000000000
000000000000000000000000000000000000000000000000000000000000000000000000111111111111110000000000000000000000000000000000
000000000000000000000000000000000000000000000000000000000000000000000000001111111111111111110000000000000000000000000000
000000000000000000000000000000000000000000000000000000000000000000000000001111111111111111111110000000000000000000000000
000000000000000000000000000000000000000000000000000000000000000000000000011111111111111111111111100000000000000000000000
000000000000000000000000000000000000000000000000000000000000000000000011111111111111111111111111100000000000000000000000
000000000000000000000000000000000000000000000000000000000000000000001111111111111111111111111111100000000000000000000000
000000000000000000000000000000000000000000000000000000000000000000000111111111111111111111111111100000000000000000000000
000000000000000000000000000000000000000000000000000000000000000000000000011111000111111111111111000000000000000000000000
000000000000011000000000000000000000000000000000000000000000000000000000001110000111100111001000000000000000000000000000
000000000001111000000000000000000000000000000000000000000000000000000000000000000011100001000000000000000000000000000000
000000000011111110000000000000000000000000000000000000000000000000000000000000000000000000000000000000000000000000000000
000000000011111110000000000000000000000000000000000000000000000000000000000000000000000000000000000000000000000000000000
000000111111111111110000000000000000000000000000000000000000000000000000000000000000000000000000000000000000000000000000
000001111111111111111000000000000000000000000000000000000111000000000000000000000000000000000000000000000000000000000000
000001111111111111111100000110000000000000000000000000001111100000000000000000000000000000000000000000000000000000000000
000001111111111111111100001111000000000000000000000000011111110000000000000000000000000000000000000000000000000000000000
000001111111111111111000011111100000000000000000000000011111110000000000000000000000000000000000000000000000000000000000
000001111111111111111000111111110000000000000000000000001111100000000000000000000000000000000000000000000000000000000000
111111111111111111111111111111111111111111111111111000001111100000000000000000000000000000000000000000000000000000000000
111111111111111111111111111111111111111111111111111111001111100000000000000000000000000000000000000000000000000000000000
111111111111111111111111111111111111111111111111111111111111100000000000000000000000000000000000000000000000000000000000
111111111111111111111111111111111111111111111111111111111111100000000000000000000000000000000000000000000000000000000000
111111111111111111111111111111111111111111111111111111111111100000000000000000000000000000000000000000000000000000000000
111111111111111111111111111111111111111111111111111111111111100000000000000000000000000000000000000000000000000000000000
111111111111111111111111111111111111111111111111111111111111100000000000000000000000000000000000000000000000000000000000
