000000000000000000000000000000000000000000000000000000000000000000000000000000000000000000000000000000000000000000000000
000000000000000000000000000000000000000000000000000000000000000000000000000000000000000000000000000000000000000000000000
000000000000000000000000000000000000000000000000000001110000000000000000000000000000000000000000000000000000000000000000
000000000000000000000000000000000000000000000000000011111111100000000000000000000000000000000000000000000000000000000000
000000000000000000000000000000000000000000000000000111111111111100000111111000000000000000000000000000000000000000000000
000000000000000000000000000000000000000000000000001111111111111111111111111000000000000000000000000000000000000000000000
000000000000000000000000000000000000000000000000001111111111111111111111110000000000000000000000000000000000000000000000
000000000000000000000000000000000000000000000000000001111111111111111111110000000000000000000000000000000000000000000000
000000000000000000000000000000000000000000000000000011111111111111111111110000000000000000000000000000000000000000000000
000000000000000000000000000000000000000000000000000111111111111111111111110000000000000000000000000000000000000000000000
000000000000000000000000000000000000000000000000001111111111111111111111110000000000000000000000000000000000000000000000
000000000000000000000000000000000000000000000000001111111111111111111111110000000000000000000000000000000000000000000000
000000000000000000000000000000000000000000000000011111111111111111111111000000000000000000000000000000000000000000000000
000000000000000000000000000000000000000000000000011111111111111111111000000000000000000000000000000000000000000000000000
000000000000000000000000000110000000000000000000011111111111111111110000000000000000000000000000000000000000000000000000
000000000000000000000000010111110000000000000000111111111111111111110000000000000000000000000000000000000000000000000000
000000000000000000000000100111111000000000000000111111111111111111111100000000000000000000000000000000000000000000000000
000000000000000000000011111111111100000000000001111111111111111111111111000000000000000000000000000000000000000000000000
000000000000000000000011111111111100000000000001111111111111111111111111110000000000000000000000000000000000000000000000
000000000000000000000001111111111110000000000011111111111111111111111111111000000000000000000000000000000000000000000000
000000000000000000000001111111111000000000001111111111111111111111111111111110000000000000000000000000000000000000000000
000000000000000000000000001111100000000000001111111111111111111111111111111110000000000000000000000000000000000000000000
000000000000000000011111111111100100000000011111111111111111111111111111111110000000000000000000000000000000000000000000
000000000000000000000011111111111111111100111111111111111111111111111111111110000000000000000000000000000000000000000000
000000000000000000000000000000011111111111111111111111111111111111111111111110000000000000000000011000000000000000000000
000000000000000000000000000000000111111111111111111111111111111111111111111111111111111100000111111000000000000000000000
000000000000000000000000000000000000000011111111111111111111111111111111111111111111111111111111110000000000000000000000
000000000000000000000000000000000000000000111111111111111111111111111001011111111111111111111100000000000000000000000000
000000000000000000000000000000000000000000010000001111111111111111111100100000000000001100000000000000000000000000000000
000000000000000000000000000000000000000000100000001111111111111111111100000000000000000000000000000000000000000000000000
000000000000000000000000000000000000000000000000001111111111111111111100000000000000000000000000000000000000000000000000
000000000000000000000000000000000000000000000000001111111111111111111100000000000000000000000000000000000000000000000000
000000000000000000000000000000000000000000000000011111111111111111111110000000000000000000000000000000000000000000000000
000000000000000000000000000000000000000000000000111111111111111111111111000000000000000000000000000000000000000000000000
000000000000000000000000000000000000000000000001111111111111111111111111100000000000000000000000000000000000000000000000
000000000000000000000000000000000000000000000011111111111111111111111111110000000000000000000000000000000000000000000000
000000000000000000000000000000000000000000000011111111111111111111111111111000000000000000000000000000000000000000000000
000000000000000000000000000000000000000000000111111111111111111111111111111100000000000000000000000000000000000000000000
000000000000000000000000000000000000000000000111111111111111111111111111111110000000000000000000000000000000000000000000
000000000000000000000000000000000000000000001111111111111111111111111111111110000000000000000000000000000000000000000000
