000000000000000000000000000000000000000011111111111111111111111111111111111111111111111111111111111111111111111111111110
000000000000000000000000000000000000000011110011111111111111111111111111111111111111111111111111111111111111111111111111
000000000000000000000000000000000000000000111110001111111111111111111111111111111111111111111111111111111111111111111111
000000000000000000000000000000000000000000001001111111111111111111111111111111111111111111111111111111111111111111111111
000000000000000000000000000000000000000000000100000000111111111111111111111111111111111111111111111111111111111111111111
000000000000000000000000000000000000000000000001000000011111111111111111111111111111111111111111111111111111111111111111
000000000000000000000000000000000000000000000000001110001111111111111111111111111111111111111111111111111111111111111110
000000000000000000000000000000000000000000000000000000000101111111111111111111111111111111111111111111111111111111111110
000000000000000000000000000000000000000000000000000000000111111111111111111111111111111111111111111111111111111111111100
000000000000000000000000000000000000000000000000000000001111111111111111111111111111111111111111111111111111111111111100
000000000000000000000000000000000000000000000000001100001111111111111111111111111111111111111111111111111111111111111110
000000000000000000000000000000000000000000000000100011001111111111111111111111111111111111111111111111111111111111111111
000000000000000000000000000000000000000000000000111111111111111111111111111111111111111111111111111111111111111111111111
000000000000000000000000000000000000000000000000000111111111111111111111111111111111111111111111111111111111111111111111
000000000000000000000000000000000000000000000000000111111111111111111111111111111111111111111111111111111111111111111111
000000000000000000000000000000000000000000000000000111111111111111111111111111111111001111111111111111111111111111111111
000000000000000000000000000000000000000000000000000000111111111111111111111111111111000001111111111111111111111111111111
000000000000000000000000000000000000000000000000000000000011111111111111111111111111100000011111111111111111111111111111
000000000000000000000000000000000000000000001011111111111111111111111111111111111111110000001111111111111111111111111111
000000000000000000000000000000000000001111111111111111111111111111111111111111111111110000000000111111111111111111111111
000000000000000000000000000000000011111111111111111111111111111111111111111111111111110000000000100001111111111111111111
000000000000000000000000000000000111111111111111111111111111111111111111111111111111110000000000010000000011111111111111
000000000000000000000000000000000001111111111111111111111111111111111111111111111111111000000000001000000000011111111111
000000000000000000000000000000000000011111111111111111111111111111111111111111111111111000000000000010000000001111111111
000000000000000000000000000000000000000011111111111111111111111111111111111111111111111000000000000000110000000111111111
000000000000000000000000000000000000000000111111111111111111111111111111111111111111111100000000000000000000000000001111
000000000000000000000000000000000000000000000111111111111111111111111111111111111111111100000000000000000000000000000100
000000000000000000000000000000000000000000000001111111111111111111111111111111111111111110000000000000000000000000000010
000000000000000000000000000000000000000000000000011111111111111111111111111111111111111110000000000000000000000000000001
000000000000000000000000000000000000000000000000011111111111111111111111111111111111111110000000000000000000000000000000
000000000000000000000000000000000000000000000000111111111111111111111111111111111111111111000000000000000000000000000000
000000000000000000000000000000000000000000000000111111111111111111111111111111111111111111100000000000000000000000000000
000000000000000000000000000000000000000000000000011111111111111111111111111111111111111111100000000000000000000000000000
000000000000000000000000000000000000000000000000111111111111111111111111111111111111111111110000000000000000000000000000
000000000000000000000000000000000000000000000011111100111111111111111111111111111111111111111000000000000000000000000000
000000000000000000000000000000000000000000001111110000011111111111111111111111111111111111111000000000000000000000000000
000000000000000000000000000000000000000000001111000000111111111111111111111111111111111111111100000000000000000000000000
000000000000000000000000000000000000000000000000000000111111111111111111111111111111111111111110000000000000000000000000
000000000000000000000000000000000000000000000000000001111111111111111111111111111111111111111110000000000000000000000000
000000000000000000000000000000000000000000000000000001111111111111111111111111111111111111110111000000000000000000000000
