111111111111111111111111111111111111111000000000000000000000000000000000000000000000000011100000000000011111111111111111
111111111111111111111111111111111111000000000000000000000000000000000000000000000000000111100000000000011111111111111111
111111111111111111111111111111111111111000000000000000000000000000000000000000000000001111100000000000011111111111111111
111111111111111111111111111111111111111000000000000000000000000000000000000000000000011111000000000000011111111111111111
111111111111111111111111111111111111111111000000000000000100000000000000000000000000011111000000000000001111111111111111
111111111111111111111111111111111111111111000000000000000000000000000000000000000001001111000000000000001111111111111111
111111111111111111111111111111111111111111110000000000000000000000000000000000000001111111000000000000001111111111111111
001111111111111111111111111111111111111111111110000000000000000000000000000000001101111111000000000000000111111111111000
000000111111111111111111111111111111111111111111111000000000000001000001000000111111111111000000000000000111111110000000
000000000011111111111111111111111111111111111111111100000000000000010011001011111111111111000000000000011111100000001110
000111100000001111111111111111111111111111111111111110000000000000111111111111111111111111100000000000000000000011111100
000111111100000000000000000000000000111111111110000000000000000000000000111111111110000000000000000000000000001111111000
000011111100000000000000000000000000011111000000000000000000000000000000000011111100000000000000000001111000000111110000
000011110000000011111111110000011000000000000000000000000000000000000000000000111000001110000000000001110000000001110000
000011100000000001111111000000001110000000000000000000000000000000000000000000000000111100000000000011100000000001111000
000111000000000001111110000000000110000000000000000000000000000000000000000000000000111000000000001111100000000000111000
000111100000000001111110000000000000000000000000000000000000000000000000000000000000000000000000011111100000000001111100
000111100000000001111110000000000000000000000000000000000000000000000000000000000000000000000000011111100000000001111100
001111110000000011111110000000000000000000000000000000000000000000000000000000000000000000000000111111110000000011111110
001111111000000011111111000000000000000000000000000000000000000000000000000000000000000000000000111111110000000111111110
011111111000000111111111000000000000000000111111111111111111111111111111111111111111111111111111111111111111111111111111
111111111111111111111111111111111111111111111111111111111111111111111111111111111111111111111111111111111111111111111111
111111111111111111111111111111111111111111111111111111111111111111111111111111111111111111111111111111111111111111111111
111111111111111111111111111111111111111111111111111111111111111111111111111111111111111111111111111111111111111111111111
111111111111111111111111111111111111111111111111110000000000000000000000000000000000000001100111111111111111111111111111
111111111111111111111111111000000000000000000000000000000000000000000000000000000000000000100111111111111111111111111111
111111111111111111111111111100000000000000000000000000000000000000000000000000000000000000011111111111111111111111111111
111111111111111111111111111000000000000000000000000000000000000000000000000000000000000000011111111111111111111111111111
111111111111111111111111111000000000000000000000000000000000000000000000000000000000000000001111111111111111111111111111
111111111111111111111111110000000000000000000000000000000000000000000000000000000000000000000111111111111111111111111111
111111111111111111111111100000000000001000000000000000000000000000000000000000000000000000000111111111111111111111111111
111111111111111111111111100000000000011000000000000000000000000000000000000000000000000000000011111111111111111111111111
111111111111111111111111100000000000111000000000000000000000000000000000000000000100000000000011111111111111111111111111
111111111111111111111110000000000001111000000000000000000000000000000000000000000110000000000000111111111111111111111111
111111111111111111000000000000000001111000000000000000000000000000000000000000001111000000000000000011111111111111111111
111111111111111000000000000000000011111000000000000000000000000000000000000000000111100000000000000000001111111111111111
111111111110000000000000000000001111111000000000000000000000000000000000000000000111110000000000000000000000111111111111
111111100000000000000000000000011111111000000000000000000000000000000000000000000111111000000000000000000000000011111111
111100000000000000000000000011111111111000000000000000000000000000000000000000000111111111000000000000000000000000001111
000000000000000000000000011111111111111000000000000000000000000000000000000000000111111111111000000000000000000000000000
