111111111111111111111111111111111111111111111111111111111111111111111111111111111111111111111111111111111111111111111111
111111111111111111111111111111111111111111111111111111111111111111111111111111111111111111111111111111111111111111111111
111111111111111111111111111111111111111111111111111111111111111111111111111111111111111111111111111111111111111111111111
111111111111111111111111111111111111111111111111111111111111111111111111111111111111111111111111111111111111111111111111
111111111111111111111111111111111111111111111111111100000000000000000001111111100000111111111111111111111111111111111111
111111111111111111111111111111111111111111111111110000000000000000000000011000000000111111111111111111111111111111111111
111111111111111111111111111111111111111111111111000000000000000000000000000000000000111111111111111111111111111111111111
111111111111111111111111111111111111111111111111000000000000000000000000000000000000011111111111111111111111111111111111
111111111111111111111111111111111111111111111111000000000000000000000000000000000000000111111111111111111111111111111111
111111111111111111111111111111111111111111111111000000000000000000000000000000000001111111111111111111111111111111111111
111111111111111111111111111111111111111111111110000000000000000000000000000000000001111111111111111111111111111111111111
111111111111111111111111111111111111111111110000000000000000000000000000000001110011111111111111111111111111111111111111
111111111111111111111111111111111111111111100000000000000000000000000000000000111111111111111111111111111111111111111111
111111111111111111111111111111111111111111111100000000000000000000000000000011111111111111111111111111111111111111111111
111111111111111111111111111111111111111111111111110000000000000000000000000111111111111111111111111111111111111111111111
111111111111111111111111111111111111111111111111100000000000000000000000000011111111111111111111111111111111111111111111
111111111111111111111111111111111111111111111111000000000000000000000000000011111111111111111111111111111111111111111111
111111111111111111111111111111111111111111111111101100000000000000000000011111111111111111111111111111111111111111111111
111111111111111111111111111111111111111111111111111111100000000000111111111111111111111111111111111111111111111111111111
111111111111111111000111111111111111111111111111111000000000000000000111111111111111111111111111111111111111111111111111
111111111111111100000000011111111111111111111110000000000000000000000000000011111111111111111111111111111111110001111111
111111111111111000000000000001111111111111111100000000000000000000000000000000111111111111111111111111111110000000011111
111111111111100000000000000000001111111111111000000000000000000000000000000000011111111111111111111111000000000000001111
111111111110000000000000000000000001111111110000000000000000000000000000000000001111111111111111110000000000000000000011
111111111000000000000000000000000000000000000000000000000000000000000000000000001100001111111000000000000000000000000000
111111100000000000000000000000000000000000000000000000000000000000000000000000000000000000000000000000000000000000000000
111100000000000011100110000000000000000000000000000000000000000000000000000000000000000000000000000000000000000000000000
100000000000000111111111110000111110000000111100000000000000000000000000000000111110000000000000000000000000000000000000
000001111000001111111111111111111111100111111110000000000000000000000000000001111111110000000000000000000001111000010000
111111111111111111111111111111111111111111111110000000000000000000000000000001111111111110001111111110011111111011111100
111111111111111111111111111111111111111111111110000000000000000000000000000000111111111111111111111111111111111111111110
111111111111111111111111111111111111111111111100000000000000000000000000000000111111111111111111111111111111111111111111
111111111111111111111111111111111111111111111111100000000000000000000011000001111111111111111111111111111111111111111111
111111111111111111111111111111111111111111111111100000000000000000000011111111111111111111111111111111111111111111111111
111111111111111111111111111111111111111111111110000000000000000000000001111111111111111111111111111111111111111111111111
111111111111111111111111111111111111111111111100000000000000000000000000111111111111111111111111111111111111111111111111
111111111111111111111111111111111111111111111100000000000000000000000000111111111111111111111111111111111111111111111111
111111111111111111111111111111111111111111111110000000000000000000000000111111111111111111111111111111111111111111111111
111111111111111111111111111111111111111111111100000000000000000000000000011111111111111111111111111111111111111111111111
111111111111111111111111111111111111111111111000000000000000000000000000001111111111111111111111111111111111111111111111
