000000000000000000000000000000000000000000000000000000001111111111111111111111111111111111111111111111111111111111111111
000000000000000000000000000000000000000000000000000000001111111111111111111111111111111111111111111111111111111111111111
000000000000000000000000000000000000000000000000000000001111111111111111111111111111111111111111111111111111111111111111
000000000000000000000000000000000000000000000000000000001111111111111111111111111111111111111111111111111111111111111111
000000000000000000000000000000000000000000000000000000001111111111111111111111111111111111111111111111111111111111111111
000000000000000000000000000000000000000000000000000000001111111111111111111111111111111111111111111111111111111111111111
000000000000000000000000000000000000000000000000001110001111111111111111111111111111111111111111111111111111111111111111
000000000000000000000000000000000000000000000000011111001111111111111111111111111111111111111111111111111111111111111111
000000000000000000000000000000000000000000000000011111001111111111111111111111111111111111111111111111111111111111111111
000000000000000000000000000000000000000000000000011111001111111111111111111111111111111111111111111111111111111111111111
000000000000000000000000000000000000000000000000001111001111111111111111111111111111111111111111111111111111111111111111
000000000000000000000000000000000000000000000000001111001111111111111111111111111111111111111111111111111111111111111111
000000000000000000000000000000000000000000000000001111001111111111111111111111111111111111111111111111111111111111111111
000000000000000000000000000000000000000000000000001111101111111111111111111111111111111111111111111111111111111111111111
000000000000000000000000000000000000000000000000001111101111111111111111111111111111111111111111111111111111111111111111
000000000000000000000000000000000000000000000000000111101111111111111111111111111111111111111111111111111111111111111111
000000000000000000000000000000000000000000000000000111101111111111111111111111111111111111111111111111111111111111111111
000000000000000000000000000000000000000000000000000111101111111111111111111111111111111111111111111111111111111111111111
000000000000000000000000000000000000000000000000000111111111111111111111111111111111111111111111111111111111111111111111
000000000000000000000000000000000000000000000000001111111111111111111111111111111111111111111111111111111111111111111111
000000000000000000000000000000000000000000000000011111111111111111111111111111111111111111111111111111111111111111111111
000000000000000000000000000000000000000000000000111111101111111111111111111111111111111111111111111111111111111111111111
000000000000000000000000000000000000000000000001111111101111111111111111111111111111111111111111111111111111111111111111
000000000000000000000000000000000000000000000001111111111111111111111111111111111111111111111111111111111111111111111111
000000000000000000000000000000000000000000000001111111101111111111111111111111111111111111111111111111111111111111111111
000000000000000000000000000000000000000000000001111111110011111111111111111111111111111111111111111111111111111111111111
000000000000000000000000000000000000000000000011111111110000111111111111111111111111111111111111111111111111111111111111
000000000000000000000000000000000000000000001111111111110000000001111111111111111111111111111111111111111111111111111111
000000000000000000000000000000000000000000011111111111110000000000111111111111111111111111111111111111111111111111111111
000000000000000000000000000000000000000000111111111111110000000000011111111111111111111111111111111111111111111111111111
000000000000000000000000000000000000000000111111111111110000000000011111111111111111111111111111111111111111111111111111
000000000000000000000000000000000000000000111111111111110000000000011111111111111111111111111111111111111111111111111111
000000000000000000000000000000000000000000011111111111110000000001111111111111111111111111111111111111111111111111111111
000000000000000000000000000000000000000000011111111111110000000001111111111111111111111111111111111111111111111111111111
000000000000000000000000000000000000000000111111111111110000000001111111111111111111111111111111111111111111111111111111
000000000000000000000000000000000000000000111111111111110000000101111111111111111111111111111111111111111111111111111111
000000000000000000000000000000000000000001001111111111110000000010111111111111111111111111111111111111111111111111111111
000000000000000000000000000000000000000000101011111111110000000000111111111111111111111111111111111111111111111111111111
000000000000000000000000000000000000000000011111111111110000000001111111111111111111111111111111111111111111111111111111
000000000000000000000000000000000000000000011111111111110000000000111111111111111111111111111111111111111111111111111111
