111111111111111111111111111111111111111111111111111111111111111111111111111111111111111111111111111111111111111111111111
111111111111111111111111111111111111111111111111111111111111111111111111111111111111111111111111111111111111111111111111
111111111111111111111111111111111111111111111111111111111111111111111111111111111111111111111111111111111111111111111111
111111111111111111111111111111111111111111111111111111111111111111111111111111111111111111111111111111111111111111111111
111111111111111111111111111111111111111111111111111111111111111111111111111111111111111111111111111111111111111111111111
111111111111111111111111111111111111111111111111111100000000000000111111111111011111111111111111111111111111111111111111
111111111111111111111111111111111111111111111111100000000000000000000011111000011111111111111111111111111111111111111111
111111111111111111111111111111111111111111111111000000000000000000000000100000001111111111111111111111111111111111111111
111111111111111111111111111111111111111111111110000000000000000000000000000000000111111111111111111111111111111111111111
111111111111111111111111111111111111111111111100000000000000000000000000000000000011111111111111111111111111111111111111
111111111111111111111111111111111111111111111100000000000000000000000000000000000011111111111111111111111111111111111111
111111111111111111111111111111111111111111111100000000000000000000000000000000111111111111111111111111111111111111111111
111111111111111111111111111111111111111111000000000000000000000000000000000000111111111111111111111111111111111111111111
111111111111111111111111111111111111111111000000000000000000000000000000000111111111111111111111111111111111111111111111
111111111111111111111111111111111111111111111100000000000000000000000000000011111111111111111111111111111111111111111111
111111111111111111111111111111111111111111111110000000000000000000000000011111111111111111111111111111111111111111111111
111111111111111111111111111111111111111111111100000000000000000000000000111111111111111111111111111111111111111111111111
111111111111111111111111111111111111111111111100000000000000000000000000011111111111111111111111111111111111111111111111
111111111111111111111111111111111111111111111111110000000000000000000010111111111111111111111111111111111111111111111111
111111111111111111111111111111111111111111111111111111100000000111111111111111111111111111111111111111111111111111111111
111111111100011111111111111111111111111111111111000000000000000000111111111111111111111111111111111111111111111111111111
111111110000000000111111111111111111111111110000000000000000000000000000011111111111111111111111111111111111111111111111
111111100000000000000111111111111111111111100000000000000000000000000000000111111111111111111111111100011111111111111111
111110000000000000000000011111111111111111000000000000000000000000000000000011111111111111111100000000000111111111111111
110000000000000000000000000000111111100111000000000000000000000000000000000001111111111111000000000000000001111111111111
000000000000000000000000000000000000000000000000000000000000000000000000000000111111110000000000000000000000011111111111
000000000000000000000000000000000000000000000000000000000000000000000000000000000000000000000000000000000000000111111111
000000001000011000000000000000000000001111100000000000000000000000000000000000000000000000000000000000000000000001111111
000000111110111111000011111100000001111111111000000000000000000000000000000000000000000000000000000000000000000000001111
000001111111111111111111111111011111111111111000000000000000000000001000000011100000011110000000111110011100000000000001
111111111111111111111111111111111111111111111000000000000000000000001000000011111111111111110111111111111110000000000000
111111111111111111111111111111111111111111111000000000000000000000001100000011111111111111111111111111111111000001111110
111111111111111111111111111111111111111111111110000000000000000000001100000011111111111111111111111111111111111111111111
111111111111111111111111111111111111111111111110000000000000000000001111111111111111111111111111111111111111111111111111
111111111111111111111111111111111111111111111100000000000000000000001111111111111111111111111111111111111111111111111111
111111111111111111111111111111111111111111110000000000000000000000001111111111111111111111111111111111111111111111111111
111111111111111111111111111111111111111111110000000000000000000000000011111111111111111111111111111111111111111111111111
111111111111111111111111111111111111111111111000000000000000000000000111111111111111111111111111111111111111111111111111
111111111111111111111111111111111111111111110000000000000000000000000111111111111111111111111111111111111111111111111111
111111111111111111111111111111111111111111000000000000000000000000000011111111111111111111111111111111111111111111111111
