111111100000000000000000000000000000000000000000000000000000000000000000000000000000000000000000000000000000000000000000
111111110000000000000000000000000000000000000000000000000000000000000000000000000000000000000000000000000000000000000000
111111111000000000000000000000000000000000000000000000000000000000000000000000000000000000000000000000000000000000000000
111100000000000000000000000000000000000000000000000000000000000000000000000000000000000000000000000000000000000000000000
111111111111111000000000000000000000000000000000000000000000000000000000000000000000000000000000000000000000000000000000
111111111111111111000000000000000000000000000000000000000000000000000000000000000000000000000000000000000000000000000000
111111111111111111110000000000000000000000000000000000000000000000000000000000000000000000000000000000000000000000000000
111111111111100001111100000000000000000000000000000000000000000000000000000000000000000000000000000000000000000000000000
111111111111110000011111100000000000000000000000000000000000000000000000000000000000000000000000000000000000000000000000
111111111111110000000011111000000000000000000000000000000000000000000000000000000000000000000000000000000000000000000000
111111111111110000000000111110000000000000000000000000000000000000000000000000000000000000000000000000000000000000000000
111111111111100000000000001111110000000000000000000000000000000000000000000000000000000000000000000000000000000000000000
111111111110000000000000000011111100000000000000000000000000000000000000000000000000000000000000000000000000000000000000
111111111111000000000000000000111111000000000000000000000000000000000000000000000000000000000000000000000000000000000000
111111111111111100000000000000001111111000000000000000000000000000000000000000000000000000000000000000000000000000000000
111111111111111110000000000000000011111110000000000000000000000000000000000000000000000000000000000000000000000000000000
111111111111111111000000000000000000111111100000000000000000000000000000000000000000000000000000000000000000000000000000
111111111111111111100000000000000000001111110000000000000000000000000000000000000000000000000000000000000000000000000000
111111111111111111111111111111111111111111111111111111111111111111111111111111111111111111111111111100000000000000000000
111111111111111111111111110000000000000011111110000000000000000000000000000000000000000000000000000000000000000000000000
111111111111111111111111111000000000000001111110000000000000000000000000000000000000000000000000000000000000000000000000
111111111111111111111111111100000000000000111110000000000000000000000000000000000000000000000000000000000000000000000000
111111111111111111111111111100000000000000011100000000000000000000000000000000000000000000000000000000000000000000000000
111111111111111111111111111110000000000000000000000000000000000000000000000000000000000000000000000000000000000000000000
111111111111111111111111111100000000000000000000000000000000000000000000000000000000000000000000000000000000000000000000
110000000111111110000000000000000000000000000000000000000000000000000000000000000000000000000000000000000000000000000000
111000000000000000000000000000000000000000000000000000000000000000000000000000000000000000000000000000000000000000000000
111100000000000000000000000000000000000000000000000000000000000000000000000000000000000000000000000000000000000000000000
111111100000000000000000000000000000000000000000000000000000000000000000000000000000000000000000000000000000000000000000
111111100000000000000000000000000000000000000000000000000000000000000000000000000000000000000000000000000000000000000000
111111100000000000000000000000000000000000000000000000000000000000000000000000000000000000000000000000000000000000000000
111111110000000000000000000000000000000000000000000000000000000000000000000000000000000000000000000000000000000000000000
111000000000000000000000000000000000000000000000000000000000000000000000000000000000000000000000000000000000000000000000
000000000000000000000000000000000000000000000000000000000000000000000000000000000000000000000000000000000000000000000000
000000000000000000000000000000000000000000000000000000000000000000000000000000000000000000000000000000000000000000000000
000000000000000000000000000000000000000000000000000000000000000000000000000000000000000000000000000000000000000000000000
000000000000000000000000000000000000000000000000000000000000000000000000000000000000000000000000000000000000000000000000
000000000000000000000000000000000000000000000000000000000000000000000000000000000000000000000000000000000000000000000000
000000000000000000000000000000000000000000000000000000000000000000000000000000000000000000000000000000000000000000000000
000000000000000000000000000000000000000000000000000000000000000000000000000000000000000000000000000000000000000000000000
