000000000000000000000000000000000000000000000000000000000000000000000000000000000000000000000000000000000000000000000000
000000000000000000000000000000000000000000000000000000000000000000000000000000000000000000000000000000000000000000000000
000000000000000000000000000000000000000000000000000000000000000000000000000000000000000000000000000000000000000000000000
000000000000000000000000000000000000000000000000000000000000000000000000000000000000000000000000000000000000000000000000
000000000000000000000000000000000000000000000000000000000000000000000000000000000000000000000000000000000000000000000000
000000000000000000000000000000000000000000000000000000000000000000000000000000000000000000000000000000000000000000000000
000000000000000000000000000000000000000000000000000000000000000000000000000000000000000000000000000000000000000000000000
000000000000000000000000000000000000000000000000000000000000000000000000000000000000000000000000000000000000000000000000
000000000000000000000000000000000000000000000000000000000000000000000000000000000000000000000000000000000000000000000000
000000000000000000000000000000000000000000000000000000000000000000000000000000000000000000000000000000000000000000000000
000000000000000000000000000000000000000000011111000000000011111111000000000000000000000000000000000000000000000000000000
000000000000000000000000000000000000000000111111111111111111111111000000000000000000000000000000000000000000000000000000
000000000000000000000000000000000000000000011111111111111111111111000000000000000000000000000000000000000000000000000000
000000000000000000000000000000000000000000011111111111111111111110000000000000000000000000000000000000000000000000000000
000000000000000000000000000000000000000000001111111111111111111110000000000000000000000000000000000000000000000000000000
000000000000000000000000000000000000000000000001111111111111111100000000000000000000000000000000000000000000000000000000
000000000000000000000000000000000000000000000001111111111111111000000000000000000000000000000000000000000000000000000000
000000000000000000000000000000000000000000000001111111111111110000000000000000000000000000000000000000000000000000000000
000000000000000000000000000000000000000000000001111111111111110000000000000000000000000000000000000000000000000000000000
000000000000000000000000000000000000000000000011111111111111111000000000000000000000000000000000000000000000000000000000
000000000000000000000000000000000000000000000111111111111111111111000000000000000000000000000000000000000000000000000000
000000000000000000000000000000000000000000111111111111111111111111100000000000000000000000000000000000000000000000000000
000000000000000000000000000000000000000000111111111111111111111111110000000000000000000000000000000000000000000000000000
000000000000000000000000000000000000000000000111111111111111111111110000000000000000000000000000000000000000000000000000
000000000000000000000000000000000000000000001111111011111111111111111000000000000000000000000000000000000000000000000000
000000000000000000000000000000000000000000011111111101111111111111111100000000000000000000000000000000000000000000000000
000000000000000000000000000000000000000000111111111111111111111111111111100000000000000000000000000000000000000000000000
000000000000000000000000000000000000000011111111111011111111111111111111111100000000000000000000000000000000000000000000
000000000000000000000000000000000000001111111111111011111111111111111111111111000000000000000000000000000000000000000000
000000000000000000000000000000000000111111111111110111111111111111111111111111000000000000000000000000000000000000000000
000000000000000000000000000000000011111111111111101111111111111111111111110111100000000000000000000000000000000000000000
000000000000000000000000000000001111111111111110011111111111111111111111100001110000000000000000000000000000000000000000
000000000000000000000000000000001111111111111000111111111111111111111111000000000000000000000000000000000000000000000000
000000000000000000000000000000011111111111000000111111111111111111111111000000000000000000000000000000000000000000000000
000000000000000000000000000001111110111000000001111111111111111111111100000000000000000000000000000000000000000000000000
000000000000000000000000000000000000000000000011111111111111111111111110000000000000000000000000000000000000000000000000
000000000000000000000000000000000000000000000011111111111111111111111110000000000000000000000000000000000000000000000000
000000000000000000000000000000000000000000000111111111111111111111111111000000000000000000000000000000000000000000000000
000000000000000000000000000000000000000000001111111111111111111111111111100000000000000000000000000000000000000000000000
000000000000000000000000000000000000000000011111111111111111111111111111100000000000000000000000000000000000000000000000
