111111111000000000000000000011111111111111111111111111111111111000000000000000000000000000000000000000000000000000000000
111111111000000000000000000111111111111111111111111111111111111000000000000000000000000000000000000000000000000000000000
111111111100000000000000011111111111111111111111111111111111111000000000000000000000000000000000000000000000000000000000
111111111100000000000001111111111111111111111111111111111111111000000000000000000000000000000000000000000000000000000000
111111111100000000000111111111111111111111111111111111111111111000000000000000000000000000000000000000000000000000000000
111111111100000000001111111111111111111111111111111111111111111000000000000000000000000000000000000000000000000000000000
111111111100000000011111111111111111111111111111111111111111111000000000000000000000000000000000000000000000000000000000
111111111110000000011110011111111111111111111111111111111111111000000000000000000000000000000000000000000000000000000000
111111100000000000111000001111111111111111111111111111111111111000000000000000000000000000000000000000000000000000000000
111111100100000000110000001111111111111111111111111111111111111000000000000000000000000000000000000000000000000000000000
111111100100000001000000011111111111111111111111111111111111111000000000000000000000000000000000000000000000000000000000
111111111110000000000000111111111111111111111111111111111111111000000000000000000000000000000000000000000000000000000000
111111111111100000000011111111111111111111111111111111111111111000000000000000000000000000000000000000000000000000000000
111111100000000000000111111111111111111111111111111111111111111000000000000000000000000000000000000000000000000000000000
111100000000000000000001111111111111111111111111111111111111111000000000000000000000000000000000000000000000000000000000
111111100000000000000111111111111111111111111111111111111111111000000000000000000000000000000000000000000000000000000000
111111111100000001111111111111111111111111111111111111111111111000000000000000000000000000000000000000000000000000000000
111111111110000000011111111111111111111111111111111111111111111000000000000000000000000000000000000000000000000000000000
111111111111100011111111111111111111111111111111111111111111111000000000000000000000000000000000000000000000000000000000
111111111111111111111111111111111111111111111111111111111111111000000000000000000000000000000000000000000000000000000000
111111111111111111111111111111111111111111111111111111111111111000000000000000000000000000000000000000000000000000000000
111111111111111111111111111111111111111111111111111111111111111000000000000000000000000000000000000000000000000000000000
111111111111111111111111111111111111111111111111111111111111111000000000000000000000000000000000000000000000000000000000
111111111111111111111111111111111111111111111111111111111111111000000000000000000000000000000000000000000000000000000000
111111111111111111111111111111111111111111111111111111111111111000000000000000000000000000000000000000000011111110000000
111111111111111111111111111111111111111111111111111111111111111000000000000000000000000000000000000000001111111111000000
111111111111111111111111111111111111111111111111111111111111111000000000000000000000000000000000000000011111111110000000
111111111111111111111111111111111111111111111111111111111111111000000000000000000000000000000000000000111111110000000000
111111111111111111111111111111111111111111111111111111111111111000000000000000000000000000000000000011111111111000000000
111111111111111111111111111111111111111111111111111111111111111000000000000000000000000000000000000111111111111110000100
111111111111111111111111111111111111111111111111111111111111111000000000000000000000000000000000001111111111111111000110
111111111111111111111111111111111111111111111111111111111111111000000000000000000000000000000000011111111111111111111110
111111111111111111111111111111111111111111111111111111111111111000000000000000000000000000000000111111111111111111111110
111111111111111111111111111111111111111111111111111111111111111000000000000000000000000000000000001111111111111111111100
111111111111111111111111111111111111111111111111111111111111111000000000000000000000000000000000001111111111111111000000
111111111111111111111111111111111111111111111111111111111111111000000000000000000000000000000000000000001111111110000000
111111111111111111111111111111111111111111111111111111111111111000000000000000000000000000000000000000011111111110000000
111111111111111111111111111111111111111111111111111111111111111000000000000000000000000000000000000000011111111111000000
111111111111111111111111111111111111111111111111111111111111111000000000000000000000000000000000000000011111111111100000
111111111111111111111111111111111111111111111111111111111111111000000000000000000000000000000000000000111111111111100000
