000000000000000000000000000000000000000000000000000000000000000000000000000000000000000000000011111111111111111111111111
000000000000000000000000000000000000000000000000000000000000000000000000000000000000000000000011111111111111111111111111
000000000000000000000000000000000000000000000000000000000000000000000000000000000000000000000011111111111111111111111111
000000000000000000000000000000000000000000000000000000000000000000000000000000000000000000000001111111111111111111111111
000000000000000000000000000000000000000000000000000000000000000000000000000000000000000000000000111111111111111111111111
000000000000000000000000000000000000000000000000000000000000000000000000000000000000000000000000111111111111111111111111
000000000000000000000000000000000000000000000000000000000000000000000000000000000000000000000000001111111111111111111111
000000000000000000000000000000000000000000000000000000000000000000000000000000000000000000000000000011111111111111111111
000000000000000000000000000000000000000000000000000000000000000000000000000000000000000000000000000001111111111111111111
000000000000000000000000000000000000000000000000000000000000000000000000000000000000000000000000000000001111111111111111
000000000000000000000000000000000000000000000000011000000000000000000000000000000000000000000000000000000001111111111111
000000000000000000000000000000000000000000000001111100000000000000000000000000000000000000000000000000000000001111111111
000000000000000000000000000000000000000000000001111100000000111100000000000000000000000000000000000000000000000000001111
000000000000000000000000000000000000000000000001111100000011111000000000000000000000000000000000000000000000000000000000
000000000000000000000000000000000000000000000001111100001111110000000000000000000000000000000000000000000000000000000000
000000000000000000000000000000000000000000000001111100011111100000000000000000000000000000000000000000000000000000000000
000000000000000000000000000000000000000000000001111100111111000000111100000000000000000000000000000000000000000000000000
000000000000000000000000000000000000000000000011111101111110000111111000000000000000000000000000000000000000000000000000
000000000000000000000000000000000000000000000011111111111100111111100000000000000000000000000000000000000000000000000000
000000000000000000000000000000000000000001111111111111111011111100000000000000000000000000000000000000000000000000000000
000000000000000000000000000000000000000001111111111111111111111000000000000000000000000000000000000000000000000000000000
000000000000000000000000000000000000000001111111111111111111100011111111100000000000000000000000000000000000000000000000
000000000000000000000000000000000000000000111111111111111111111111111000000000000000000000000000000000000000000000000000
000000000000000000000000000000000000000000111111111111111111111100000000000000000000000000000000000000000000000000000000
000000000000000000000000000000000000000000111111111111111111100000000000000000000000000000000000000000000000000000000000
000000000000000000000000000000000000000001111111111111111111000000000000000000000000000000000000000000000000000000000000
000000000000000000000000000000000000000001111111111111111111000000000000000000000000000000000000000000000000000000000000
000000000000000000000000000000000000000001111111111111111110000000000000000000000000000000000000000000000000000000000000
000000000000000000000000000000000000000011111111111111111100000000000000000000000000000000000000000000000000000000000000
000000000000000000000000000000001111111111111111111111111000000000000000000000000000000000000000000000000000000000000000
000000000000000000000000000000111111111111111111111111100000000000000000000000000000000000000000000000000000000000000000
000000000000000000000000000011111111111111111111111111000000000000000000000000000000000000000000000000000000000000000000
000000000000000000000000001111111111111111111111111111000000000000000000000000000000000000000000000000000000000000000000
000000000000000000000000111111111111111111111111111111111000000000000000000000000000000000000000000000000000000000000000
000000000000000000000011111111111111111111111111111111111100000000000000000000000000000000000000000000000000000000000000
000000000000000000000111111111111111111111111111111111111111000000000000000000000000000000000000000000000000000000000000
000000000000000000011111111111111111111111111111111111111111100000000000000000000000000000000000000000000000000000000000
000000000000000001111111111111111111111111111111111111111111110000000000000000000000000000000000000000000000000000000000
000000000000000011111111111111111111111111111111111111111111111000000000000000000000000000000000000000000000000000000000
000000000000001111111111111111111111111111111111111111111111111000000000000000000000000000000000000000000000000000000000
