111111111111111111111111111111111111111111111111111111111111111111111111111111111111111111111111111111111111111111111111
111111111111111111111111111111111111111111111111111111111111111111111111111111111111111111111111111111111111111111111111
111111111111111111111111111111111111111111111111111111111111111111111111111111111111111111111111111111111111111111111111
111111111111111111111111111111111111111111111111111111111111111111111111111111111111111111111111111111111111111111111111
111111111111111111111111111111111111111111111111111111111111111111111111111111111111111111111111111111111111111111111111
111111111111111111111111111111111111111111111111111111111111111111111111111111111111111111111111111111111111111111111111
111111111111111111111111111111111111111111111111111111111111111111111111111111111111111111111111111111111111111111111111
111111111111111111111111111111111111111111111111111111111111111111111111111111111111111111111111111111111111111111111111
111111111111111111111111111111111111111111111111111111111111111111111111111111111111111111111111111111111111111111111111
111111111111111111111111111111111111111111111111111111111111111111111111111111111111111111111111111111111111111111111111
111111111111111111111111111111111111111111111111111111111111111111111111111111111111111111111111111111111111111111111111
111111111111111111111111111111111111111111111111111111111111111111111111111111111111111111111111111111111111111111111111
111111111111111111111111111111111111111111111111111111111111111111111111111111111111111111111111111111111111111111111111
111111111111111111111111111111111111111111111111111111111111111111111111111111111111111111111111111111111111111111111111
011110111111111111111111111111111111111111111111111111111111111111111111111111111111111111111111111111111111111111111111
000000001111111111111111111111111111111111111111111111111111111111111111111111111111111111111111111111111111111111111111
000000000111111111111111111111111111111111111111111111111111111111111111111111111111111111111111111111111111111111111111
000000000111111111111111111111111111111111111111111111111111111111111111111111111111111111111111111111111111111111111111
000000000111111111111111111111111111111111111111111111111111111111111111111111111111111111111111111111111111111111111111
000000000011111111111111111111111111111111111111111111111111111111111111111111111111111111111111111111111111111111111111
000000000000000000111111111111111111111111110111111111111111111111111111111111111111111111111111111111111111111111111111
000000000000000001111111111111111111111111110011111111110000111111111111111111111111111111111111111111111111111111111111
000000000001111111111111111111111111111111111101111111000000001111111111111111111111111111111111111111111111111111111111
000000000001111111111111111111111111111111111110111111000000000111111111111111111111111111111111111111111111111111111110
000000000000011111111111111111111111111111111111001111100000000111111111111111111111111111111111111111111111111111111100
000000000000001111111111111111111111111111111111100000000000000111111111111111111111111111111111111111111111111111111000
000000000000001111111111111111111111111111111111100000000000000011111111111111111111111111111111111111111111111110000000
000000000000001111111111111111111111111111111111110000100000000011111111111111111111111111111111111111111111000000000000
000000000000000111111111111111111111111111111111111000000000000001111111111111111111111111111100000000000000000000111111
000000000000011111111111111111111111111111111111111111000000000001111111111111111111111111111000000000000000011111111111
000000000111111111111111111111111111111111111111111111100000000000111111111111111111111111111110000000111111111111111111
000000000111111111111111111111111111111111111111111111000000000001111111111111111111111111111111111111111111111111111111
000000001111111111111111111111111111111111111111111111000000000011111111111111111111111111111111111111111111111111111111
111100011111111111111111111111111111111111111111111111000000000011111111111111111111111111111111111111111111111111111111
111111111111111111111111111111111111111111111111111111000000000001111111111111111111111111111111111111111111111111111111
111111111111111111111111111111111111111111111111111111100000000001111111111111111111111111111111111111111111111111111111
111111111111111111111111111111111111111111111111111111000000000001111111111111111111111111111111111111111111111111111111
111111111111111111111111111111111111111111111111111110010000000000011111111111111111111111111111111111111111111111111111
111111111111111111111111111111111111111111111111111111110000000000000111111111111111111111111111111111111111111111111111
111111111111111111111111111111111111111111111111111111111000000000000001111111111111111111111111111111111111111111111111
