111111000000000000000111111111111111111111111111111111111111000000000000000000000000000000000000000000000000000000000000
111110000000000000000000011111111111111111111111111111111111000000000000000000000000000000000000000000000000000000000000
111111000000000000000000001111111111111111111111111111111111000000000000000000000000000000000000000000000000000000000000
111111000000000000000000001111111111111111111111111111111111000000000000000000000000000000000000000000000000000000000000
111111100000000000000001111111111111111111111111111111111111000000000000000000000000000000000000000000000000000000000000
111111110000000000000111111111111111111111111111111111111111000000000000000000000000000000000000000000000000000000000000
111111110000000000011111111111111111111111111111111111111111000000000000000000000000000000000000000000000000000000000000
111111110000000000111111111111111111111111111111111111111111000000000000000000000000000000000000000000000000000000000000
111111110000000000011111111111111111111111111111111111111111000000000000000000000000000000000000000000000000000000000000
111111111000000000001111111111111111111111111111111111111111000000000000000000000000000000000000000000000000000000000000
111111111100000000011111111111111111111111111111111111111111000000000000000000000000000000000000000000000000000000000000
111111111100000000000000111111111111111111111111111111111111000000000000000000000000000000000000000000000000000000000000
111111111110000000011110000111111111111111111111111111111111000000000000000000000000000000000000000000000000000000000000
111111111110000001111111111111111111111111111111111111111111000000000000000000000000000000000000000000000000000000000000
111111100000000000000001111111111111111111111111111111111111000000000000000000000000000000000000000000000000000000000000
111111000000000000000000111111111111111111111111111111111111000000000000000000000000000000000000000000000000000000000000
111111111110000000001111111111111111111111111111111111111111000000000000000000000000000000000000000000000000000000000000
111111111111000000111111111111111111111111111111111111111111000000000000000000000000000000000000000000000000000000000000
111111111111111111111111111111111111111111111111111111111111000000000000000000000000000000000000000000000000000000000000
111111111111111111111111111111111111111111111111111111111111000000000000000000000000000000000000000000000000000000000000
111111111111111111111111111111111111111111111111111111111111000000000000000000000000000000000000000000000000000000000000
111111111111111111111111111111111111111111111111111111111111000000000000000000000000000000000000000000000000000000000000
111111111111111111111111111111111111111111111111111111111111000000000000000000000000000000000000000000000000000000000000
111111111111111111111111111111111111111111111111111111111111000000000000000000000000000000000000000000001111110000000000
111111111111111111111111111111111111111111111111111111111111000000000000000000000000000000000000000001111111110000000000
111111111111111111111111111111111111111111111111111111111111000000000000000000000000000000000000000001111111111000000000
111111111111111111111111111111111111111111111111111111111111000000000000000000000000000000000000000001111111100000000000
111111111111111111111111111111111111111111111111111111111111000000000000000000000000000000000000001111111111110000100000
111111111111111111111111111111111111111111111111111111111111000000000000000000000000000000000001111111111111111101110000
111111111111111111111111111111111111111111111111111111111111000000000000000000000000000000000011111111111111111111110000
111111111111111111111111111111111111111111111111111111111111000000000000000000000000000000000111111111111111111111100000
111111111111111111111111111111111111111111111111111111111111000000000000000000000000000000000000001111111111111110000000
111111111111111111111111111111111111111111111111111111111111000000000000000000000000000000000000000111111111111100000000
111111111111111111111111111111111111111111111111111111111111000000000000000000000000000000000000000111000111111100000000
111111111111111111111111111111111111111111111111111111111111000000000000000000000000000000000000000000000111111100000000
111111111111111111111111111111111111111111111111111111111111000000000000000000000000000000000000000000000111111100000000
111111111111111111111111111111111111111111111111111111111111000000000000000000000000000000000000000000001111111110000000
111111111111111111111111111111111111111111111111111111111111000000000000000000000000000000000000000000001111111110000000
111111111111111111111111111111111111111111111111111111111111000000000000000000000000000000000000000000001111111111000000
111111111111111111111111111111111111111111111111111111111111000000000000000000000000000000000000000000011111111111000000
