000000000000000000000000000000000000000000000000000000000000000000000000000000000000000000000000000000000000000000000000
000000000000000000000000000000000000000000000000000000000000000000000000000000000000000000000000000000000000000000000000
000000000000000000000000000000000000000000000000000000000000000000000000000000000000000000000000000000000000000000000000
000000000000000000000000000000000000000000000000000000000000000000000000000000000000000000000000000000000000000000000000
000000000000000000000000000000000000000000000000000000000000000000000000000000000000000000000000000000000000000000000000
000000000000000000000000000000000000000000000000000000000000000000000000000000000000000000000000000000000000000000000000
000000000000000000000000000000000000000000000000000000000000000000000000000000000000000000000000000000000000000000000000
000000000000000000000000000000000000000000000000000000000000000000000000000000000000000000000000000000000000000000000000
000000000000000000000000000000000000000000000000000000000000000000000000000000000000000000000000000000000000000000000000
000000000000000000000000000000000000000000000000000000000000000000000000000000000000000000000000000000000000000000000000
000000000000111110000000000000000000000000000000000000000000000000000000000000010000000000000000000000000000000000000000
000001111111111111111110000000000000000000000000000000000000000000000000000000000000000000000000000000000000000000000000
011111111111111111111111110000001100000000000000000000000000000000000000000000000000000000000000000000000000000000000000
111111111111111111111111111000000000000000000000000000000000000000000000000000000000000000000000000000000000000000000000
111111111111111111111111111000000000000000000000000000000000000000000000000000000000000000000000000000000000000000000000
111111111111111111111111111100000000000000000000000000000000000000000000000000000000000000000000000000000000000000000000
111111111111111111111111111000000000000000000000000000000000000000000000000000000000000000000000000000000000000000000000
111111111111111111111111110000000000000000000000000000000000000000000000000000000000000000000000000000000000000000000000
111111111111111111111111110000000000000000000000000000000000000000000000000000000000000000000000000000000000000000000000
111111111111111111111111000000000000000000000000000000000000000000000000000000000000000000000000000000000000000000000000
111111111111111111111100000000000000000000000000000000000000000000000000000000000000000000000000000000000000000000000000
111111111111111111111100000000000000000010000000000000000000000000000000000000000000000000000000000000000000000000000000
111111111111111111111110000000000000000000000000000000000000000000000000000000000000000000000000000000000110000000000110
111111111111111111111111000000000000000000000000000000000000000000000000000000000001100000000000000000000011100000000000
111111111111111111111000000000000000000000000000000000000010000000000000000000000001110000000000000000000000000000000000
011011111111111111000000000000000000000000000000000000000000000000000000000000000000000000000000000000000000000000000000
000110011111111111100000000000000000000000000000000000000000000000000000000000000000000000000000000000000000000000000000
000000011111111111100000000000000000000000000000000000000000000000010000000000000000000000000000000000000000000000000000
000001111111111111100000000000000000000000000000000000000000000000000000000000000000000000000000000000000000000000000000
001111111111111111110000000000000000000000000000000000000000000000000000000000000000000000000000000000000000000000000000
111111111111111111110000000000000000000000000000000000000000000000000000000000000000000000000000000000000011000000000000
111111111111111111110000000000000000000000000000000000000000000000000000000000000000000000000000000000000000000000000000
111111111111111111110000000000000000000000000000000000000000000000000000000000000000000000000000000000000000000000000000
111111111111111111111000000000000000000000000111000000000000000000000000000000000000000000000000000000000000000000000000
111111111111111111110000000000000000000000000011000000000000000000000000000000000000000000000000000000000000000000000000
111111111111111111110000000000000000000000000000000000000000000000000000000000000000000000000000000000000000000000000000
000111111111111111100000000000000000000000000000000000000000000000000000000000000000000000000000000000000000000000000000
000000000011100011100000000000000000000000000000000000000000000000000000000000000000000000000000000000000000000000000000
000000000011100011100000000000000000000000000000000000000000000000000000000000000000000000000001000000000000000000000000
000000000011100011000000000000000000000000000000000000000000000000000000000000000000000000000001000000000000000000000000
