000000000000000000000000000000000000000000000000000000000000000000000000000000000000000000000000000000000000000000000000
000000000000000000000000000000000000000000000000000000000000000000000000000000000000000000000000000000000000000000000001
000000000000000000000000000000000000000000000000000000000000000000000000000000000000000000000000000000000000000000000000
000000000000000000000000000000000000000000000000000000000000000000000000000000000000000000000000000000000000000000000000
000000000000000000000000000100000000000000000000000000000000000000000000000000000000000000000000000000000000000000000000
000000000000000000000000000000000000000000000000000000000000000000000000000000000000000000000000000000000000000000000000
000000000000000000000000000000000000000000000000000000000000000000000000000000000000000000000000000000000000000000000000
000000000000000000000000000000000000000000000000000000000000000000000000000000000000000000000000000000000000000000000000
000000000000000000000000000000000000000000000000000000000000000011111111100000000000000000000000000000000000000000000000
000000000000000000000000000000000000000000000000000000000000001111111111111000000000000000000000000000000000000000000000
000000000000000000000000000000000000000000000000000000000000011111111111111100000000000000000000000000000000000000000000
000000000000000000000000000000000000000000000000000000000011111111111111111111111110000000100000000000000000000000000000
000000000000000000000010000000000000000000000000000000000011111111111111111111111111110000000000000000000000000000000000
000000000001000000000000000000000000000000000000000000000011111111111111111000011111110000000000000000000000000000000000
000000000000000000000000000000000000000000000000000000000000111111111111000011111100000000000000000000000000000000000000
000000000000000000000000010000000000000000000000000000000000001111111110001111100000000000000000000000000000000000000000
000000000000000000000000000000000000000000000000000000000000000111111111000000000000000000000000000000000000000000000000
000000000000000000000000000000000000000000000000000000000000000111111111110000000000000000000000000000000000000000000000
000000001100000000000000000000000000000000000000000000000000000111111111111000000000000000000000000000000000000000000000
000000000000000000000000000000000000000000000000000000000000000111111111111000000000000000000000000000000000000000000000
000000000000000000000000000000000000000000000000000000000000001111111111110000000000000000000000000000000000000000000000
000000000000000000000000000000000000000000000000000000000000111111111111100000000000000000000000000000000000000000000000
000000000000000000000000000000000000000000000000000000000000011111111111100000000000000000000000000000000000000000000000
000000000000000000000000000000000000000000000000000000000000001111111111100000000000000000000000000000000000000000000000
000000000000000000000000000000000000000000000000000000000000000111111111110000000000000000000000000000000000000000000000
000000000000000000000000000000000000000000000000000000000000011111111111110000000000000000000000000000000000000000000000
000000000000000000000000000000000000000000000000000000000001111111111111110000000000000000000000000000000000000000000000
000000000000000000000000000000000000000000000000000000000111111111111111111000000000000000000000000000000000000000000000
000000000000000000000000000000000000000000000000000000011111111111111111111000000000000000000000000000000000000000000000
000000000000000000000000000000000000000000000000000011111111111111111111111000000000000000000000000000000000000000000000
000000000000000000000000000000000000000000000000011111111111111111111111111100000000000000000000000000000000000000000000
000000000000000000000000000000000000000000001111111111111111111111111111111100000000100000000000000000000000000000000000
000000000000000000000000000000000000000001111111111111111111111111111111111100000000000000000000000000000000000000000000
000000000000000000000000000000000000001111111111111111111111111111111111111100000000000000000000000000000000000000000000
000000000000000000000000000000000000001111111111111111111111111111111111111100000000000000000000000000000000000000000000
000000000000000000000000000000000000011111111111111111111111111111111111111100000000000000000000000000000000000000000000
000000000000000000000000000000000000000111111111111111111111111111111111111100000000000000000000000000000000000000000000
000000000000000000000000000000000000000000011111111111111111111111111111111100000000000000000000000000000000000000000000
000000000000000000000000000000000000000000001111111111111111111111111111111100000000000000000000000000000000000000000000
000000000000000000000000000000000000000000000011111111111111111111111111111100000000000000000000000000000000000000000000
