111111111111111111111111111111111111111111111111110000000000111111111111111111111111111111111111111111111111111111111111
111111111111111111111111111111111111111111111111110000000000111111111111111111111111111111111111111111111111111111111111
111111111111111111111111111111111111111111111111110000000000111111111111111111111111111111111111111111111111111111111111
111111111111111111111111111111111111111111111111100000000000111111111111111111111111111111111111111111111111111111111111
111111111111111111111111111111111111111111111111100000000000111111111111111111111111111111111111111111111111111111111111
111111111111111111111111111111111111111111111111100000000000111111111111111111111111111111111111111111111111111111111111
111111111111111111111111111111111111111111111111100000000000111111111111111111111111111111111111111111111111111111111111
111111111111111111111111111111111111111111111111100000000000111011111111111111111111111111111111111111111111111111111111
111111111111111111111111111111111111111111111111100000000000000011111111111111111111111111111111111111111111111111111111
111111111111111111111111111111111111111111111111100000000000000011110111111111111111111111111111111111111111111111111111
111111111111111111111111111111111011111001111100100000000000000111000111111111111111111111111111111111111111111111111111
111111111111111111111111111111111101101000111100000000000000000000000111111111100111111111111111111111111111111111111111
111111111111111111111111111111111101100100010000000000000000000000000110000111001111111111111111111111111111111111111111
111111111111111111111111111111110000100000000000000000000000000000000100000000011111111111111111111111111111111111111111
111111111111111111111111111111111000000000000000000000000000000000000000000000111111111111111111111111111111111111111111
111111111111111111111111111111000000000000000000000000000000000000000000000000001111111111111111111111111111111111111111
111111111111111111111110000000000000000000000000000000000000000000000000000000000000000001111111111111111111111111111111
000000000000000000000000000000000000000000000000000000000000000000000000000000000000000000000000000000000000000000000000
000000000000000000000000000000000000000000000000000000000000000000000000000000000000000000000000000000000000000000000000
000000000000000000000000000000000000000000000000000000000000000000000000000000000000000000000000000000000000000000000000
000000000000000000000000000000000000000000000000000000000000000000000000000000000000000000000000000000000000000000000000
000000000000000000000000000000000000000000000000000000000000000000000000000000000000000000000000000000000000000000000000
000000000000000000000000000000000000000000000000000000000000000000000000000000000000000000000000000000000000000000000000
000000000000000000000000000000000000000000000000000000000000000000000000000000000000000000000000000000000000000000000000
000000000000000000000000000000000000000000000000000000000100000000000000000000000000000000000000000000000000000000000000
000000000000000000000000000000000000000000000000000000000000100000000000000000000000000000000000000000000000000000000000
000000000000000000000000000000000000000000000000000000000000000000000000000000000000000000000000000000000000000000000000
000000000000000000000000000000000000000000000000000000000000000000000000000000000000000000000000000000000000000000000000
000000000000000000000000000000000000000000000000000000000000000000000000000000000000000000000000000000000000000000000000
000000000000000000000000000000000000000000000000000000000000000000000000000000000000000000000000000000000000000000000000
000000000000000000000000000000000000000000000000000001111000000000000000000000000000000000000000000000000000000000000000
000000000000000000000000000000000000000000000000000011111000000000000000000000000000000000000000000000000000000000000000
000000000000000000000000000000000000000000000000000111110000000000000000000000000000000000000000000000000000000000000000
000000000000000000000000000000000000000000000000001111110000000000000000000000000000000000000000000000000000000000000000
000000000000000000000000000000000000000000000000000011110000000000000000000000000000000000000000000000000000000000000000
000000000000000000000000000000000000000000000000000011111000000000000000000000000000000000000000000000000000000000000000
000000000000000000000000000000000000000000000000001101111000000000000000000000000000000000000000000000000000000000000000
000000000000000000000000000000000000000000000000111111111110000000000000000000000000000000000000000000000000000000000000
000000000000000000000000000000000000000000000001111111111111111110000000000000000000000000000000000000000000000000000000
000000000000000000000000000000000000000000000001111111111111111111110000000000000000000000000000000000000000000000000000
