000000000000000000000000000000000000000000000000000000000000000000000000000000000000000000000000000000000000000000000000
000000000000000000000000000000000000000000000000000000000000000000000000000000000000000000000000000000000000000000000000
000000000000000000000000000000000000000000000000001110000000000000000000000000000000000000000000000000000000000000000000
000000000000000000000000000000000000000000000000011111111100000000000000000000000000000000000000000000000000000000000000
000000000000000000000000000000000000000000000000111111111111110000011111111100000000000000000000000000000000000000000000
000000000000000000000000000000000000000000000000111111111111111111111111111000000000000000000000000000000000000000000000
000000000000000000000000000000000000000000000000111111111111111111111111111000000000000000000000000000000000000000000000
000000000000000000000000000000000000000000000000000011111111111111111111110000000000000000000000000000000000000000000000
000000000000000000000000000000000000000000000000000111111111111111111111100000000000000000000000000000000000000000000000
000000000000000000000000000000000000000000000000001111111111111111111111100000000000000000000000000000000000000000000000
000000000000000000000000000000000000000000000000001111111111111111111111110000000000000000000000000000000000000000000000
000000000000000000000000001110000000000000000000011111111111111111111111100000000000000000000000000000000000000000000000
000000000000000000000000011111100000000000000000011111111111111111111111000000000000000000000000000000000000000000000000
000000000000000000000000111111111000000000000000011111111111111111111100000000000000000000000000000000000000000000000000
000000000000000000000001111111111000000000000000111111111111111111111000000000000000000000000000000000000000000000000000
000000000000000000000001111111111000000000000000111111111111111111111000000000000000000000000000000000000000000000000000
000000000000000000000001111111111100000000000001111111111111111111111100000000000000000000000000000000000000000000000000
000000000000000000000001111111111100000000000111111111111111111111111111000000000000000000000000000000000000000000000000
000000000000000000000001111111111100000000000111111111111111111111111111100000000000000000001111100000000000000000000000
000000000000000000000000111111110000000000001111111111111111111111111111110000000000000000011111111000000000000000000000
000000000000000000000000001111000000000000011111111111111111111111111111111000000000000001011111111110000000000000000000
000000000000000000011111111111101100000000111111111111111111111111111111111100000000000001111111111110000000000000000000
000000000000000000000011111111111111110001111111111111111111111111111111111100000000000000011111111100000000000000000000
000000000000000000000000000000111111111111111111111111111111111111111111111100000000000000011111111100000000000000000000
000000000000000000000000000000011111111111111111111111111111111111111111111100000000000000000110110000000000000000000000
000000000000000000000000000000000000111111111111111111111111111111111011111111111111111000001111110000000000000000000000
000000000000000000000000000000000000000111111111111111111111111111111101111111111111111111111111111010000000000000000000
000000000000000000000000000000000000000000001111111111111111111111111000011111111111111111111111111100000000000000000000
000000000000000000000000000000000000000000001111111111111111111111111100000000000000011000000000000000000000000000000000
000000000000000000000000000000000000000000000001101111111111111111111100000000000000000000000000000000000000000000000000
000000000000000000000000000000000000000000000001001111111111111111111100000000000000000000000000000000000000000000000000
000000000000000000000000000000000000000000000000011111111111111111111100000000000000000000000000000000000000000000000000
000000000000000000000000000000000000000000000000011111111111111111111110000000000000000000000000000000000000000000000000
000000000000000000000000000000000000000000000000111111111111111111111111000000000000000000000000000000000000000000000000
000000000000000000000000000000000000000000000001111111111111111111111111100000000000000000000000000000000000000000000000
000000000000000000000000000000000000000000000011111111111111111111111111110000000000000000000000000000000000000000000000
000000000000000000000000000000000000000000000111111111111111111111111111111000000000000000000000000000000000000000000000
000000000000000000000000000000000000000000000111111111111111111111111111111000000000000000000000000000000000000000000000
000000000000000000000000000000000000000000001111111111111111111111111111111100000000000000000000000000000000000000000000
000000000000000000000000000000000000000000001111111111111111111111111111111110000000000000000000000000000000000000000000
