000000000000000000000000000000000000000000000000000000000000000000000000000000000000000000000000000000000000000000000000
000000000000000000000000000000000000000000000000000000000000000000000000000000000000000000000000000000000000000000000000
000000000000000000000000000000000000000000000000000000000000000000000000000000000000000000000000000000000000000000000000
000000000000000000000000000000000000000000000000000000000000000000000000000000000000000000000000000000000000000000000000
000000000000000000000000000000000000000000000000000000000111111111000000000000000000000000000000000000000000000000000000
000000000000000000000000000000000000000000000000000001111111111111111111111000000000000000000000000000000000000000000000
000000000000000000000000000000000000000000000000000111111111111111111111100000000000000000000000000000000000000000000000
000000000000000000000000000000000000000000000000000111111111111111111110000000000000000000000000000000000000000000000000
000000000000000000000000000000000000000000000000000111111111111111111111100000000000000000000000000000000000000000000000
000000000000000000000000000000000000000000000000001111111111111111111111000000000000000000000000000000000000000000000000
000000000000000000000000000000000000000000000001111111111111111111111100000000000000000000000000000000000000000000000000
000000000000000000000000000000000000000000000000000111111111111111111110000000000000000000000000000000000000000000000000
000000000000000000000000000000000000000000000000011111111111111111111100000000000000000000000000000000000000000000000000
001100000000000000000000000000111111111111111111111111111111111111111000000000000000000000000000000000000000000000000000
111100000000000000000000111111111111111111111111111111111111111111110000000000000000000000000000000000000000000000000000
111111111111111111111111111110000000000000000000011111111111111111110000000000000000000000000000000000000000000000000000
111111111111111111111111100000000000000000000000000011111111111111111111111000000000000000000000000000000000000000000000
000111111111111111000000000000000000000000000000000000011111111111111111111111110000000000000000000000000000000000000000
000111111111111110000000000000000000000000000000000000011111111111111110111111111100000000000000000000000000000000000000
000111111111111110000000000000000000000000000000000000001111111111111111111111111111110000000000000000000000000000000000
000111111111111110000000000000000000000000000000000000001111111111111111111111110011111111110000000000000000000000000000
000111111111111110000000000000000000000000000000000000000111111111111111111111111000011111111100000000000000000000000000
000111111111111110000000000000000000000000000000000000000111111111111111111111100000011111111110000000000000000000000000
000111111111111110000000000000000000000000000000000000000111111111111111111111011111111111111111100000000000000000000000
000111111111111110000000000000000000000000000000000000000111111111111111111111111111111111000011111100000000000000000000
000111111111111110000000000000000000000000000000000000000011111111111111111111111111111111000000111111000000000000000000
000111111111111110000000000000000000000000000000000000000011111111111111111110000000000000000000001111100000000000000000
000011111111111110000000000000000000000000000000000000000011111111111100000000000000000000000000000011111000000000000000
000011111111111110000000000000000000000000000000000000000111111111111100000000000000000000000000000000111100000000000000
000011111111111110000000000000000000000000000000000000001111111111111110000000000000000000000000000000011111000000000000
000001111111111111000000000000000000000000000000000000111111111111111110000000000000000000000000000000000111100000000000
000001111111111111000000000000000000000000000000000001111111111111111110000000000000000000000000000000000011110000000000
000000111111111111000000000000000000000000000000000011111111111111111111000000000000000000000000000000000001111100000000
000000111111111111000000000000000000000000000000000111111111111111111111000000000000000000000000000000000000111111111000
000000011111111111100000000000000000000000000000001111111111111111111111000000000000000000000000000000000000001111111000
000000001111111111100000000000000000000000000000011111111111111111111111000000000000000000000000000000000000000011111100
000000001111111111110000000000000000000000000000111111111111111111111111100000000000000000000000000000000000000000011000
000000000111111111111000000000000000000000000000111111111111111111111111100000000000000000000000000000000000000000000000
000000000011111111111000000000000000000000000001111111111111111111111111100000000000000000000000000000000000000000000000
000000000000111111111100000000000000000000000011111111111111111111111111100000000000000000000000000000000000000000000000
