000000000000000000000000000000000000000000000000000000000000000000000000000000000000000000000000000000000000000000000000
000000000000000000000000000000000000000000000000000000000000000000000000000000000000000000000000000000000000000000000000
000000000000000000000000000000000000000000000000000000000000000000000000000000000000000000000000000000000000000000000000
000000000000000000000000000000000000000000000000000000000000000000000000000000000000000000000000000000000000000000000000
000000000000000000000000000000000000000000000000000000000000000000000000000000000000000000000000000000000000000000000000
000000000000000000000000000000000000000000000000000000000000000000000000000000000000000000000000000000000000000000000000
000000000000000000000000000000000000000000000000000000000000000000000000000000000000000000000000000000000000000000000000
000000000000000000000000000000000000000000000000000000000000000000000000000000000000000000000000000000000000000000000000
000000000000000000000000000000000000000000000000000000000000000000000000000000000000000000000000000000000000000000000000
000000000000000000000000000000000000000000000000000000000000000000000000111110000000000000000000000000000000000000000000
000000000000000000000000000000000000000000000000000000000000000000000001111111000000000000000000000000000000000000000000
000000000000000000000000000000000000000000000000000000000000000000011111111111111110000000000000000000000000000000000000
000000000000000000000000000000000000000000000000000000000000000000000001111111111100000000000000000000000000000000000000
000000000000000000000000000000000000000000000000000000000000000000000001111111110000000000000000000000000000000000000000
000000000000000000000000000000000000000000000000000000000000000000000011111111000000000000000000000000000000000000000000
000000000000000000000000000000000000000000000000000000000000000000000001111111111110000000000000000000000000000000000000
000000000000000000000000000000000000000000000000000000000000000000000000111111111110000000000000000000000000000000000000
000000000000000000000000000000000000000000000000000000000000000000000000111111111111111110000000000000000000000000000000
000000000000000000000000000000000000000000000000000000000000000000000001111111111111111111110000000000000000000000000000
000000000000000000000000000000000000000000000000000000000000000000000111111111111111111111100000000000000000000000000000
000000000000000000000000000000000000000000000000000000000000000000011111111111111111111111100000000000000000000000000000
000000000000000000000000000000000000000000000000000000000000000000000011111100111111111111110000000000000000000000000000
000000000000000100000000000000000000000000000000000000000000000000000000111000011101110100000000000000000000000000000000
000000000000111110000000000000000000000000000000000000000000000000000000000000011000000000000000000000000000000000000000
000000000000111111000000000000000000000000000000000000000000000000000000000000000000000000000000000000000000000000000000
000000000000111111000000000000000000000000000000000000000000000000000000000000000000000000000000000000000000000000000000
000000001111111111111100000000000000000000000000000000001000000000000000000000000000000000000000000000000000000000000000
000000011111111111111110000001100000000000000000000000011100000000000000000000000000000000000000000000000000000000000000
000000011111111111111100000111110000000000000000000000111110000000000000000000000000000000000000000000000000000000000000
000000011111111111111100000111111000000000000000000000111110000000000000000000000000000000000000000000000000000000000000
000000011111111111111100000111111000000000000000000000111110000000000000000000000000000000000000000000000000000000000000
111111111111111111111111111111111111111111111111110000111110000000000000000000000000000000000000000000000000000000000000
111111111111111111111111111111111111111111111111111110111110000000000000000000000000000000000000000000000000000000000000
111111111111111111111111111111111111111111111111111111111110000000000000000000000000000000000000000000000000000000000000
111111111111111111111111111111111111111111111111111111111110000000000000000000000000000000000000000000000000000000000000
111111111111111111111111111111111111111111111111111111111110000000000000000000000000000000000000000000000000000000000000
111111111111111111111111111111111111111111111111111111111110000000000000000000000000000000000000000000000000000000000000
111111111111111111111111111111111111111111111111111111111110000000000000000000000000000000000000000000000000000000000000
111111111111111111111111111111111111111111111111111111111110000000000000000000000000000000000000000000000000000000000000
111111111111111111111111111111111111111111111111111111111110000000000000000000000000000000000000000000000000000000000000
