000000000000000000000000000000000000000000000000000000000000000000000000000000000000000000000000000000000000000000000000
000000000000000000000000000000000000000000000000000000000000000000000000000000000000000000000000000000000000000000000000
000000000000000000000000000000000000000000000000000000000000000000000000000000000000000000000000000000000000000000000000
000000000000000000000000000000000000000000000000000111111111111111111100000000000000000000000000000000000000000000000000
000000000000000000000000000000000000000000000000011111111111111111111111000000000000000000000000000000000000000000000000
000000000000000000000000000000000000000000000000111111111111111111111111110111000000000000000000000000000000000000000000
000000000000000000000000000000000000000000000001111111111111111111111111111111111000000000000000000000000000000000000000
000000000000000000000000000000000000000000000001111111111111111111111111111111111100000000000000000000000000000000000000
000000000000000000000000000000000000000000000001111111111111111111111111111111111110000000000000000000000000000000000000
000000000000000000000000000000000000000000000001111111111111111111111111111111111110000000000000000000000000000000000000
000000000000000000000000000000000000000000000111111111111111111111111111111111111100000000000000000000000000000000000000
000000000000000000000000000000000000000000011111111111111111111111111111110111111100000000000000000000000000000000000000
000000000000000000000000000000000000000000000000111111111111111111111111100111111100000000000000000000000000000000000000
000000000000000000000000000000000000000000000000111111111111111111111111110111111110000000000000000000000000000000000000
000000000000000000000000000000000000000000000000001111111111111111111100000111111110000000000000000000000000000000000000
000000000000000000000000000000000000000000000000000011111111111111011100000111111110000000000000000000000000000000000000
000000000000000000000000000000000000000000000000000001000111111100010000000011111110000000000000000000000000000000000000
000000000001111110000000000000000000000000000000000000001111111110000000000001111100000000000000000000000000000000000000
000000000111000111111100000000000000000000000000000111111111111111111000000000111000000000000000000000000011000000000000
000000111110000000111111110000000000000000000000011111111111111111111110000000000000000000000000000011111111111000000000
001111111111100000111110001111000000000000000000111111111111111111111111100000000000000000000001111111000000011110000000
111110001111110001111111000011111111111111111111111111111111111111111111111111111000000000011110001111000000111111100000
111000001111110000111110000111110000011110000111111111111111111111111111111111111111111111110000011111100011111001111100
111110000111110000011110000111111000111110000111111111111111111111111111111100011111000011111000011111000111111000001111
111111000011110000001110000111111000111110000111111111111111111111111111111100011111100111111000011110000111110000001111
111110000001110000000110000011110000111110000111111111111111111111111111111000011111000011111000011100000111100001111110
011110000000010000000010000001110000111100001111111111111111111111111111111000001111000011110000010000000110000001111110
001110000000000000000000000001110000011000001111111111111111111111111111111100000110000011100000000000001000000011111000
000110000000000000000000000000110000011000011111111111111111111111111111111100000110000010000000000000000000000011110000
000010000000000000000000000000000000000011111111001111111111111111111101111111100000000000000000000000000000000011000000
000000000000000000000000000000000000001111111110001111111111111111111100111111111100000000000000000000000000000000000000
000000000000000000000000000000000001111111110000001111111111111111111100000111111111100000000000000000000000000000000000
000000000000000000000000000000001111111110000000001111111111111111111100000000011111111111111110000000000000000000000000
000000000000000000000000011111111111100000000000011111111111111111111110000000000001111111111100000000000000000000000000
000000000000000000000011111111111100000000000000111111111111111111111111000000000000000001111111100000000000000000000000
000000000000000011111111111100000000000000000001111111111111111111111111100000000000000000001111111111100000000000000000
000000000000000000000000000000000000000000000011111111111111111111111111110000000000000000000000000000000000000000000000
000000000000000000000000000000000000000000000011111111111111111111111111110000000000000000000000000000000000000000000000
000000000000000000000000000000000000000000000111111111111111111111111111111000000000000000000000000000000000000000000000
000000000000000000000000000000000000000000001111111111111111111111111111111100000000000000000000000000000000000000000000
