000000000000000000000000000000000000000001111100000000000000000000111111111110000000000000000000000000000000000000000000
000000000000000000000000000000000000000011111100000000000000000001111111111100000000000000000000000000000000000000000000
000000000000000000000000000000000000000011111100000000000000000001111111111100000000000000000000000000000000000000000000
000000000000000000000000000000000000000001111100000000000000000000111111111100000000000000000000000000000000000000000000
000000000000000000000000000000000000000001111100000000000000000000011111111110000000000000000000000000000000000000000000
000000000000000000000000000000000000000001111100000000000000000000111111111111000000000000000000000000000000000000000000
000000000000000000000000000000000000000000111110000000000000000011111111111111110000000000000000000000000000000000000000
000000000000000000000000000000000000000000011110000000000000000111111111111111111000000000000000000000000000000000000000
000000000000000000000000000000000000000000011110000000000000011111111111111111110000000000000000000000000000000000000000
000000000000000000000000000000000000000000011100000000000001111111111111111111111000000000000000000000000000000000000000
000000000000000000000000000000000000000000011100000000000111111111111111111111111000000000000000000000000000000000000000
000000000000000000000000000000000000000000011100000000011111111111111111111111111000000000000000000000000000000000000000
000000000000000000000000000000000000000000001100000000111111111111111111111111111100000000000000000000000000000000000111
000000000000000000000000000000000000000000000010000000011111111111111111111111100000000000000000000000000000011111111111
000000000000000000000000000000000000000000000000000001111111111111111111111111100000000000000000000001111111111111111111
000000000000000000000000000000000000000000000000000111111111111111111111111111110000000000000111111111111111111111111111
000000000000000000000000000000000000000000000000000000000000000000011111111111110001111111111111111111111111111111111111
000000000000000000000000000000000000000000000000000000000000000000011111111111111111111111111111111111111111111111111111
000000000000000000000000000000000000000000000000000000000000001111111111111111111111111111111111111111111111111111111111
000000000000000000000000000000000000000000001111111111111111111111111111111111111111111111111111111111111111111111111111
111111111110000000111111111111111111111111111111111111111111111111111111111111111111111111111111111111111111111111111111
111111111111111111111111111111111111111111111111111111111111111111111111111111111111111111111111111111111111111111111111
111111111111111111111111111111111111111111111111111111111111111111111111111111111111111111111111111111111111111111111100
111111111111111111111111111111111111111111111111111111111111111111111111111111111111111111111111111111111111111111110000
111111111111111111111111111111111111111111111111111111111111111111111111111111111111111111111111111111111111111111100000
111111111111111111111111111111111111111111111111111111111111111111111111111111111111111111111111111111111111111110000000
111111111111111111111111111111111111111111111111111111111111111111111111111111111111111111111111111111111111111000000000
111111111111111111111111111111111111111111111111111111111111111111111111111111111111111111111111111111111111000000000000
111111111111111111111111111111111111111111111111111111111111111111111111111111111111111111111111111111111100000000000000
111111111111111111111111111111111111111111111111111111111111111111111111111111111111111111111111111111100000000000000000
000000000000000011000000000000000111111111111111111111111111111111111111111111111111111111111111111110000000000000000000
000000000000000000000000000000000000011111111111111111111111111111111111111111111111111111111111110000000000000000000000
000000000000000000000000000000000000000000111111111111111111111111111111111111111111111111111111000000000000000000000000
000000000000000000000000000000000000000000000001111111111111111111111111111111111111111111111000000000000000000000000000
000000000000000000000000000000000000000000000000000000001111111111111111111111111111111111000000000000000000000000000000
000000000000000000000000000000000000000000000000000000000000000000011111111111111111111000000000000000000000000000000000
000000000000000000000000000000000000000000000000000000000000000000000000000000000000000000000000000000000000000000000000
000000000000000000000000000000000000000000000000000000000000000000000000000000000000000000000000000000000000000000000000
000000000000000000000000000000000000000000000000000000000000000000000000000000000000000000000000000000000000000000000000
000000000000000000000000000000000000000000000000000000000000000000000000000000000000000000000000000000000000000000000000
