111111111111111111111111111110000000000000000000000000000000000000000000000000000000000000011111111111111111111111111111
111111111111111111111111110000011111111111111000000000000000000000000000000000000000000000000011111111111111111111111111
111111111111111111111111011111111111111111111111111000000000000000000000000000000000000000000000111111111111111111111111
111111111111111111111111111111111111111111111111111111100000000000000000000000000000000000000000000111111111111111111111
111111111111111111111111111111111111111111111111111111111000000000000000000000000000000000000000000001111111111111111111
111111111111111111111111111111111111111111111111111111111110000000000000000000000000000000000000000000111111111111111111
111111111111111111111111111111111111111111111111111111111111100000000000000000000000000000000000000000001111111111111111
111111111111101111111111111111111111111111111111111111111111110000000000000000000000000000000000000000000011111111111111
111111111110011111111111111111111111111111111111111111111111111000000000000000000000000000000000000000000001111111111111
111111111100111111111111111111111111111111111111111111111111111100000000000000000000000000000000000000000000111111111111
111111110001111111111111111111111100000000011111111111111111111110000000000000000000000000000000000000000000011111111111
111111100011111111111111111111110000000000000111111111111111111110000000000000000000000000000000000000000000001111111111
111110000111111111111111111111110000000000000111111111111111111110000000000000000000000000000000000000000000000111111111
111100001111111111111111111111110000000000000111111111111111111110000000000000000000000000000000000000000000000011111111
111000001111111111111111111111111000000000001111111111111111111110000000000000000000000000000000000000000000000011111111
100000011111111111111111111111111110000000111111111111111111111100000000000000000000000000000000000000000000000001111111
000000011111111111111111111111111111111111111111111111111111111100000000000000000000000000000000000000000000000001111111
000000111111111111111111111111111111111111111111111111111111111000000000000000000000000000000000000000000000000001111111
000000111111111111111111111111111111111111111111111111111111110000000000000000000000000000000000000000000000000001111111
000000111111111111111111111111111111111111111111111111111111100000000000000000000000000000000000000000000000000000111111
000000111111111111111111111111111111111111111111111111111110000000000000000000000000000000000000000000000000000000111111
000000111111111111111111111111111111111111111111111111111100000000000000000000000000000000000000000000000000000001111111
000000111111111111111111111111111111111111111111111111110000000000000000000000000000000000000000000000000000000001111111
000000011111111111111111111111111111111111111111111111110000000000000000000000000000000000000000000000000000000001111110
000000011111111111111111111111111111111111111111111111100000000000000000000000011110000000000000000000000000000001111100
000000001111111111111111111111111111111111111111111111000000000000000000000011111111110000000000000000000000000011111000
000000001111111111111111111111111111111111111111111111000000000000000000000111111111111000000000000000000000000011110000
000000000111111111111111111111111111111111111111111111000000000000000000000111111111111100000000000000000000000111000000
000000000011111111111111111111111111111111111111111111000000000000000000000011111111111000000000000000000000001110000000
000000000001111111111111111111111111111111111111111111100000000000000000000001111111100000000000000000000000011000000000
000000000000111111111111111111111111111111111111111111100000000000000000000000000000000000000000000000000000110000000000
000000000000011111111111111111111111111111111111111111110000000000000000000000000000000000000000000000000001000000000000
000000000000001111111111111111111111111111111111111111111000000000000000000000000000000000000000000000000000000000000000
000000000000000011111111111111111111111111111111111111111100000000000000000000000000000000000000000000000000000000000000
000000000000000001111111111111111111111111111111111111111111000000000000000000000000000000000000000000000000000000000000
000000000000000000011111111111111111111111111111111111111111110000000000000000000000000000000000000000000000000000000000
000000000000000000000111111111111111111111111111111111111111111100000000000000000000000000000000000000000000000000000000
000000000000000000000001111111111111111111111111111111111111111111100000000000000000000000000000000000000000000000000000
000000000000000000000000001111111111111111111111111111111111111111111111000000000000000000011100000000000000000000000000
000000000000000000000000000001111111111111111111111111111111111111111111111111111111111111100000000000000000000000000000
