111111111111111111111111111111111111111111111110000000000000000000000000000000000000111111111111111111111111111100000000
111111111111111111111111111111111111111111111110000000000000000000000000000000000001111111111111111111111111111100000000
111111111111111111111111111111111111111111111111000000000000000000000000000000000001111111111111111111111111111100000000
111111111111111111111111111111111111111111111111000000000000000000000000000000000011111111111111111111111111111100000000
111111111111111111111111111111111111111111111111000000000000000000000000000000001111111111111111111111111111111100000000
111111111111111111111111111111111111111111111111100000000000000000000000000000011111111111111111111111111111111100000000
111111111111111111111111111111111111111111111111100000000000000000000000000000000111111111111111111111111111111100000000
111111111111111111111111111111111111111111111111110000000000000000000000000000000000111111111111111111111111111100000000
111111111111111111111111111111111111111111111111110000000000000000000000000000000000111111111111111111111111111100000000
111111111111111111111111111111111111111111111111110000000000000000000000000000000000111111111111111111111111111100000000
111111111111111111111111111111111111111111111111110000000000000000000000000000000000111111111111111111111111111100000000
111111111111111111111111111111111111111111111111100000000000000000000000000000000001111111111111111111111111111100000000
111111111111111111111111111111111111111111111111100000000000000000000000000000000011111111111111111111111111111100000000
111111111111111111111111111111111111111111111110000000000111000000000000000000000111111111100011111111111111111100000000
111111111111111111111111111111111111111111111000000000011111000000000000000000001111111111000011111111111111111100000000
111111111111111111111111111111111111111111110000000000111100000000000000000000000011111100000111111111111111111100000000
111111111111111111111111111111111111111111100000000001111000000000000000000000000000110000000111111111111111111100000000
111111111111111111111111111111111111111111000000000111110000000000000000000000000000000000000111111111111111111100000000
111111111111111111111111111111111111111100000000001111100000000000000000000000000000000000000011111111111111111100000000
111111111111111111111111111111111111111000000000111111000000000000000000000000000000000000000011111111111111111100000000
111111111111111111111111111111111111110000000001111111000000000000000000000000000000000000000011111111111111111100000000
111111111111111111111111111111111111110000000011111110000000000000000000000000000000000000000111111111111111111100000000
111111111111111111111111111111111111110000000011111110000000000000000000000000000000000000111111111111111111111100000000
111111111111111111111111111111111111110000000111111110000000000000000001111100000000001111111111111111111111111100000000
111111111111111111111111111111111111100000000111111110000000000011111111111111111111111111111111111111111111111100000000
111111111111111111111111111111111111100000000111111111000000001111111111111111111111111111111111111111111111111100000000
111111111111111111111111111111111111000000001111111111110001111111111111111111111111111111111111111111111111111100000000
111111111111111111111111111111111111100000001111111111111111111111111111111111111111111111111111111111111111111100000000
111111111111111111111111111111111111100000011111111111111111111111111111111111111111111111111111111111111111111100000000
111111111111111111111111111111111111000000001111111111111111111111111111111111111111111111111111111111111111111100000000
111111111111111111111111111111111100000000111111111111111111111111111111111111111111111111111111111111111111111100000000
111111111111111111111111111111111110010010111111111111111111111111111111111111111111111111111111111111111111111100000000
111111111111111111111111111111111111100110011111111111111111111111111111111111111111111111111111111111111111111100000000
111111111111111111111111111111111111111111111111111111111111111111111111111111111111111111111111111111111111111100000000
111111111111111111111111111111111111111111111111111111111111111111111111111111111111111111111111111111111111111100000000
111111111111111111111111111111111111111111111111111111111111111111111111111111111111111111111111111111111111111100000000
111111111111111111111111111111111111111111111111111111111111111111111111111111111111111111111111111111111111111100000000
111111111111111111111111111111111111111111111111111111111111111111111111111111111111111111111111111111111111111100000000
111111111111111111111111111111111111111111111111111111111111111111111111111111111111111111111111111111111111111100000000
111111111111111111111111111111111111111111111111111111111111111111111111111111111111111111111111111111111111111100000000
