000000000000000000000000000000000000000000000000000000000000000000000000000000000000000000000000000000000000000000000000
000000000000000000000000000000000000000000000000000000000000000000000000000000000000000000000000000000000000000000000000
000000000000000000000000000000001111100000000000000000000000000000000000000000000000000000000000000000000000000000000000
000000000000000011111111111111111111110000000000000000000000000000000000000000000000000000000000000000000000000000000000
000000000000011111111111111111111111111100000000000000000000000000000000000000000000000000000000000000000000000000000000
000000000001111111111111111111111111111111100000000000000000000000000000000000000000000000000000000000000000000000000000
000000000011111111111111111111111111111111111000000000000000000000000000000000000000000000000000000000000000000000000000
000000000111111111111111111111111111111111111110000000000000000000000000000000000000000000000000000000000000000000000000
000000001111111111111111111111111111111111111111000000000000000000000000000000000000000000000000000000000000000000000000
000000001111111111111111111111111111111111111111000000000000000000000000000000000000000000000000000000000000000000000000
000000001111111111111111111111111111111111111111100000000000000000000000000000000000000000000000000000000000000000000000
111111111111111111111111111111111111111111111111100000000000000000000000000000000000000000000000000000000000000000000000
111111111111111111111111111111111111111111111111000000000000000000000000000000000000000000000000000000000000000000000000
111111111111111111111111111111111111111111111111000000000000000000000000000000000000000000000000000000000000000000000000
000111111111111111111111111111111111111111111111100000000000000000000000000000000000000000000000000000000000000000000000
000000001111111111111111111111111111111111111111110000000000000000000000000000000000000000000000000000000000000000000000
000000001111111111111111111111111111111111111111100000000000000000000000000000000000000000000000000000000000000000000000
000000001111111111111111111111111111111111111111000000000000000000000000000000000000000000000000000000000000000000000000
000000001111111111111111111111111111111111111111000000000000000000000000000000000000000000000000000000000000000000000000
000000111111111111111111111111111111111111111111100000000000000000000000000000000000000000000000000000000000000000000000
000000111111111111111111111111111111111111111111110000000000000000000000000000000000000000000000000000000000000000000000
000000111111111111111111111111111111111111111111110000000000000000000000000000000000000000000000000000000000000000000000
000000011111111111111111111111111111111111111111111000000000000000000000000000000000000000000000000000000000000000000000
000000011111111111111111111111111111111111111111111100000000000000000000000000000000000000000000000000000000000000000000
000000011000111111111111111111111111110001000111110001100000000000000000000000000000000000000000000000000000000000000000
000000000111111111111111111111111111111111111100000000000000000000000000000000000000000000000000000000000000000000000000
000001111111111111111111111111111111111111111100000000000111111111111111000000000000000000000000000000000000000000000000
000011111111111111111111111111111111111111111100001111111111111111111111111111100000000000000000000000000000001000000000
000001111111111111111111111111111111111111111111000111111111111111111111111111111111000000000000000000000000000000000000
000011111111111111111111111111111111111111111111100111111111111111111111111111111111111000000000000000000000000000000000
000011111111111111111111111111111111111111111111111111111111111111111111111111111111110000000000000000000000000000000000
000111111111111111111111111111111111111111111111111001111111111111111111111111111111100000000000000000000000000000000000
001111111111111111111111111111111111111111111111111111111111111111111111111111111111000000000000000000000000000000000000
001111111111111111111111111111111111111111111111111111111111111111111111111111111100000000000000000000000000000000000000
001111111111111111111111111111111111111111111111111110011111111111111111111111111000000000000000000000000000000000000000
011111111111111111111111111111111111111111111111111111001111111111111111111111110000000000000000000000000000000000000000
111111111111111111111111111111111111111111111111111111100111111111111111111111000000000000000000000000000000000000000000
011111111111111111111111111111111111111111111111111111111011111111111111111110000000000000000000000000000000000000000000
011111111111111111111111111111111111111111111111111111111111111111111111111000000000000000000000000000000000000000000000
111111111111111111111111111111111111111111101111111111111111111111111111110000000000000000000000000000000000000000000000
