000000000000000000000000000000000000000000000000000000000000000000000000000000000000000000000000000000000000000000000000
000000000000000000000000000000000000000000000000000000000000000000000000000000000000000000000000000000000000000000000000
000000000000000000000000000000000000000000000000000000000000000000000000000000000000000000000000000000000000000000000000
000000000000000000000000000000000000000000000000000000000000000000000000000000000000000000000000000000000000000000000000
000000000000000000000000000000000000000000000000011111111111000000000000000000000000000000000000000000000000000000000000
000000000000000000000000000000000000000000000011111111111111111000000000000000000000000000000000000000000000000000000000
000000000000000000000000000000000000000000000111111111111111111111100000000000000000000000000000000000000000000000000000
000000000000000000000000000000000000000000011111111111111111111111100000000000000000000000000000000000000000000000000000
000000000000000000000000000000000000000001111111111111111111111111110000000000000000000000000000000000000000000000000000
000000000000000000000000000000000000000001111111111111111111111111111000000000000000000000000000000000000000000000000000
000000000000000000000000000000000000000111111111111111111111111111111100010000000001100000000000000000000000000000000000
000000000000000000000000000000000000111111111111111111111111111111110111000000000010011000100000000000000000000000000000
000000000000000000000000000000011111111111111111111111111111111111100110000000001100000000000000000000000000000000000000
000000000000000000000000000011111111111111111111111111111111111111111110000000010000000000101000000000000000000000000000
000000000000000000000000011111111111111111111111111111111111111111111111101101000000000011000000000000000000000000000000
000000000000000000000001111111111111111111111111111111111111111111111111111111000000000111000000000000000000000000000000
000000000000000000000011111111111111111111111111111111111111111111110111100010000000001000000000000000000000000000000000
000000000000000000000011111111111111111111111111111111111111111101110111000010001011111110000000110000000000000000000000
000000000000000000000011111111111111111111111111111111111111111101111100000111110000000000000010010000000100011100000000
000000000000000000000011111111111111111111111111111111111111111111111000011100000000000000001111111010011101110000000000
000000000000000000000111111111111111111111111111111111111111111111111111100000000000000011100101110001111110001000000000
000000000000000000111111111111111111111111111111111111111111111111111110000000111100110000100000011111111000100000000000
000000000000000011111111111111111111111111111111111111111111111111111111101111100001000000000101111110000000100000000000
000000000000000111111111111111111111111111111111111111111111111111111111111000000000000101111111000000000000000000000000
000000000000001111111111111111111111111111111111111111111111111111111111111000010000011111110000000000000000000000000000
000000000000001111111111111111111111111111111111111111111111111111111111111000011110000110000000000000000000000000000000
000000000000000111111111111111111111111111111111111111111111111111111111111111111000110000000011110001111100000000000000
000000011100000111111111111111111111111111111111111111111111111111111111111100011111000000000111110001111110000000000000
000001111110000011111111111111111111111111111111111111111111111111111111111100110000000000000110000000011110000000000000
000000011111000001111111111111111111111111111111111111111111111111111011111111000000000000000000000000111111000000000000
000001111100000000001111111111111111111111111111111111111111111111110111111001100000000000000000000000111111110000000000
000001111110000000000001111111111111111111111111111111111111100000000111110000100000000000000000000000011111100000000000
001111111110000000000000000000111111110000000111111110000100000000000111110000000000000000000000000000111111100000000000
011111111000000000000000000000000000000000000000000000000000000000001111110000000000000000000000000000111111001110000000
000111111000000000000000000000000000000000000000000000000000000000001111110000000000000000000000000001111111100000000000
001111110000000000000000000000000000000000000000000000000000000000111111110000000000000000000000000001111111110000000000
001111110000000000000000000000000000000000000000000000000000000000111111111000000000000000000000000000001110000000000000
001111110000000000000000000000000000000000000000000000000000000000111111111000000000000000000000000000001111000000000000
011111111100000000000000000000000000000000000000000000000000000000111111110000000000000000000000000000001111000000000000
011111111000000000000000000000000000000000000000000000000000000001111111110000000000000000000000000000001111100000000000
