000000000000000000000000000000000000000000111111111111111111111111111111111111111111111111111111111111111111111111111111
000000000000000000000000000000000000000000011110001111111111111111111111111111111111111111111111111111111111111111111111
000000000000000000000000000000000000000000000011111111111111111111111111111111111111111111111111111111111111111111111111
000000000000000000000000000000000000000000000001000000011111111111111111111111111111111111111111111111111111111111111111
000000000000000000000000000000000000000000000000100000000111111111111111111111111111111111111111111111111111111111111111
000000000000000000000000000000000000000000000000001100000011111111111111111111111111111111111111111111111111111111111111
000000000000000000000000000000000000000000000000000001000011111111111111111111111111111111111111111111111111111111111111
000000000000000000000000000000000000000000000000000000000001111111111111111111111111111111111111111111111111111111111111
000000000000000000000000000000000000000000000000000000000111111111111111111111111111111111111111111111111111111111111111
000000000000000000000000000000000000000000000000000000001111111111111111111111111111111111111111111111111111111111111111
000000000000000000000000000000000000000000000011101111011111111111111111111111111111111111111111111111111111111111111111
000000000000000000000000000000000000001111111111111111111111111111111111111111111111111111111111111111111111111111111111
000000000000000000000000000000000011111111111111111111111111111111111111111111111111111111111111111111111111111111111111
000000000000000000000000000000011111111111111111111111111111111111111111111111111111111111111111111111111111111111111111
000000000000000000000000000001111111111111111111111111111111111111111111111111111111111111111111111111111111111111111111
000000000000000000000000000111111111111111111111111111111111111111111111111111111111001111111111111111111111111111111111
000000000000000000000000011111111111111111111111111111111111111111111111111111111111000001111111111111111111111111111111
000000000000000000000000011111111111111111111111110000000111111111111111111111111111000000001111111111111111111111111111
000000000000000000000000000011111111111111111111000000000011111111111111111111111111100000000111111111111111111111111111
000000000000000000000000000000001111111111111110000000000011111111111111111111111111100000000000111111111111111111111111
000000000000000000000000000000000000111111111100000000000011111111111111111111111111100000000000010011111111111111111111
000000000000000000000000000000000000001111111110000000000001111111111111111111111111110000000000010000000111111111111111
000000000000000000000000000000000000001111111110000000000001111111111111111111111111110000000000001000000000011111111111
000000000000000000000000000000000000011111111110000000000001111111111111111111111111110000000000000110000000000111111111
000000000000000000000000000000000000000111111111000000000001111111111111111111111111111000000000000000100000000000111111
000000000000000000000000000000000000000001111111100000000011111111111111111111111111111000000000000000000011111011111111
000000000000000000000000000000000000000000111111110001111111111111111111111111111111111100000000000000000000000000000100
000000000000000000000000000000000000000000011111111000111111111111111111111111111111111100000000000000000000000000000010
000000000000000000000000000000000000000000001111111101111111111111111111111111111111111110000000000000000000000000000001
000000000000000000000000000000000000000000000111111111111111111111111111111111111111111110000000000000000000000000000000
000000000000000000000000000000000000000000000111111111111111111111111111111111111111111111000000000000000000000000000000
000000000000000000000000000000000000000000000011111111111111111111111111111111111111111111000000000000000000000000000000
000000000000000000000000000000000000000000000001111111111111111111111111111111111111111111100000000000000000000000000000
000000000000000000000000000000000000000000000011111111111111111111111111111111111111111111110000000000000000000000000000
000000000000000000000000000000000000000000000111111000011111111111111111111111111111111111111000000000000000000000000000
000000000000000000000000000000000000000000001111100000011111111111111111111111111111111111111100000000000000000000000000
000000000000000000000000000000000000000000000100000000111111111111111111111111111111111111111100000000000000000000000000
000000000000000000000000000000000000000000000000000000111111111111111111111111111111111111111110000000000000000000000000
000000000000000000000000000000000000000000000000000001111111111111111111111111111111111111111111000000000000000000000000
000000000000000000000000000000000000000000000000000001111111111111111111111111111111111111111111100000000000000000000000
