111111111111111111111111111111111111111110100001000000000000000000000000000000000000000100111111111100000000000000000000
111111111111111111111111111111111111111111110111000000000000000000000000000000000000001111111111111110000000000000000001
111111111111111111111111111111111111111111111111000000000000000000000000001000010011111111111111111110000000000000000011
111111111111111111111111111111111111111111111111010000000000000000000100011100010111111111111111111111000000000000000011
111111111111111111111111111111111111111111111111110000000000000000001100111111011111111111111111111111000000000000000111
001111111111111111111111111111111111111111110000000000000000000000000000001111111111111111100000011111000000000000000000
000000000000000000000000000001111111111000000000000000000000000000000000000000011111111111000000000000000000000000000000
000000000000000000000000000000011110000000000000000000000000000000000000000000000011111110000000000000000000000000000000
000111111111111111000000000000001000000000000000000000000000000000000000000000000000111000000001000000000000000000111000
000011111111111000000001110000000000000000000000000000000000000000000000000000000000000000000111000000000000001101110000
000001111111110000000000111100000000000000000000000000000000000000000000000000000000000000001110000000000000001111110000
000001111111100000000000010000000000000000000000000000000000000000000000000000000000000000000000000000000000011111100000
000000111111000000000000000000000000000000000000000000000000000000000000000000000000000000000000000000000000111111100000
000001111111000000000000000000000000000000000000000000000000000000000000000000000000000000000000000000000000111111110000
000001111111000000000000000000000000000000000000000000000000000000000000000000000000000000000000000000000000111111110000
000011111111100000000000000000000000000000000000000000000000000000000000000000000000000000000000000000000001111111111000
000111111111100000000000000000000000000000000000000000000000000000000000000000000000000000000000000000000001111111111100
000111111111110000000000000000000000000000000000000000000000000000000000000000000000000000000000000000000011111111111100
001111111111110000000000000000000000000000000000000000000000000000000000000000000000000000000000000000000011111111111110
011111111111111000000000000000000000000000000000000000000000000000000000000000000000000000000000000000000111111111111111
011111111111111000000000000000000000000001111111111111111111111111111111111111111111111111111111111111111111111111111111
111111111111111111111111111111111111111111111111111111111111111111111111111111111111111111111111111111111111111111111111
111111111111111111111111111111111111111111111111111111111111111111111111111111111111111111111111111111111111111111111111
111111111111111111111111111111111111111111111111111111111111111111111111111111111111111111111111111111111111111111111111
111111111111111111111111111111111111111111111111000000000000000000000000000000000000000000000000000000011111111111111111
111111111111111110000000000000000000000000000000000000000000000000000000000000000000000000000000000000111111111111111111
111111111111111100000000000000000000000000000000000000000000000000000000000000000000000000000000000000111111111111111111
111111111111111100000000000000000000000000000000000000000000000000000000000000000000000000000000000000011111111111111111
111111111111111000000000000000000000000000000000000000000000000000000000000000000000000000000000000000011111111111111111
111111111111110000000000000000000000000000000000000000000000000000000000000000000000000000000000000000001111111111111111
111111111111110000000000000000000000000000000000000000000000000000000000000000000000000000000000000000001111111111111111
111111111111100000000000000000100000000000000000000000000000000000000000000000000000000000000000000000000111111111111111
111111111111100000000000000001100000000000000000000000000000000000000000000000000000000000000000000000000111111111111111
111111111111000000000000000011100000000000000000000000000000000000000000000000000000000000000000000000000011111111111111
111111111111000000000000000011100000000000000000000000000000000000000000000000000000000011000000000000000011111111111111
111111110000000000000000000111100000000000000000000000000000000000000000000000000000000011100000000000000000001111111111
111000000000000000000000001111100000000000000000000000000000000000000000000000000000000011110000000000000000000000011111
000000000000000000000000011111100000000000000000000000000000000000000000000000000000000011111000000000000000000000000001
000000000000000000000000111111100000000000000000000000000000000000000000000000000000000011111100000000000000000000000000
000000000000000000000011111111100000000000000000000000000000000000000000000000000000000011111110000000000000000000000000
