000000000000000000000000000000000000000000000000000000000000000111111111111111111111111111111111111111111111111111111111
000000000000000000000000000000000000000000000000000000000000000111111111111111111111111111111111111111111111111111111111
000000000000000000000000000000000000000000000000000000000000000111111111111111111111111111111111111111111111111111111111
000000000000000000000000000000000000000000000000000000000000000111111111111111111111111111111111111111111111111111111111
000000000000000000000000000000000000000000000000000000000000000111111111111111111111111111111111111111111111111111111111
000000000000000000000000000000000000000000000000000000000000000111111111111111111111111111111111111111111111111111111111
000000000000000000000000000000000000000000000000000000000000000100001111111111111111111111111111111111111111111111111111
000000000000000000000000000000000000000000000000000000000000011000000000000111111111111111111111111111111111111111111111
000000000000000000000000000000000000000000000000000000000011111000000000000011111111111111111111111111111111111111111111
000000000000000000000000000000000000000000000000000000000111111000000000000011111111111111111111111111111111111111111111
000000000000000000000000000000000000000000000000011111111111111000000000000011111111111111111111111111111111111111111111
000000000000000000000000000000000000000000000011000000011111111000000000000001111111111111111111111111111111111111111111
000000000000000000000000000000000000000000000011000000111111111000000000000000111111111111111111111111111111111111111111
000000000000000000000000000000000000000000000111100000111111111000000000000000000111111111111111111111111111111111111111
000000000000000000000000000000000000000000000111110111111111111000000001110000000011111111111111111111111111111111111111
000000000000000000000000011111111111111111111111111110111111111000000011111110000000111111111111111111111111111111111111
111111111100000000011111111111111111111111111111111111111111111000000111111111100000011111111111111111111111111111111111
111111111111111111111111111111111111111111111111111111111111111000000001111110000000000111111111111111111111111111111111
111111111111000111111111111111111000000110000011111111111111111000000000000000000000001111111111111111111111111111111111
000000000000000000000000000000010000011000000000000111111111111000000000000000000000001111111111111111111111111111111111
000000000000000000000000000000010000000000000000001111111111111000000000000000000000001111111111111111111111111111111111
000000000000000000000000000000000000000000000000001111111111111001110000000000000000011111111111111111111111111111111111
000000000000000000000000000000000000000000000000001111111111111011111000110000000000011111111111111111111111111111111111
000000000000000000000000000000000000000000000000001111111111111011111100000000001111111111111111111111111111111111111111
000000000000000000000000000000000000000000000000011111111111111011111110000000000111111111111111111111111111111111111111
000000000000000000000000000000000000000000000000011111111111111011111110000001000001111111111111111111111111111111111111
000000000000000000000000000000000000000000000000111111111111111000111111000000110000111111111111111111111111111111111111
000000000000000000000000000000000000000000000001111111111111111000001111000010000001111111111111111111111111111111111111
000000000000000000000000000000000000000000000001111111111111111000000111101111000110000111111111111111111111111111111111
000000000000000000000000000000000000000000000011111111111111111000000011111111110001111111111111111111111111111111111111
000000000000000000000000000000000000000000000011111111111111111000000001111111111110111111111111111111111111111111111111
000000000000000000000000000000000000000000000011111111111111111000000001111111111111111111111111111111111111111111111111
000000000000000000000000000000000000000000000111111111111111111000000000011111111111111111111111111111111111111111111111
000000000000000000000000000000000000000000011111111111111111111000000000001111111111111111111111111111111111111111111111
000000000000000000000000000000000000000001111111111111111111111000000000001111111111111111111111111111111111111111111111
000000000000000000000000000000000000000001111111111111111111111000000000011111111111111111111111111111111111111111111111
000000000000000000000000000000000000000000001111111111111111111000000000111111111111111111111111111111111111111111111111
000000000000000000000000000000000000000000000000011111111111000000000000011111111111111111111111111111111111111111111111
000000000000000000000000000000000000000000000000001111111110000100000000001111111111111111111111111111111111111111111111
000000000000000000000000000000000000000000000000001111111110000110000000000111111111111111111111111111111111111111111111
