000000000000000000000000000000000000000000000010000000000000000000000000000000000000000000000000000000000000000000000000
000000000000000000000000000000000000000000000000000000000000000000000000000000000000000000000000000000000000000000000000
000000000000000000000000000000000000000000000000000000000000000000000000000000000000000000000000000000000000000000000000
000000000000000000000000000000000000000000000000000000000000000000000000000000000000000000000000000000000000000000000000
000000000000000000000000000000000000000000000000000000000000000000000000011100000000000000000000000000000000000000000000
000000000000000000000000000000000000000000000000000000000000000000000000000000000000000000000000000000000000000000000000
000000000000000000000000000000000000000000000000000000000000000000000000000000000000000000000000000000000000000000000000
000000000000000000000001111111111111111000000000000000000000000000000000000000000000000000000000000000000000000000000000
000000000000000000111111111111111111111111100000000000000000000000000000000000000000000000000000000000000000000000000000
000000000000000111111111111111111111111111111100000000000000000000000000000000000001000000000000000000000000000000000000
000000000000111111111111111111111111111111111110000000000000000000000000000000000000000000000000000000000000000000000000
000000000011111111111111111111111111111111111111000000000000000000000000000000000000000000000000000000000000000000000000
000000000111111111111111111111111111111111111111100000000000000000000000000000000000000000000000000000000000000000000000
000000001111111111111111111111111111111111111111100000000000000000000000000000000000000000000000000000000000000000000000
000000011111111111111111111111111111111111111111000000000000000000000000000000000000000000000000000000000000000000000000
000000111111111111111111111111111111111111111111000000000000000000000000000000000000000000000000000000000000000000000000
000000111111111111111111111111111111111111111110000000000000000000000000000000000000000000000000000000000000000000000000
000001111111111111111111111111111111111111111100000000000000000000000000000000000000000000000000000000000000000000000000
000001111111111111111111111111111111111111110000000000000000000000000000000000000000000000000000000000000000000000000000
000000111111111111111111111111111111111111100000000000000000000000000000000000000000000000000000000000000000000000000000
000000111111111111111111111111111111111110000000000000000000000000000000000000000000000000000000000000000000000000000000
000000011111111111111111111111111111111000000000000000000000000000000000000000000000000000000000000000000000000000000000
000000000111111111111111111111111111111000000000000000000000000000000000000000000000000000001100000000000000000000000000
000000000000111111111111111111111111100000000000000000000000000000000000000000000000000000001000000000000000000000000000
000000000000000000001111111111111000000000000000000000000000000000000000000000000000000000000000000000000000000000000000
000000000000000000000111111111111100000000000000000000000000000000000000000000000000000000000000000000000000000000000000
000000000000000000000111111111111110000000000000000000000000000000000000000000000000000000000000000000000000000000000000
000000000000000000011111111111111110000000000000000000000000000000000000000000000000001000000000000000000000000000000000
000000000000000001111111111111111110000000000000000000000000000000000000000000000000000000000000000000000000000000000000
000000000000000111111111111111111111000000000000000000000000000000000000000000000000000000000000000000000000000000000000
000000000001111111111111111111111111000000000000000000000000000000000000011000000000000000000000000000000000000000000000
100000011111111111111111111111111111000000000000000000000000000000000000000000000000000000000000000000000000000000000000
001111111111111111111111111111111111000000000000000000000000000000000000000000000000000000000000000000000000000000000000
011111111111111111111111111111111111000000000000000000000000000000000000000000000000000000000000000000000000000000000000
011111111111111111111111111111111110000000000000000000000000000000000000000000000000000000000000000000000000010000000010
000111111111111111111111111111111110000000000000000000000000000000000000000000000000000000000000000000000000000000000001
000011111111111111111111111111111111001100000000000000000000000000000000000110000000000000000000000000000000000000000000
000001111111111111111111111111111111001100000000000000000000000000000000000000000000000000000000000000000000000000000000
000000000000000000000111111111111110000100000000000000000000000000000000000000000000000000000000000000000000000000000000
000000000000000000000000111100011110000000000000000000000000000000000000000000000000000000000000000000000000000000000000
