111111111111111111111111111111111111111111111111111111111111111111111111111111111111111111111111111111111111111111111111
111111111111111111111111111111111111111111111111111111111111111111111111111111111111111111111111111111111111111111111111
111111111111111111111111111110011111111111111111111111111111111111111111111111111111111111111111111111111111111111111111
111111111111111111111111110000000000111111111111111111111111111111111111111111111111111111111111111111111111111111111111
111111111111111111111111100000000000011111111111111111111111111111111111111111111111111111111111111111111111111111111111
111111111111111111111111100000000000000000111111111111111111111111111111111111111111111111111111111111111111111111111111
111111111111111111111110000000000000000000001111111111111111111111111111111111111111111111111111111111111111111111111111
111111111111111111111000000000000000000000000011111111111111111111111111111111111111111111111111111111111111111111111111
111111111111111111110000000000000000000000000001111111111111111111111111111111111111111111111111111111111111111111111111
111111111111111111100000000000000000000000000000111111111111111111111111111111111111111111111111111111111111111111111111
111111111111111111000000000000000000000000000000011111111111111111111111111111111111111111111111111111111111111111111111
111111111111111111000000000000000000000000000000001111111111111111111111111111111111111111111111111111111111111111111111
111111111111111111110000000000000000000000000000000111111111111111111111111111111111111111111111111111111111111111111111
111111111111111111111000000000000000000000000000000011111111111111111111111111111111111111111111111111111111111111111111
111111111111111111111111100000000000000000000000000011111111111111111111111111111111111111111111111111111111111111111111
111111111111111111111111100000000000000000000000000011100000111111111111111111111111111111111111111111111111111111111111
111111111111111111111111111000000000000000000000000011000000000011111111111111111111111111111111111111111111111111111111
111111111111111111111111111110000000000000000000010000000000000000000001111111111111111111111111111111111111111111111111
000011111001111111111111111111111100000000000000010000000000000000000000000000000000000000000011111111111111111111111111
000000000000000000000011111111100000000000000011100000000000000000000000000000000000000000000000011111111111111111111111
000000000000000011111111111100000000000000000010000000000000000000000000000000000000000000000000000111111111111111111111
000000000000000001111111110000000000000000000000000000000000000000000000000000000000000000000000000001111111111111111111
000000000110000000111111000000000000000000000000000000000000000000000000000000000000000000000000000000011111111111111111
000000000011000000011110000000000000000000000000000000000000000000000000000000000000000000000000000000000111111111111111
000000000001100000001110000000000000000000000000000000000000000000000000000000000000000000000000000000000001111111111111
000000000000110000000100000000000000000000000000000000000000000000000000000000000000000000000000000000000000011111111111
000000000011110000000000000000000000000000000000000000000000000000000000000000000000000000000000000000000000000111111111
110000000000111000000000000000000000000000000000000111000000000000000000000000000000000000000000000000000000000001111111
111110000000001100000000000000000000000000000000111111110100000000000000000000000000000000000000000000000000000000011111
111111110000000000000000000000000000000000011110011111111110000000000000000000000000000000000000000000000000000000000111
111111111100000000000000000000000000000000111100011111111110000000000000000000000000000000000000000000000000000000001111
111111111110000000000000000000000000000000111100011111111110000000000000000000000000000000000000000000000000001100111111
111111111111100000000000000000000000000000111000111111111111000000000000000000000000000000000000000000000011111111111111
111111111111111000000000000000000000000000111001111111111111100000000000000000000000000000000000000000000000111111111111
111111111111111111000000000000000000000000010001111111111111100000000000000000000000000000000000000000000000011111111111
111111111111111111100000000000000000000000000001111111111111110000000000000000000000000000000000000000000000000111111111
111111111111111111000000000000000000000000000011111111111111111110000000000000000000000000000000000000000000000011111111
111111111111111110000000000000000000000000000000000111111111111110100000000000000000000000000000000000000000000001111111
111111111111111111000000000000000000000000000000000001111111111111100000000000000000000000000000000000000000000000011111
111111111111111111000000000000000000000000000000000000111111111111100000000000000000000000000000000000000000000000001111
