000000000000000000000000000000000000000000000000000000000000000000000000000000000000000000000000000000000000000000111111
000000000000000000000000000000000000000000000000000000000000000000000000000000000000000000000000000000000000000000111111
000000000000000000000000000000000000000000000000000000000000000000000000000000000000000000000000000000000000000000011111
000000000000000000000000000000000000000000000000000000000000000000000000000000000000000000000000000000000000000000001111
000000000000000000000000000000000000000000000000000000000000000000000000000000000000000000000000000000000000000000000111
000000000000000000000000000000000000000000000000000000000000000000000000000000000000000000000000000000000000000000000011
000000000000000000000000000000000000000000000000000000000000000000000000000000000000000000000000000000000000000000000000
000000000000000000000000000000000000000000000000000000000000000000000000000000000000000000000000000000000000000000000000
000000000000000000000000000000000000000000000000000000000000000000000000000000000000000000000000000000000000000000000000
000000000000000000000000000000000000000000000000000000000000000000000000000000000000000000000000000000000000000000000000
000000000000000000000000000000000000000000000000000000000000000000000000000000000000000000000000000000000000000000000000
000000000000000000000000000000000000000000000000000000000000000000000000000000000000000000000000000000000000000000000000
000000000000000000000000000000000000000000000000000000000000000000000000000000000000000000000000000000000000000000000000
000000000000000000000000000000000000000000000000000000000000000000000000000000000000000000000000000000000001100000000000
000000000000000000000000000000000000000000000000000000000000000000000000000000000000000000000000000111111111110000000000
000000000000000000000000000000000000000000000000000000000000000000000000000000000000000000000011111111111111110000000000
000000000000000000000000000000000000000000000000000000000000000000000000100000000000000000011111111111111111111110000000
000000000000000000000000000000000000000001111111111111111111111111111111111111111000000001111111111111111111111111000000
000000000111111111111111111111111111111111111111111111111111111111111111111111111111111111111111111111111111111110000000
000001111111111111111111000000000000000000000000000000000000000000000001110111111111100011111111111111111111111111000000
000000000000000000000000000000000000000000000000000000000000000000000000000000111111111111111111111111111111111111110000
000000000000000000000000000000000000000000000000000000000000000000000000000000000000011111111111111111111111111111110000
000000000000000000000000000000000000000000000000000000000000000000000000000000000000000000111111111111111111111111110000
000000000000000000000000000000000000000000000000000000000000000000000000000000000000000000000001111111111111111111110000
000000000000000000000000000000000000000000000000000000000000000000000000000000000000000000000111111111111111111111111000
000000000000000000000000000000000000000000000000000000000000000000000000000000000000000000000111111111111111111111111000
000000000000000000000000000000000000000000000000000000000000000000000000000000000000000000000111111111111111111111111000
000000000000000000000000000000000000000000000000000000000000000000000000000000000000000000000000111111111111111111110000
000000000000000000000000000000000000000000000000000000000000000000000000000000000000000000000000000111111111111111110000
000000000000000000000000000000000000000000000000000000000000000000000000000000000000000000000000001111111111111111110000
000000000000000000000000000000000000000000000000000000000000000000000000000000000000000000000000011111111111111111111000
000000000000000000000000000000000000000000000000000000000000000000000000000000000000000000000000001111111111111111111000
000000000000000000000000000000000000000000000000000000000000000000000000000000000000000000000000001111111111111111111100
000000000000000000000000000000000000000000000000000000000000000000000000000000000000000000000000001111111111111111111100
000000000000000000000000000000000000000000000000000000000000000000111100000000000000000000000000001111111111111111111110
000000000000000000000000000000000000000000000000000000000000000000001111110000000000000000000000001111111111111111111111
000000000000000000000000000000000000000000000000000000000000000000000000111111000000000000000000000111111111111111111111
000000000000000000000000000000000000000000000000000000000000000000000000000011111110000110000000000111111111111111111111
000000000000000000000000000000000000000000000000000000000000000000000000000000001111111111000000011111111111111111111111
000000000000000000000000000000000000000000000000000000000000000000000000000000000000111111111001111111111111111111111100
