000000000000000000000000000000000000000000000000000000000000000000000000000000000000000000000000000000000000000000000000
000000000000000000000000000000000000000000000000000000000000000000000000000000000000000000000000000000000000000000000000
000000000000000000000000000000000000000000000000000000000000000000000000000000000000000000000000000000000000000000000000
000000000000000000000000000000000000000000000000000000000000000000000000000000000000000000000000000000000000000000000000
000000000000000000000000000000000000000000000000000000000000000000000000000000000000000000000000000000000000000000000000
000000000000000000000000000000000000000000000000000000000000000000000000000000000000000000000000000000000000000000000000
000000000000000000000000000000000000000000000000000000000000000000000000000000000000000000000000000000000000000000000000
000000000000000000000000000000000000000000000000000000000011111111111100000000000000000000000000000000000000000000000000
000000111111100000000000000000000000000000000000000000011111111111111111100000000000000000000000000000000000000000000000
000000011111111111100000000000000000000000000000000000111111111111111111110000000000000000000000000000000000000000000000
000000111111111111111100000000000000000000000000000011111111111111111111111000000000000000000000000000000000000000000000
000001111111111111111111111000000000000000000000001111111111111111111111111100000000000000000000000000000000000000000000
000011111111111111100000000111111000000000000000111111111111111111111111111000000000000000000000000000000000000000000000
000011111111111111000000000000001111111000000000001111111111111111111111000000000000000000000000000000000000000000000000
000111111111111110000000000000000000001111111100000011111111111111111110000000000000000000000000000000000000000000000000
000111111111111100000000000000000000000000000111111111111111111111111000000000000000000000000000000000000000000000000000
001111111111111000000000000000000000000000000000001111111111111111100000000000000000000000000000000000000000000000000000
001111111111110000000000000000000000000000000000000011111111111111111110000000000000000000000000000000000000000000000000
001111111111110000000000000000000000000000000000000000001111111111111111110000000000000000000000000000000000000000000000
011111111111100000000000000000000000000000000000000000001111111111111111111111111100000000000000000000000000000000000000
011111111111100000000000000000000000000000000000000000001111111111111111110000000111111111111111000000000000000000000000
011111111111100000000000000000000000000000000000000000011111111111111111111000000000000001111111111100000000000000000000
011111111111000000000000000000000000000000000000000000111111111111111111111100000000000000111111111111111111110000000000
011111111111000000000000000000000000000000000000000001111111111111111111111110000000000001111111110000000011111111111111
011111111111000000000000000000000000000000000000000011111101111111111111111110000111111111111111000000000000000001111111
011111111111000000000000000000000000000000000000000011111001111111111111111111111111111111111000000000000000000000000000
001111111111000000000000000000000000000000000000000001111111111111111111111111111111111000000000000000000000000000000000
001111111111000000000000000000000000000000000000000000011111111111111111110011110000000000000000000000000000000000000000
001111111111100000000000000000000000000000000000000000000011111111111111110000000000000000000000000000000000000000000000
000111111111100000000000000000000000000000000000000000000001111111111111110000000000000000000000000000000000000000000000
000111111111110000000000000000000000000000000000000000000001111111111111111100000000000000000000000000000000000000000000
000011111111110000000000000000000000000000000000000000000111111111111111111100000000000000000000000000000000000000000000
000001111111111000000000000000000000000000000000000000001111111111111111111110000000000000000000000000000000000000000000
000000111111111100000000000000000000000000000000000000111111111111111111111111000000000000000000000000000000000000000000
000000011111111100000000000000000000000000000000000011111111111111111111111111110000000000000000000000000000000000000000
000000001111111110000000000000000000000000000000011111111111111111111111111111111100000000000000000000000000000000000000
000000000111111110000000000000000000000000000001111111111111111111111111111111111110000000000000000000000000000000000000
000000000111111110000000000000000000000000001111111111111111111111111111111111111000000000000000000000000000000000000000
000000001111111100000000000000000000000000111111111111111111111111111111111111111100000000000000000000000000000000000000
000000001111111000000000000000000000000111111111111111111111111111111111111111111100000000000000000000000000000000000000
