000000000000000000000000000000000000000000000000000000000001111111111111111111111111111111111111111111111111111111111111
000000000000000000000000000000000000000000000000000000000000111111111111111111111111111111111111111111111111111111111111
000000000000000000000000000000000000000000000000000000000000011111111111111111111111111111111111111111111111111111111111
000000000000000000000000000000000000000000000000000000000000001111111111111111111111111111111111111111111111111111111111
000000000000000000000000000000000000000000000000000000000000000111111111111111111111111111111111111111111111111111111111
000000111111111000000000000000000000000000000000000000000000000011111111111111111111111111111111111111111111111111111111
000000001111111111111100000000000000000000000000000000000000000001111111111111111111111111111111111111111111111111111111
000000111111111111111110000000000000000000000000000000000000000000011111111111111111111111111111111111111111111111111111
000000000011111111111110000000000000000000000000000000000000000000001111111111111111111111111111111111111111111111111110
000000000011111111111111000000000000000000000000000000000000000000000111111111111111111111111111111111111111111111111111
000000000011111111111111000000000000000000000000000000000000000000000011111111111111111111111111111111111111111111111111
000000000011111111111111000000000000000000000000000000000000000000000001111111111111111111111111111111111111111111111111
000000000001111111111111110000000000000000000000000000000000000000000000011111111111111111111111111111111111111111111111
000000000011111111111111111100000000000000000000000000000000000000000000001111111111111111111111111111111111111111111111
000000000011111111111111111111000000000000000000000000000000000000000000000001111111111111111111111111111000011111111111
000000000111111111111111111111111000000000000000000000000000000000000000000000011111111111111111111111110000000111111111
000000011111111111111111111111111000000000000000000000000000000000000000000000011111111111111111111111110000000011111111
000000111111111111111111111111110000000000000000000000000000000000000000000000001111111111111111111111110000000001111111
000001111111111111111111111111110000000000000000000000000000000000000000000000001111111111111111111111110000000001111111
000001111111111111111111111111110000000000000000000000000000000000000000000000001111111111111111111111110000000000111110
000011111111111111011111111111110000000000000000000000000000000000000000000000000111111111111111111111111000000000000000
000011111111111110001111111111111000000000000000000000000000000000000000000000000111111111111111111111111000000000000000
000011111111111110001111111111111000000000000000000000000000000000000000000000000111111111111111111111111110000000000000
000011111111111100001111111111111100000000000000000000000000000000000000000000000111111111111111111111111111100000000000
000001111100111100011111111111111110000000000000000000000000000000000000000000000111111111111111111111111111110000000000
000000000000111100111111111111111110000000000000000000000000000000000000000000000111111111111111111111111111111100000000
000000000000110001111111111111111111000000000000000000000000000000000000000000000011111111111111111111111111111110000000
000000000000110011111111111111111111100000000000000000000000000000000000000000000011111111111111111111111111111111100000
000000000000000111111111111111111111110000000000000000000000000000000000000000000111111111111111111111111111111111110000
000000000000011111111111111111111111110000000000000000000000000000000000000000000011111111111111111111111111111111111000
000000000000111111111111111111111111111000000000000000000000000000000000000000000011111111111111111111111111111111111000
000000000001111111111111111111111111111100000000000000000000000000000000000000000011111111111111111111111111111111111100
000000000011111111111111111111111111111110000000000000000000000000000000000000000111111111111111111111111111111111111100
000000001111111111111111111111111111111110000000000000000000000000000000000000000111111111111111111111111111111111111100
000000011111111111111111111111111111111111000000000000000000000000000000000000000111111111111111111111111111111111111100
000000011111111111111111111111111111111111000000000000000000000000000000000000000011111111111111111111111111111111110000
000000011111111111111111111111111111111111000000000000000000000000000000000000000000011111111111111111111111111100000000
000000000000001111111111111111111111111000000000000000000000000000000000000000000000000011111111111111110001100000000000
000000000000000000011111111111000000000000000000000000000000000000000000000000000000000000111100111110000000000000000000
000000000000000000001111001111000000000000000000000000000000000000000000000000000000000000111100011110000000000000000000
