000000000000000000000000000000000000000000000000011111111111111111111111111000000000000000000000000000000011111111111111
000000000000000000000000000000000000000000000000001111111111111111111111110000000000000000000000000000000111111111111111
000000000000000000000000000000000000000000000000000001111111111111111111110000000000000000000000000000011111111111111111
000000000000000000000000000000000000000000000000000000111111111111111111100000000000000000000000000000111111111111111111
000000000000000000000000000000000000000000000000000001111111111111111111000000000000000000000000000001111111111111111111
000000000000000000000000000000000000000000000000000011111111111111111111000000000000000000000000000111111111111111111111
000000000000000000000000000000000000000000000000000111111111111111111110000000000000000000000000001111111111111111111111
000000000000000000000000000000000000000000000000001111111111111111111100000000000000000000000000111111111111111111111111
000000000000000000000000000000000000000000000000011111111111111111111100000000000000000000000011111111111111111111111111
000000000000000000000000000000000000000000000000111111111111111111111000000000000000000000000111111111111111111111111111
000000000000000000000000000000000000000000000001111111111111111111100000000000000000000000011111111111111111111111111110
000000000000000000000000000000000000000000000011111111111111111111000000000000000000000001111111111111111111111111111100
000000000000000000000000000000000000000000000111111111111111111110000000000000000000000011111111111111111111111111111100
000000000000000000000000000000000000000000001111111111111111111100000000000000000000000111111111111111111111111111111000
000000000000000000000000000000000000000000111111111111111111111000000000000000000000000011111111111111111111111111110000
000000000000000000000000000000000000000001111111111111111111110000000000000000000000000011111111111111111111111111100000
000000000000000000000000000000000000000011111111111111111111100000000000000000000000001111111111111111111111111111100000
000000000000000000000000000000000000001111111111111111111111000000000000000000000000111111111111111111111111111111000000
000000000000000000000000000000000000111111111111111111111110000000000000000000000011111111111111111111111111111100000000
000000000000000000000000000000000011111111111111111111111100000000000000000000001111111111111111111111111100011000000000
000000000000000000000000000000000111111111111111111111111100000000000000000000011111111111111111111111111100000000000000
000000000000000000000000000000011111111111111111111111111000000000000000000001111111111111111111111111111100000000000000
000000000000000000000000000000111111111111111111111111110000000000000000000011110000001111111111111111111100000000000000
000000000000000000000000000000001111111111111111111111110000000000000000000111100000000111111111111111111100000000000000
000000000000000000000000000000000111111111111111111111100000000000000000000111000000000111111111111111111100000000000000
000000000000000000000000000000011111111111111111111111100000000000000000000000000000001111111111111111111000000000000000
000000000000000000000000000000111111111111111111111111000000000000000000000000000000001111111111111111110000000000000000
000000000000011111111111111111111111111111111111111111111111111111111111111111110000011111111111111111100000000000000000
111111111111111111111111111111111111111111111111111111111111111111111111111111111111111111111111111110000000000000000000
111111111111111111111111111111111111111111111111111111111111111111111111111111111111111111111111111111111000000000000000
111111111111111111111111111111111111111111111111111111111111111111111111111111111111111111111111111111111111111111000000
111111111111111111111111111111111111111111111111111111111111111111111111111111111111111111111111111111111111111111111111
111111110000000000000011111011111111111111111111000001111111111111111111111111111111111111111111111111111111111111111111
000000000000000000000011110011111011110111101111000000000000000000000000000000111111111111111111111111111111111111111111
000000000000000000000001000111110011110111101111000000000000000000000000000000000000000000000001111111111111111111111111
000000000000000000000000000111100011100111000110000000000000000000000000000000000000000000000000000000000000011111111111
000000000000000000000000001111000011101111000000000000000000000000000000000000000000000000000000000000000000000000000011
000000000000000000000000011111000111101111000000000000000000000000000000000000000000000000000000000000000000000000000000
000000000000000000000000011110000111100000000000000000000000000000000000000000000000000000000000000000000000000000000000
000000000000000000000000001100000000000000000000000000000000000000000000000000000000000000000000000000000000000000000000
