111111111111111110000000000000000000000000000000000000000000000000000000000000000000000000000000000000011111100000000000
111111111111110000000000000000000000000000000000000000000000000000000000000000000000000000000000000000000011110000000000
111111111111000000000000000000000000000000000000000000000000000000000000000000000000000000000000000000000000111000000000
111111111110000000000000000000000000000000000000000000000000000000000000000000000000000000000000000000000000011100000000
111111111000000000000000000000000000000000000000000000000000000000000000000000000000000000000000000000000000000110000000
111111100000000000000000000000000000000000000000000000000000000000000000000000000000000000000000000000000000000011000000
111111000000000000000000000000000000000000000000000000000000000000000000000000000000000000000000000000000000000000100000
111110000000000000000000000000000000000000000000000000000000000000000000000000000000000000000000000000000000000000010000
111100000000000000000000000000000000000000000000000000000000000000000000000000000000000000000000000000000000000000000000
111000000000000000000000000000000000000000000000000000000000000000000000000000000000000000000000000000000000000000000000
110000000000000000000000000000000000000000000000000000000000000000000000000000000000000000000000000000000000000000000000
100000000000000000000000000011111100000000000000000000000000000000000000000000000000000000000000000000000000000000000000
000000000000000000001111111111111111111111100000000000000000000000000000000000000000111111100000000000000000000000000000
000000000000000111111111111111111111111111111110000000000000000000000000000000000011111111111100000000000000000000000000
000000000000111111111111111111111111111111111111111000000000000000000000000000000111111111111110000000000000000000000000
000000000011111111111111111111111111111111111111111110000000000000000000000000001111111111111110000000000000000000000000
000000011111111111111111111111111111111111111111111111100000000000000000000000000111111111111100000000000000000000000000
000000111111111111111111111111111111111111111111111111111000000000000000000000000011111111111000000000000000000000000000
000011111111111111111111111111111111111111111111111111111100000000000000000000000000001111000000000000000000000000000001
000111111111111111111111111111111111111111111111111111111110000000000000000000000000000000000000000000000000000000000011
001111111111111111111111111111111111111111111111111111111111000000000000000000000000000000000000000000000000000000000011
001111111111111111111111111110000000111111111111111111111111100000000000000000000000000000000000000000000000000000001111
011111111111111111111111110000000000000111111111111111111111110000000000000000000000000000000000000000000000000000011111
011111111111111111111111100000000000000011111111111111111111111100000000000000000000000000000000000000000000000000111111
111111111111111111111111000000000000000011111111111111111111111111000000000000000000000000000000000000000000000011111111
111111111111111111111111000000000000000011111111111111111111111111110000000000000000000000000000000000000000001111111111
111111111111111111111111100000000000000011111111111111111111111111111110000000000000000000000000000000000001111111111111
111111111111111111111111111000000000001111111111111111111111111111111111111000000000000000000000000000011111111111111111
111111111111111111111111111111111111111111111111111111111111111111111111111111111000000000000000011111111111111111111110
111111111111111111111111111111111111111111111111111111111111111111111111111111111111111111111111111111111111111111111100
111111111111111111111111111111111111111111111111111111111111111111111111111111111111111111111111111111111111111111111000
111011111111111111111111111111111111111111111111111111111111111111111111111111111111111111111111111111111111111111110000
111101111111111111111111111111111111111111111111111111111111111111111111111111111111111111111111111111111111111111100000
111110111111111111111111111111111111111111111111111111111111111111111111111111111111111111111111111111111111111111000000
111110011111111111111111111111111111111111111111111111111111111111111111111111111111111111111111111111111111111110000000
111111000111111111111111111111111111111111111111111111111111111111111111111111111111111111111111111111111111111000000000
111111100011111111111111111111111111111111111111111111111111111111111111111111111111111111111111111111111111110000000000
111111110000111111111111111111111111111111111111111111111111111111111111111111111111111111111111111111111111000000000000
111111111000001111111111111111111111111111111111111111111111111111111111111111111111111111111111111111111100000000000000
111111111100000011111111111111111111111111111111111111111111111111111111111111111111111111111111111111110000000000000000
