111111111111111111111111111111111111111111111111111111111111111111111111111111111111111111111111111111111111111111111111
111111111111111111111111111111111111111111111111111111111111111111111111111111111111111111111111111111111111111111111111
111111111111111111111111111111111111111111111111111111111111111111111111111111111111111111111111111111111111111111111111
111111111111111111111111111111111111111111111111111111111111111111111111111111111111111111111111111111111111111111111111
111111111111111111111111111111111111111111111111111111111111111111111111111111111111111111111111111111111111111111111111
111111111111111111111111111111111111111111111111111111111111111111111111111111100011111111111111111111111111111111111111
111111111111111111111111111111111111111111111111111111100000000000000111111110000011111111111111111111111111111111111111
111111111111111111111111111111111111111111111111111000000000000000000000011000000001111111111111111111111111111111111111
111111111111111111111111111111111111111111111111100000000000000000000000000000000000011111111111111111111111111111111111
111111111111111111111111111111111111111111111111100000000000000000000000000000000000000111111111111111111111111111111111
111111111111111111111111111111111111111111111111000000000000000000000000000000000001111111111111111111111111111111111111
111111111111111111111111111111111111111111111111000000000000000000000000000000000011111111111111111111111111111111111111
111111111111111111111111111111111111111111111111000000000000000000000000000000000011111111111111111111111111111111111111
111111111111111111111111111111111111111111111100000000000000000000000000000000111111111111111111111111111111111111111111
111111111111111111111111111111111111111111110000000000000000000000000000000000111111111111111111111111111111111111111111
111111111111111111111111111111111111111111111000000000000000000000000000000001111111111111111111111111111111111111111111
111111111111111111111111111111111111111111111111110000000000000000000000000111111111111111111111111111111111111111111111
111111111111111111111111111111111111111111111111110000000000000000000000000001111111111111111111111111111111111111111111
111111111111111111111111111111111111111111111111100000000000000000000000000011111111111111111111111111111111111111111111
111111111111111111111111111111111111111111111111111100000000000000000000011111111111111111111111111111111111111111111111
111111111111111111111110011111111111111111111111111111110100000000001111111111111111111111111111111111111111111100111111
111111111111111111111000000011111111111111111111111111111000000000000011111111111111111111111111111111111111000000011111
111111111111111111000000000000001111111111111111110000000000000000000000000001111111111111111111111111100000000000001111
111111111111111100000000000000000011111111111111000000000000000000000000000000111111111111111111111100000000000000000011
111111111111100000000000000000000000011111111110000000000000000000000000000000011111100011111110000000000000000000000000
111111111000000000000000000000000000000000111100000000000000000000000000000000000000000000000000000000000000000000000000
111110000000000000000000000000000000000000000000000000000000000000000000000000000000000000000000000000000000000000000000
100000000000000000111001110000000000000000000000000000000000000000000000000000001111100000000000000000000000000001100000
111111111000000011111111111110000000000000000000000000000000000000000000000000011111111110000000111110000111111111110000
111111111111101111111111111111111111111000001111000000000000000000000000000000111111111111111111111111111111111111111111
111111111111111111111111111111111111111111111111000000000000000000000000000000111111111111111111111111111111111111111111
111111111111111111111111111111111111111111111111000000000000000000000000000000111111111111111111111111111111111111111111
111111111111111111111111111111111111111111111110000000000000000000000000000000111111111111111111111111111111111111111111
111111111111111111111111111111111111111111111111000000000000000000000000000000111111111111111111111111111111111111111111
111111111111111111111111111111111111111111111111111110000000000000000000000001111111111111111111111111111111111111111111
111111111111111111111111111111111111111111111111111110000000000000000000011111111111111111111111111111111111111111111111
111111111111111111111111111111111111111111111111111000000000000000000000001111111111111111111111111111111111111111111111
111111111111111111111111111111111111111111111111110000000000000000000000000011111111111111111111111111111111111111111111
111111111111111111111111111111111111111111111111100000000000000000000000000111111111111111111111111111111111111111111111
111111111111111111111111111111111111111111111111110000000000000000000000000011111111111111111111111111111111111111111111
