111111111111111111111111111111111111111111111111111111111111111111111111111111111111111111111111111111111111111111111111
111111111111111111111111111111111111111111111111111111111111111111111111111111111111111111111111111111111111111111111111
111111111111111111111111111111111111111111111111111111111111111111111111111111111111111111111111111111111111111111111111
111111111111111111111111111111111111111111111111111111111111111111111111111111111111111111111111111111111111111111111111
111111111111111111111111111111111111111111111111111111111111111111111111111111111111111111111111111111111111111111111111
111111111111111111111111111111111111011111111111111111111111111111111111111111111111111111111111111111100011111111111111
111111111111111111111111111111000000000000011111111111111111111111111111111111111111111111111111111100001111111111111111
111111111111111111111111111000000000000000000111111111111111111111111111111111111111111111111111100000111111111111111111
111111111111111111111111110000000000000000000001111111111111111111111111111111111111111111111000000000111111111111111111
111111111111111111111111000000000000000000000000111111111111111111111111111111111111111111000000000000111111111111111111
111111111111111111111111000000000000000000000000011111111111111111111111111111111111110000000000000000011111111111111111
111111111111111111111110000000000000000000000000000000011111111111100000001110001100000000000110001111111111111111111111
111111111111111111111110000000000000000000000000000000000011111000000000000000000000000000111111111111111111111111111111
111111111111111111111111000000000000000000000000000000000001110000000000000000000000000111111111111111111111111111111111
111111111111111111111111100000000000000000000000000000000000100000000000000000000000011100000001111111111111111111111111
111111111111111111111111111000000000000000000000000000000000110000000000000000000000000000000000111111111111111111111111
111111111111111111111111111111000000000000000000000000000000000000000000000000000000000000000000111111111111111111111111
111111111111111111111111111111111111110000000000000000000000000000000000000000000000000000000001111111111111111111111111
111111111111111111111111111111111110000000000000000000000000000000000000000000000000000000000011111111111111111111111111
111111111111111111111111111111111000000000001100000000111100000000000000000000000000000000000111111111111111111111111111
111111111111111111111111111111111000000000011111111111111111000000000000000000000000000000011111111111111111111111111111
111111111111111111111111111111110110000000011111111111111111000000000000000000000000011001111111111111111111111111111111
111111111111111111111111111111111111000000011111111111111110000000000000000000000000011111111111111111111111111111111111
111111111111111111111111111111111110000000011111111111111100000000000000000000000000111111111111111111111111111111111111
111111111111111111111111111111111111100000011111111111111000000000000000000000000001111111111111111111111111111111111111
111111111111111111111111111111111111100000001111111000000000000000000000000000000001111111111111111111111111111111111111
111111111111111111111111111111111111100000000000000000000000000000000000000000000011111111111111111111111111111111111111
111111111111111111111111111111111111100000000000000000000000000000000000000000000011111111111111111111111111111111111111
111111111111111111111111111111111111100000000000000000000000000000000000000000000011111111111111111111111111111111111111
111111111111111111111111111111111111110001111111100000000000000000000000000000000111111111111111111111111111111111111111
111111111111111111111111111111111111111011111111000000000000000000000000000000000111111111111111111111111111111111111111
111111111111111111111111111111111111100001111111000000000000000000000000000000000001111111111111111111111111111111111111
111111111111111111111111111111111111101101111111000000000000000000000100000000000000001111111111111111111111111111111111
111111111111111111111111111111111111110011111111000000000000000000001110000000000000000011111111111111111111111111111111
111111111111111111111111111111111111110111111111000000000000000000011110000000000000000001111111111111111111111111111111
111111111111111111111111111111111111100001111111000000000000000000111111000000000000000000111111111111111111111111111111
111111111111111111111111111111111111101101111111000000000000000000111111000000000000000000111111111111111111111111111111
111111111111111111111111111111111111100011111111000000000000000000111111000000000000000001111111111111111111111111111111
111111111111111111111111111111111111110011111111000000000000000000011111000000000000000111111111111111111111111111111111
111111111111111111111111111111111111100001111111000000000000000000001110000000000000011111111111111111111111111111111111
