111111111111111111111111111111111111110000000000011111111111111111111111111111111111111111111111111111111111111111111111
111111111111111111111111111111111100000000000000000000111111111111111111111111111111111111111111111111111111111111111111
111111111111111111111111111111100000000000000000000000011111111111111111111111111111111111111111111111111111111111111111
111111111111111111111111111111010000000000000000000000011111111111111111111111111111111111111111111111111111111111111111
111111111111111111111111111110000000000000000000000000111111111111111111111111111111111111111111111111111111111111111111
111111111111111111111111111110000000000000000000000000111111111111111111111111111111111111111111111111111111111111111111
111111111111111111111111111111110000000000000000000000011111111111111111111111111111111111111111111111111111111111111111
111111111111111111111111111111110000000000000000000000011111111111111111111111100011111111111111111111111111111111111111
111111111111111111111111111111110000000000000000000000011111111111111100000000111111111111111111111111111111111111111111
111111111111111111111111111111110000000000000000000000011111110000000001111111111111111111111111111111111111111111111111
111111111111111111111111111111111000000000000000000000000000000111111111111111111111111111111111111111111111111111111111
111111111111111111111111111111110000000000000000000000000000001111111111111111111111111111111111111111111111111111111111
111111111111111111111111111110000000000000000000000000000000000000000000000000100000000001111111111111111111111111111111
111111111111111111111111111110000000000000000000000000000000000000000000000000000000000000001111111111111111111111111111
111111111111111111111111111100000000000000000000000000000000000000000000000000000000000000000000011111111111111111111111
111111111111111111111111111000000000000000000000000000000000000000000000000000000000000000000000001111111111111111111111
111111111111111111111111110000000000000000000000000000000000000000000000000000000000000011111000011111111111111111111111
111111111111111111111111110000000000000000000000000000000000000000000000000000000000011111111111111111111111111111111111
111111111111111111111111100000000000000000000000000000001111111110000000000001111111111111111111111111111111111111111111
111111111111111111111111000000000010000000000000000000000111111111111111111111111111111111111111111111111111111111111111
111111111111111111111111100000001111000000000000000000000111111111111111111111111111111111111111111111111111111111111111
111111111111111111111111111100111111000000000000000000000111111111111111111111111111111111111111111111111111111111111111
111111111111111111111111111111111111000000000000000000000111111111111111111111111111111111111111111111111111111111111111
111111111111111111111111111111111111000000000000000000000111111111111111111111111111111111111111111111111111111111111111
111111111111111111111111111111111111000000000000000000001111111111111111111111111111111111111111111111111111111111111111
111111111111111111111111111111111110000000000000000000011111111111111111111111111111111111111111111111111111111111111111
111111111111111111111111111111111110000000000000000000111111111111111111111111111111111111111111111111111111111111111111
111111111111111111111111111111111111000000000000000000111111111111111111111111111111111111111111111111111111111111111111
111111111111111111111111111111111111000000000000000000001111111111111111111111111111111111111111111111111111111111111111
111111111111111111111111111111111110000000000000000000000111111111111111111111111111111111111111111111111111111111111111
111111111111111111111111111111111100000000000000000000000011111111111111111111111111111111111111111111111111111111111111
111111111111111111111111111111111000000000000000000000000001111111111111111111111111111111111111111111111111111111111111
111111111111111111111111111111111000000000000000000000000000111111111111111111111111111111111111111111111111111111111111
111111111111111111111111111111111000000000000000000000000000011111111111111111111111111111111111111111111111111111111111
111111111111111111111111111111110000000000000000000000000000001111111111111111111111111111111111111111111111111111111111
111111111111111111111111111111110000000000000000000000000000000011111111111111111111111111111111111111111111111111111111
111111111111111111111111111111100000000000000000000000000000000001111111111111111111111111111111111111111111111111111111
111111111111111111111111111111100000000000000000000000000000000000111111111111111111111111111111111111111111111111111111
111111111111111111111111111111000000000000000000000000000000000000011111111111111111111111111111111111111111111111111111
111111111111111111111111111110000000000000000000000000000000000000001111111111111111111111111111111111111111111111111111
