000000000000000000000000000000000011100000111000000000000000000000000000000000000000000000000000000000000000000000000000
000000000000000000000000000000000001111000111000001000000000000000000000000000000000000000000000000000000000000000000000
000000000000000000000000000000000000111101110011110000000000000000010000000000000000000000100000000000000000000000000000
000000000000000000000000000000000111111111111110000000000000000000110000000000000000000000100000000000000000000000000000
000000000000000000000000000000000000011111110000000000000000000000110000000000000000000000110100000000000000000000000000
000000000000000000000000000000000000111111111111111000000000000000110000000000000000011111111111000000000000000000000000
000000000000000000000000000000001111111111111111111000000000000000111000000000000000001111100100000000000000000000000000
000000000000000000000000000000000001111111111111000000000000000000111000000000000000000011100000000000000000000000000000
000000000000000000000000000000000000111111111111100000000000000000011101111111111110000111000000000000000000000000000000
000000000000000000000000000000000001111111111111111000000000000000001111111111111111111110000000000000000000000000000000
000000000000000000000000000000000111111111111111111110000000000000011111111111111111111100000000000000000000000000000000
000000000000000000000000000000001111111111111111111111100000000000111111111111111111111100000000000000000000000000000000
000000000000000000000000000000001111111111111111111111100000000001111111111111111111111100000000000000000000000000000000
000000000000000000000000000000011111111111111111111111100000000000111111111111111111111110000000000000000000000000000000
000000000000000000000000000000011111111111111111111111000000000000111111111111111111111110000000000000000000000000000000
000000000000000000000000000000011111111111111111111110000000000000011111111111111111111110000000000000000000000000000000
000000000000000000000000000000011111111111111111111110000000000000011111111111111111111110000000000000000000000000000000
000000000000000000000000000000111111111111111111111110000000000000011111111111111111111111000000000000000000000000000000
000000000000000000000000000000111111111111111111111110000000000000011111111111111111111111000000000000000000000000000000
000000000000000000000000000000111111111111111111111111000000000000111111111111111111111111000000000000000000000000000000
000000000000000000000000000000111111111111111111111111000111111000111111111111111111111111000000000000000000000000000000
000000000000000000000000000000111111111111111111111111000111111000111111111111111111111111000000000000000000000000000000
000000000000000000000000000001111111111111111111111111000111111000111111111111111111111111100000000000000000000000000000
000000000000000000000000000001111111111111111111111111111111111111111111111111111111111111100000000000000000000000000000
000000000000000000000000000011111111111111111111111111111111111111111111111111111111111111110000000000000000000000000000
000000000000000000000000000011111111111111111111111111111111111111111111111111111111111111110000000000000000000000000000
000000000000000000000000000111111111111111111111111111111110111111111111111111111111111111111000000000000000000000000000
000000000000000000000000000111111111111111111111111111111110011111111111111111111111111111111000000000000000000000000000
000000000000000000000000000111111111111111111111111111111100001111111111111111111111111111111000000000000000000000000000
000000000000000000000000000111111111111111111111111111111000000111111111111111111111111111111000000000000000000000000000
000000000000000000000000000111111111111111111111111110001000001100011111111111111111111111111000000000000000000000000000
000000000000000000000000000111111111111111111111110000000100001000000011111111111111111111111000000000000000000000000000
000000000000000000000000000011111111111111111111100000000010010000000001111111111111111111111000000000000000000000000000
000000000000000000000000000011111111111111111110000000000000000000000000011111111111111111111111000000000000000000000000
000000000000000000000000000111111111111111111110000000000000000000000000011111111111111111111111111111000000000000000000
000000000000000000000000001111111111111111111110000000000000000000000000011111111111111111111111111111110000000000000000
000000000000000000000000011111111111111111111110000000000000000000000000011111111111111111111111111111111100000000000000
000000000000000000000000111111111111111111111111000000000000000000000000011111111111111111111111111111111111000000000000
000000000000000000000001111111111111111111111111100000000000000000000000011111111111111111111111111111111111100000000000
000000000000000000000011111111111111111111111111100000000000000000000000011111111111111111111111111111111111110000000000
