000000000000000000000000000000000000000000000000000000000000000000011111111111111111111110000000000000000000000000000000
000000000000000000000000000000000000000000000000000000000000000000011111111111111111111111100000000000100000000000000000
000000000000000000000000000000000000000000000000000000000000000000001111111111111100111111111000000000100000000000000000
000000000000000000000000000000000000000000000000000000000000000000000011111111110000001111111111111100000000000000000000
000000000000000000000000000000000000000000000000000000000000000000000000000000000000000011111111111110000000000001111100
000000000000000000000000000000000000000000000001000000000000000000000000000000000000000000000000001110000001111111111111
000000000000000000000000000000000000000000000000000000000001111000000000000000000000000000000000000001111111111111111000
000000000000000000000000000000000000000000000000000111001111111000000000000000000000000000000011111111111111110000000000
000000000000000000000000000000000000000000000000111111111111111000000000000000010000000000011111111111100000000000000000
000000000000000000000000000000000000000000000001111111111111111000000000000000000000001111111111100000000000000000000000
000000000000000000000000000000000000000000000011111111111111110000000000000000000111111111000000000000000000000000000000
000000000000000000000000000000000000000000000011111111111110000000000000000011111111000000000000000000000000000000000000
000000000000000000000000000000000000000000000001101111111100001100011111111110111000000000000000000000000000000000000001
000000000000000000000000000000000000000000000000011111111111111111111111000000000000000000000000000000000000000000000000
000000000000000000000000000000000000000000000001111111111111111111100000000000000000000000000000000000000000000000000000
000000000000000111110000000000000000000000000111111111111110000000000000000000000000000000000000000000000000000000000000
000000000000000111110000000000000000000000001111111111111110000000000000000000000000000000000000000000000000000000000000
000000000000001111110000000000000000000000001111001111111110000000000000000000000000000000000000000000000000000000000000
000000000000001111110000000000000000000000011110001111111110000000000000000000000000000000000000000000000000000000000000
000000000000011111111000000000000011100000001110011111111111000000000000000000000000000000000000000000000000000000000000
000000000000111111111110000000000000001111000111001111111110001111000000000000000000000000000000000000000000000000000000
000000000000011111111000000000000000000000011111111111111111111100000000000000000000000000000000000000000000000000000000
000000000000111111110000000000000000000000000111111111111111100000000000000000000000000000000000000000000000000000000000
000000000000011111111000000000000000000000001111111111111111100000000000000000000000000000000000000000000000000000000000
000000000000011111111100000000000000011111111011111111111111111110000000000000000000000000000000000000000000000000000000
000000000000011111111100000001111111110000000011111111111111111111111110000000000000000000000000000000000000000000000000
000000000000111111111110011111000000000000000011111111111111111110000000111100000000000000000000000000000000000000000000
000000000000001100111000000000000000000000000111111111111111111111100000000000000000000000000000000000000000000000000000
000011111111111100000000000000000000000000001111111111111111111111110000000000000000000000000000000000000000000000000000
000000000000000000000000000000000000000000001111111111111111111111111000000000000000000000000000000000000000000000000000
000000000000000000000000000000000000000000001111111111111111111111111000000000000000000000000000000000000000000000000000
000000000000000000000000000000000000000000001111111111111111111111100000000000000000000000000000000000000000000000000000
000000000000000000000000000000000000000000000011111111111111111000000000000000000000000000000000000000000000000000000000
000000000000000000000000000000000000000000000011110000000001111100000000000000000000000000000000000000000000000000000000
000000000000000000000000000000000000000000000111100000000000111100000000000000000000000000000000000000000000000000000000
000000000000000000000000000000000000000000000111100000000000011110000000000000000000000000000000000000000000000000000000
000000000000000000000000000000000000000000000111100000000000011110000000000000000000000000000000000000000000000000000000
000000000000000000000000000000000000000000000111000000000000001110000000000000000000000000000000000000000000000000000000
000000000000000000000000000000000000000000000111000000000000001110000000000000000000000000000000000000000000000000000000
000000000000000000000000000000000000000000000111000000000000001111000000000000000000000000000000000000000000000000000000
