111111111111111111111111111111111111111111111111111111111111111111110000000000111111111111111111111111111111111111111111
111111111111111111111111111111111111111111111100001111111111111111000000000000000011111111111111111111111111111111111111
111111111111111111111111111111111111110000000000000000000110000000000000000000000000011111111111111111111111111111111111
111111111111111111111111111111111111000000000000000000000000000000000000000000000000001111111111111111111111111111111111
111111111111111111111111111111111111000000000000000000000000000000000000000000000000000111111111111111111111111111111111
111111111111111111111111111111111111110000000000000000000000000000000000000000000000000001111111111111111111111111111111
111111111111111111111111111111111111111000000000000000000000000000000000000000000000000000011111111111111111111111111111
111111111111111111111111111111111111111110000000000000000000000000000000000000000000000000001111111111111111111111111111
111111111111111111111111111111111111111111111000000000000000000000000000000000000000000000000111111111111111111111111111
111111111111111111111111111111111111111111111110000000000000000000000000000000000000000000000011111111111111111111111111
111111111111111111111111111111111111111111111100000000000000000000000000000000000000000000000001111111111111111111111111
111111111111111111111111111111111111111111111000000000000000000000000000000000000000000000000000111111111111111111111111
111111111111111111111111111111111111111111111000000000000000000000000000000000000000000000000000011111111111111111111111
111111111111111111111111111111111111111111111000000000000000000000000000000000000000000000000000001111111111111111111111
111111111111111111111111111111111111111111111000000000000000000000000000000000000000000000000000001111111111111111111111
111111111111111111111111111111111111111111111000000000000000000000000000000000000000000000000000000111111111111111111111
111111111111111111111111111111111111111111111000000000000000000000000000000000000000000000000000000011111111111111111111
111111111111111111111111111111111111111111111100000000000000000000000000000000000000000000000000000011111111111111111111
111111111111111111111111111111111111111111111100000000000000000000000000000000000000000000000000000001111111111111111111
111111111111111111111111111111111111111111111111100000000000000000000000000000000000000000000000000000111111111111111111
111111111111111111111111111111111111111111111111111111000000000000000000000000000000000000000000000000111111111111111111
111111111111111111111111111111111111111111111111111111111100000000000000000000000000000000000000000000111111111111111111
111111111111111111111111111111111111111111111111111111111100000000000000000000000000000000000000000000011111111111111111
111111111111111111111111111111111111111111111111111111111100000000000000000000000000000000000000000000111111111111111111
111111111111111111111111111111111111111111111111111111111000000111000000111100000000000000000000000000011111111111111111
111111111111111111111111111111111111111111111111111111111000000111100000111110000000000000000000000000111111111111111111
111111111111111111111111111111111111111111111111111111111000000111110001111110000000000000000000000010011111111111111111
111111111111111111111111111111111111111111111111111111111000000111111001111100000000000000000000000001111111111111111111
111111111111111111111111111111111111111111111111111111111000000111111100110000000000000000000000000000111111111111111111
111111111111111111111111111111111111111111111111111111111000000111111110000000000000000000000000000000001111111111111111
111111111111111111111111111111111111111111111111111111111110000111111110000000000000000000000000000000000111111111111111
111111111111111111111111111111111111111111111111111111111111000111111000000000000000000000000000000000000011111111111111
111111111111111111111111111111111111111111111111111111111111100111111000000000000000000000000000000000000000111111111111
111111111111111111111111111111111111111111111111111111111111110111111000000000000000000000000000000000000000011111111111
111111111111111111111111111111111111111111111111111111111111111111111000000000000000000000000000000000000000001111111111
111111111111111111111111111111111111111111111111111111111111111111111000000000000000000000000000000000000100000111111111
111111111111111111111111111111111111111111111111111111111111111111111000000000000000000000000000000000000010000011111111
111111111111111111111111111111111111111111111111111111111111111111110000000000000000000000000000000000000001000001111111
111111111111111111111111111111111111111111111111111111111111111111110000000000000000000000000000000000000001100000111111
111111111111111111111111111111111111111111111111111111111111111111110000000000000000000000000000000000000000110000011111
