000000000000000000000000000000000000000000000000000000000000000000000000000000000000000000000000000000000000000000000000
000000000000000000000000000000000000000000000000000000000000000000000000000000000000000000000000000000000000000000000000
000000000000000000000000000000000000000000000000000000000000000000000000000000000000000000000000000000000000000000000000
000000000000000000000000000000000000000000000000000000000000000000000000000000000000000000000000000000000000000000000000
000000000000000000000000000000000000000000000000000000000000000000000000000000000000000000000000000000000000000000000000
000000000000000000000000000000000000000000000000000000000000000000000000000000000000000000000000000000000000000000000000
000000000000000000000000000000000000000000000000000000000000000000000000000000000000000000000000000000000000000000000000
000000000000000000000000000000000000000000000000000000000000000000000000000000000000000000000000000000000000000000000000
000000000000000000000000000000000000000000000000000001100000000000000000000000000000000000000000000000000000000000000000
000000000000000000000000000000000000000000000000000011111000011111111111000000000000000000000000000000000000000000000000
000000000000000000000000000000000000000000000000000011111111111111111001111000000000000000000000000000000000000000000000
000000000000000000000000000000000000000000000000000000111111111111111000000000000000000000000000000000000000000000000000
000000000000000000000000000000000000000000000000000000000011111111111111110000000000000000000000000000000000000000000000
000000000000000000000000000000000000000000000000000000000000111111111111111100000000000000000000000000000000000000000000
000000000000000000000000000000000000000000000000000000001111000111111111111111110000000000000000000000000000000000000000
000000000000000000000000000000000000000000000000000000000111101111111111111111100000000000000000000000000000000000000000
000000000000000000000000000000000000000000000000000000000001111111111110001000000000000000000000000000000000000000000000
000000000000000000000000000000000000000000000000000000000000111111111110011111000000000000000000000000000000000000000000
000000000000000000000000000000000000000000000000000000000000011101111111111111000000000000000000000000000000000000000000
000000000000000000000000000000000000000000000000000000000000111000111111111111111111111000000000000000000000000000000000
000000000000000000000000000000000000000000000000000000000001100001111111111111000111110000011111111111000000000000000000
000000000000000000000000001111111111111100000000000000000111001111111111111111111111111111111111111111110000000000000000
000000000000000000000000000000111111111111111111111111111111111111111111111111111111111111111111111111111110000000000000
000000000000000000000000000000000110000111111000000000000001111111111111111111111111111111111111111111111111100000000000
000000000000000000000000000000000000000000001111000000000000111111111111111111111111111111111111111111111111100000000000
000000000000000000000000000000000000000000000000000000000000000000000001111110000000000111111111111111111111000000000000
000000000000000000000000000000000000000000000000000000000000000000000001101110000000000000000000001111100000000000000000
000000000000000000000000000000000000000000000000000000000000000000000000000000000000000000000000000000000000000000000000
000000000000000000000000000000000000000000000000000000000000000000000000000000000000000000000000000000000000000000000000
000000000000000000000000000000000000000000000000000000000000000000000000000000000000000000000000000000000000000000000000
000000000000000000000000000000000000000000000000000000000000000000000000000000000000000000000000000000000000000000000000
000000000000000000000000000000000000000000000000000000000000000000000000000000000000000000000000000000000000000000000000
000000000000000000000000000000000000000000000000000000000000000000000000000000000000000000000000000000000000000000000000
000000000000000000000000000000000000000000000000000000000000000000000000000000000000000000000000000000000000000000000000
000000000000000000000000000000000000000000000000000000000000000000000000000000000000000000000000000000000000000000000000
000000000000000000000000000000000000000000000000000000000000000000000000000000000000000000000000000000000000000000000000
000000000000000000000000000000000000000000000000000000000000000000000000000000000000000000000000000000000000000000000000
000000000000000000000000000000000000000000000000000000000000000000000000000000000000000000000000000000000000000000000000
000000000000000000000000000000000000000000000000000000000000000000000000000000000000000000000000000000000000000000000000
000000000000000000000000000000000000000000000000000000000000000000000000000000000000000000000000000000000000000000000000
