000001111111111111111111111111111111111111111111111111111111000000000000000000000000000000000000000000000000000000000000
000001111111111111111111111111111111111111111111111111111111000000000000000000000000000000000000000000000000000000000000
000001111111111111111111111111111111111111111111111111111111000000000000000000000000000000000000000000000000000000000000
000011111111111111111111111111111111111111111111111111111111000000000000000000000000000000000000000000000000000000000000
000111111111111111111111111111111111111111111111111111111111000000000000000000000000000000000000000000000000000000000000
001111111111111111111111111111111111111111111111111111111111000000000000000000000000000000000000000000000000000000000000
001111111111111111111111111111111111111111111111111111111111000000000000000000000000000000000000000000000000000000000000
001111111111111111111111111111111111111111111111111111111111000000000000000000000000000000000000000000000000000000000000
000011111111111111111111111111111111111111111111111111111111000000000000000000000000000000000000000000000000000000000000
000000000001111111111111111111111111111111111111111111111111000000000000000000000000000000000000000000000000000000000000
000000000000000000111111111111111111111111111111111111111111000000000000000000000000000000000000000000000000000000000000
001111000000000000000001111111111111111111111111111111111111000000000000000000000000000000000000000000000000000000000000
000011111111110000000000000111111111111111111111111111111111000000000000000000000000000000000000000000000000000000000000
000000001111111111110000000000111111111111111111111111111111000000000000000000000000000000000000000000000000000000000000
000000000000011111111111000000000111111111111111111111111111000000000000000000000000000000000000000000000000000000000000
000000000000001111111111111110000011111111111111111111111111000000000000000000000000000000000000000000000000000000000000
000000000000000011111111111111110011111111111111111111111111000000000000000000000000000000000000000000000000000000000000
000000000000000001111111111111111111111111111111111111111111000000000000000000000000000000000000000000000000000000000000
000000000000000001111111111111111111111111111111111111111111000000000000000000000000000000000000000000000000000000000000
000000000000000111111111111111111111111111111111111111111111000000000000000000000000000000000000000000000000000000000000
000011111111111111111111111111111111111111111111111111111111000000000000000000000000000000000000000000000000000000000000
011111111111111111111111111111111111111111111111111111111111000000000000000000000000000000000000000000000000000000000000
111111111111111111111111111111111111111111111111111111111111000000000000000000000000000000000000000000000000000000000111
111111111111111111111111111111111111111111111111111111111111000000000000000000000000000000000000000000000000000011111111
111111111111111111111111111111111111111111111111111111111111000000000000000000000000000000000000000000000000001111111111
111111111111111111111111111111111111111111111111111111111111000000000000000000000000000000000000000000000000001111111111
111111111111111111111111111111111111111111111111111111111111000000000000000000000000000000000000000000000000000011111111
111111111111111111111111111111111111111111111111111111111111000000000000000000000000000000000000000011110000000001111111
111111111111111111111111111111111111111111111111111111111111000000000000000000000000000000000000000111110000000001111111
111111111111111111111111111111111111111111111111111111111111000000000000000000000000000000000000111111111000011111111111
111111111111111111111111111111111111111111111111111111111111000000000000000000000000000000000111111111111111111111111111
111111111111111111111111111111111111111111111111111111111111000000000000000000000000000000011111111111111111111111111111
111111111111111111111111111111111111111111111111111111111111000000000000000000000000000000001111111111111111111111111111
111111111111111111111111111111111111111111111111111111111111000000000000000000000000000000000111111111111111111111111111
111111111111111111111111111111111111111111111111111111111111000000000000000000000000000000000001111111110000111111111111
111111111111111111111111111111111111111111111111111111111111000000000000000000000000000000000000000000000000111111111111
111111111111111111111111111111111111111111111111111111111111000000000000000000000000000000000000000000000000000111111111
111111111111111111111111111111111111111111111111111111111111000000000000000000000000000000000000000000000000000011111111
111111111111111111111111111111111111111111111111111111111111000000000000000000000000000000000000000000000000000111111111
111111111111111111111111111111111111111111111111111111111111000000000000000000000000000000000000000000000000000111111111
