111111111111111111111111111111111111111111000000000000000000000000000000111111111111111111111111111111111111111111111111
111111111111111111111111111111111111111111100000000000000000000000000001111111111111111111111111111111111111111111111111
111111111111111111111111111111111111111111111000000000000000000000000111111111111111111111111111111111111111111111111111
111111111111111111111111111111111110000000000100000000000000000000000111111111111111111111111111111111111111111111111111
111111111111111111111111111111110000000000000000000000000000000000000111111111111111111111111111111111111111111111111111
111111111111111111111111111110001100000000000000000000000000000000000001111111111111111111111111111111111111111111111111
111111111111111111111111111111110000000000000000000000000000000000000000111111111111111111111111111111111111111111111111
111111111111111111111111111111111000000000000000000000000000000000000000111111111111111111111111111111111111111111111111
111111111111111111111111111111111000000000001000000000000000000000000000111111111111111111111111111111111111111111111111
111111111111111111111111111111111100000000011100000000000000000000000001111111111111111111111111111111111111111111111111
111111111111111111111111111111111100000000001110000000000000000000000011111111111111111111111111111111111111111111111111
111111111111111111111111111111111000000000001111100000000000000000000111111111111111111111111111111111111111111111111111
111111111111111111111111111111111110000000001111111000000000000000111111111111111111111111111111111111111111111111111111
111111111111111111111111111111111100000000001111111111110000000111111111000000000000001111111111111111111111111111111111
111111111111111111111111111111111110000000000111111111111100001111111110000000000000000001111111111111110000111111111111
111111111111111111111111111111111110000000000111111111111100011111111000000000000000000000000001110000000000111111111111
111111111111111111111111111111111100000000000011111111111111111111111000000000000000000000000000000000000011111111111100
111111111111111111111111111111111101000000000011111111111111111000111000000000000000000000000000000000000000000000000000
111111111111111111111111111111111100100000000011111111111111111000000000000000000000000000000000000000000000000000000000
111111111111111111111111111111111100000000000000111111111111100000000000000000000000000000000000000000000000000000000000
111111111111111111111111111111111100011000000000001111111110000000000000000000000000000000000000000000000000000000111100
111111111111111111111111111111111100001100000000000001111000000000000000000000000000000000000000000000000111111111111111
111111111111111111111111111111111011101111000000000000011100000000000000000000000000000000000000000000011111111111111111
111111111111111111111111111111111011001111110000000000000110000000000000000000000000000000000000000000000000011111111111
111111111111111111111111111111111000011111111100000000000001000000000000000000000000000000000000000000000000000111111111
111111111111111111111111111111111000011111111111000000000000000000000000000000000000000000000000000000000000000011111111
111111111111111111111111111111111000011111111111110000000000000000000000000000000000000000000000000000000000000001111111
111111111111111111111111111111110000011111111111111100000000000000000000000000000000000000000000000000000000000001111111
111111111111111111111111111111110111011111111111111111000000000000000000000000000000000000000000000000000000000111111111
111111111111111111111111111111110000011111111111111111110000000000000000000000000000000000000000000000000000001111111111
111111111111111111111111111111110000111111111111111111110000000000000000000000000000000000000000000000000001111111111111
111111111111111111111111111111110001111111111111111110000000000000000000000000000000000000000000000000000111111111111111
111111111111111111111111111111100000111111111111111100000000000000000000000000000000000000000000000001111111111111111111
111111111111111111111111111111101110111111111111110000000000000000000000000000000000000000000000011111111111111111111111
111111111111111111111111111111101100111111111111100000000000000000000000000000000000000001111111111111111111111111111111
111111111111111111111111111111100001111111111111000000000000000000000000000000000000000011111111111111111111111111111111
111111111111111111111111111111100011111111111100000000000000000000000000000000000000000011111111111111111111111111111111
111111111111111111111111111111100011111111111000000000000000000000000000000000000000000111111111111111111111111111111111
111111111111111111111111111111000001111111110000000000000000000000000000000000000000000111111111111111111111111111111111
111111111111111111111111111111011101111111000000000000000000000000000000000000000000000111111111111111111111111111111111
