000000000000000000000000000000000000000000000000000000000000000000111111111111111111111000000000000000000000000000000000
000000000000000000000000000000000000000000000000000000000000000000111111111111111111111111000000000000000000000000000000
000000000000000000000000000000000000000000000000000000000000000000111111111111111000011111100000000000000000000000000000
000000000000000000000000000000000000000000000000000000000000000000111111111111110000000111111111110000000000000000000000
000000000000000000000000000000000000000000000000000000000000000000001111111111000000000000111111001100000000000000000000
000000000000000000000000000000000000000000000000000000000000000000000000000110000000000000000000000000000000000000000000
000000000000000000000000000000000000000000000000000000000001111000000000000011000000000000000000000000000000000000000000
000000000000000000000000000000000000000000000000000111100111111100000000000001100000000000000000000000000000000000000000
000000000000000000000000000000000000000000000000111111111111111000000000000000110000000000000000000000000000000000000000
000000000000000000000000000000000000000000000001111111111111111000000000000000011000000000000000000000000000000000000000
000000000000000000000000000000000000000000000011111111111111000000000000000111111111000000000000000000000000000000000000
000000000000000000000000000000000000000000000011111111111111000000011111111100000111000000000000000000000000000000000000
000000000000000000000000000000000000000000000000110111110101111111111100000000000111110000000000000000000000000000000000
000000000000000000000000000000000000000000000000011111111111111111000000000000000001111100000000000000000000000000000010
000000000000000000000000000000000000000000000011111111111111100000000000000000000000111110000000000000000000000000000000
000000000000000111110000000000000000000000000111111111111110000000000000000000000000011111000000000000000000000000000000
000000000000001111110000000000000000000000001111111111111110000000000000000000000000001111110000000000000000000000000000
000000000000001111110000000000000000000000011111001111111111000000000000000000000000000111111000000000000000000000000000
000000000000001111110000000000000010000000011100001111111111000000000000000000000000000011111110000000000000000000000000
000000000000011111110000000000000000111000001110011111111111000000000000000000000000000001111110000000000000000000000000
000000000000111111111100000000000000000011101111001111111111110000000000000000000000000000111111100000000000000000000000
000000000000011111111000000000000000000000011111111111111111000000000000000000000000000000011111111000000000000000000000
000000000000111111110000000000000000000000000111111111111111000000000000000000000000000000000111111100000000000000000000
000000000000001111111000000000000000000000001111111111111111100000000000000000000000000000000011111110000000000000000000
000000000000011111111100000000000000001111111011111111111111111110000000000000000000000000000001111111100000000000000000
000000000000011111111100000010000111111100000011111111111111111111111100000000000000000000000000111111110000000000000000
000000000000111111111010000111111100000000000111111111111111111110000001111000000000000000000000011111110000000000000000
000000000000001100111011111000000000000000001111111111111111111111100000000000000000000000000000000111111110000000000000
000011111111111000000000000000000000000000001111111111111111111111110000000000000000000000000000000011111000000000000000
000000000000000000000000000000000000000000011111111111111111111111111100000000000000000000000000000000000000000000000000
000000000000000000000000000000000000000000011111111111111111111111111000000000000000000000000000000000000000000000000000
000000000000000000000000000000000000000000001111111111111111111111100000000000000000000000000000000000000000000000000000
000000000000000000000000000000000000000000000011111111111111111000000000000000000000000000000000000000000000000000000000
000000000000000000000000000000000000000000000111110000000001111100000000000000000000000000000000000000000000000000000000
000000000000000000000000000000000000000000000111100000000000111100000000000000000000000000000000000000000000000000000000
000000000000000000000000000000000000000000000111100000000000011110000000000000000000000000000000000000000000000000000000
000000000000000000000000000000000000000000000111100000000000011110000000000000000000000000000000000000000000000000000000
000000000000000000000000000000000000000000000111000000000000001110000000000000000000000000000000000000000000000000000000
000000000000000000000000000000000000000000000111000000000000001110000000000000000000000000000000000000000000000000000000
000000000000000000000000000000000000000000001111000000000000001111000000000000000000000000000000000000000000000000000000
