111111100000000000000000000000000000000000000000000000000000000000000000000000000000000000000000000000000000000000000000
111110000000000000000000000000000000000000000000000000000000000000000000000000000000000000000000000000000000000000000000
111100000000000000000000000000000000000000000000000000000000000000000000000000000000000000000000000000000000000000000000
110000000000000000000000000000000000000000000000000000000000000000000000000000000000000000000000000000000000000000000000
100000000000000000000000000000000000000000000000000000000000000000000000000000000000000000000000000000000000000000000000
000000000000000000000000000000000000000000000000000000000000000000000000000000000000000000000000000000000000000000000000
000000000000000000000000000000000000000000000000000000000000000000000000000000000000000000000000000000000000000000000000
000000000000000000000000000000000000000000000000000000000000000000000000000000000000000000000000000000000000000000000000
000000000000000000000000000000000000000000000000000000000000000000000000000000000111111111100000000000000000000000000000
000000000000000000000000000000000000000000000000000000000000000000000000000000011111111111111000000000000000000000000000
000000000000000000000000000000000000000000000000000000000000000000000000000000111111111111111100000000000000000000000000
000000000000000000000000000000000000000000000000000000000000000000000000000000111111111111111100000000000000000000000000
000000000000000000000000000000000000000000000000000000000000000000000000000000011111111111111100000000000000000000000000
000000000000000000000000000000000000000000000000000000000000000000000000000000001111111111111000000000000000000000000000
000000000000000000000000001111111111111100000000000000000000000000000000000000000011111111000000000000000000000000000000
000000000000000000011111111111111111111111111110000000000000000000000000000000000000000000000000000000000000000000000000
000000000000000111111111111111111111111111111111111000000000000000000000000000000000000000000000000000000000000000000000
000000000000111111111111111111111111111111111111111111000000000000000000000000000000000000000000000000000000000000000001
000000000111111111111111111111111111111111111111111111111000000000000000000000000000000000000000000000000000000000000111
000000011111111111111111111111111111111111111111111111111110000000000000000000000000000000000000000000000000000000001111
000001111111111111111111111111111111111111111111111111111111000000000000000000000000000000000000000000000000000000111111
000011111111111111111111111111111111111111111111111111111111110000000000000000000000000000000000000000000000000011111111
001111111111111111111111111111111111111111111111111111111111111110000000000000000000000000000000000000000000001111111111
011111111111111111111111111111111111111111111111111111111111111111110000000000000000000000000000000000000001111111111111
111111111111111111111111111111110000111111111111111111111111111111111111000000000000000000000000000000001111111111111111
111111111111111111111111111100000000000011111111111111111111111111111111111110000000000000000000001111111111111111111111
111111111111111111111111110000000000000000111111111111111111111111111111111111111111111111111111111111111111111111111111
111111111111111111111111100000000000000000011111111111111111111111111111111111111111111111111111111111111111111111111111
111111111111111111111111100000000000000000011111111111111111111111111111111111111111111111111111111111111111111111111111
111111111111111111111111100000000000000000011111111111111111111111111111111111111111111111111111111111111111111111111111
111111111111111111111111110000000000000000111111111111111111111111111111111111111111111111111111111111111111111111111111
111111111111111111111111111100000000000011111111111111111111111111111111111111111111111111111111111111111111111111111111
111111111111111111111111111111110000111111111111111111111111111111111111111111111111111111111111111111111111111111111111
111111111111111111111111111111111111111111111111111111111111111111111111111111111111111111111111111111111111111111111111
111111111111111111111111111111111111111111111111111111111111111111111111111111111111111111111111111111111111111111111111
111111111111111111111111111111111111111111111111111111111111111111111111111111111111111111111111111111111111111111111110
111111111111111111111111111111111111111111111111111111111111111111111111111111111111111111111111111111111111111111111100
111111111111111111111111111111111111111111111111111111111111111111111111111111111111111111111111111111111111111111110000
111111111111111111111111111111111111111111111111111111111111111111111111111111111111111111111111111111111111111111100000
111111111111111111111111111111111111111111111111111111111111111111111111111111111111111111111111111111111111111110000000
