000000000000000000000000000000000000000000000000000000000000000000000000000000000000000000000000000000000000000000000000
000000000000000000000000000000000000000000000000000000000000000000000000000000000000000000000000000000000000000000000000
000000000000000000000000000000000000000000000000000000000000000000000000000000000000000000000000000000000000000000000000
000000000000000000000000000000000000000000000000011111111111111111111110000000000000000000000000000000000000000000000000
000000000000000000000000000000000000000000000001111111111111111111111111100000000000000000000000000000000000000000000000
000000000000000000000000000000000000000000000011111111111111111111111111111111100000000000000000000000000000000000000000
000000000000000000000000000000000000000000000011111111111111111111111111111111111100000000000000000000000000000000000000
000000000000000000000000000000000000000000000011111111111111111111111111111111111110000000000000000000000000000000000000
000000000000000000000000000000000000000000000011111111111111111111111111111111111110000000000000000000000000000000000000
000000000000000000000000000000000000000000000011111111111111111111111111111111111111000000000000000000000000000000000000
000000000000000000000000000000000000000000001111111111111111111111111111111111111100000000000000000000000000000000000000
000000000000000000000000000000000000000000111111111111111111111111111111110111111100000000000000000000000000000000000000
000000000000000000000000000000000000000000000001111111111111111111111111100111111100000000000000000000000000000000000000
000000000000000000000000000000000000000000000001111111111111111111111111110111111110000000000000000000000000000000000000
000000000000000000000000000000000000000000000000001111111111111111111100000111111110000000000000000000000000000000000000
000000000000000000000000000000000000000000000000000111111111111111111000000111111111000000000000000000000000000000000000
000000000000000000000000000000000000000000000000000110001111111100110000000011111110000000000000000000000000000000000000
000000000001100000000000000000000000000000000000000000011111111110000000000011111100000000000000000000000000000000000000
000000000111111111000000000000000000000000000000000111111111111111111000000001111000000000000000000000000111110000000000
000000111100000111111100000000000000000000000000011111111111111111111110000000000000000000000000000011111100011100000000
000111111100000001111011110000000000000000000001111111111111111111111111100000000000000000000001111111100000001111100000
111111011111000011111100001111111001111111111111111111111111111111111111111011111100000000111110000111110000011111111100
111000011111100011111100000111100000011100011111111111111111111111111111111111111111111111111000001111110000111110011111
110000011111100001111100001111100000111110001111111111111111111111111111111100011111000001111100001111110001111111000011
111000001111100000111100001111110000111111001111111111111111111111111111111100111111000011111100001111100001111110000111
111100000111100000011100000111110000111111000111111111111111111111111111111000111111000011111100000111000000111100001111
111100000011000000001000000111110000011111001111111111111111111111111111111100111110000011111000000111000000111000001111
111100000001000000000000000011100000001110011111111111111111111111111111111100111100000001110000000110000000111000001111
111100000000000000000000000001100000000110011111111111111111111111111111111100111000000001100000000000000000010000000111
001100000000000000000000000000000000000011111111011111111111111111111111111111110000000001000000000000000000000000000111
000000000000000000000000000000000000001111111110001111111111111111111100111111111100000000000000000000000000000000000110
000000000000000000000000000000000001111111111000011111111111111111111100001111111111100000000000000000000000000000000000
000000000000000000000000000000000111111111000000011111111111111111111110000000111111111100110000000000000000000000000000
000000000000000000000011111111111111111000000000011111111111111111111110000000000011111111111111100000000000000000000000
000000000000000000000000111111111110000000000000111111111111111111111111000000000000001111111110000000000000000000000000
000000000000011111111111111111100000000000000001111111111111111111111111100000000000000000011111111100000000000000000000
000000000000000001111111100000000000000000000011111111111111111111111111110000000000000000000001111111110000000000000000
000000000000000000000000000000000000000000000111111111111111111111111111111000000000000000000000000000000000000000000000
000000000000000000000000000000000000000000000111111111111111111111111111111000000000000000000000000000000000000000000000
000000000000000000000000000000000000000000001111111111111111111111111111111100000000000000000000000000000000000000000000
