000000000000000000000000000000000000011111111111111111111111111111111111111111111111111111111111111111111111111111110000
000000000000000000000000000000000000001110001111111111111111111111111111111111111111111111111111111111111111111111111000
000000000000000000000000000000000000000011111011111111111111111111111111111111111111111111111111111111111111111111111000
000000000000000000000000000000000000000000100000001111111111111111111111111111111111111111111111111111111111111111111000
000000000000000000000000000000000000000000001000000011111111111111111111111111111111111111111111111111111111111111110000
000000000000000000000000000000000000000000000011100011111111111111111111111111111111111111111111111111111111111111110000
000000000000000000000000000000000000000000000000000000111111111111111111111111111111111111111111111111111111111111110000
000000000000000000000000000000000000000000000000000000010001111111111111111111111111111111111111111111111111111111100000
000000000000000000000000000000000000000000000000000000000011111111111111111111111111111111111111111111111111111111100000
000000000000000000000000000000000000000000000000000000001111111111111111111111111111111111111111111111111111111111111000
000000000000000000000000000000000000000000000000001111111111111111111111111111111111111111111111111111111111111111111111
000000000000000000000000000000000000000000000001111111011111111111111111111111111111111111111111111111111111111111111111
000000000000000000000000000000000000000000001111111111111111111111111111111111111111111111111111111111111111111111111111
000000000000000000000000000000000000000000111111111111111111111111111111111111111111111111111111111111111111111111111111
000000000000000000000000000000000000000011111110001111111111111111111111111111111101111111111111111111111111111111111111
000000000000000000000000000000000000011111111000001111111111111111111111111111111100000111111111111111111111111111111111
000000000000000000000000000000000000111111100000000111111111111111111111111111111110000001111111111111111111111111111111
000000000000000000000000000000000001111110000000000000001111111111111111111111111111000110001111111111111111111111111111
000000000000000000000000000000000011111111000000000000000111111111111111111111111111000000000011111111111111111111111111
000000000000000000000000000000011111111111000000000000000111111111111111111111111111000000000001000011111111111111111111
000000000000000000000000000000111111111100000000000000000011111111111111111111111111100000000000100000000111111111111111
000000000000000000000000000000011111111000000000000001000011111111111111111111111111100000000000010000000001111111111111
000000000000000000000000000000001111111110000000000011110011111111111111111111111111100000000000000100000000011111111111
000000000000000000000000000000000011111111100000000111111111111111111111111111111111100000000000000000111111111111111111
000000000000000000000000000000000000111111111110001111111111111111111111111111111111110000000000000000000000000000011111
000000000000000000000000000000000000011111111111111111111111111111111111111111111111110000000000000000000000000000001100
000000000000000000000000000000000000000111111111111111111111111111111111111111111111111000000000000000000000000000000110
000000000000000000000000000000000000000011111111111111111111111111111111111111111111111000000000000000000000000000000001
000000000000000000000000000000000000000000000111110001111111111111111111111111111111111100000000000000000000000000000000
000000000000000000000000000000000000000000000000000011111111111111111111111111111111111100000000000000000000000000000000
000000000000000000000000000000000000000000000000000111111111111111111111111111111111111100000000000000000000000000000000
000000000000000000000000000000000000000000000000001111111111111111111111111111111111111110000000000000000000000000000000
000000000000000000000000000000000000000000000000111111111111111111111111111111111111111110000000000000000000000000000000
000000000000000000000000000000000000000000000011111100011111111111111111111111111111111111000000000000000000000000000000
000000000000000000000000000000000000000000001111111000001111111111111111111111111111111111100000000000000000000000000000
000000000000000000000000000000000000000000011111100000011111111111111111111111111111111111110000000000000000000000000000
000000000000000000000000000000000000000000011110000000011111111111111111111111111111111111111000000000000000000000000000
000000000000000000000000000000000000000000000000000000111111111111111111111111111111111111111000000000000000000000000000
000000000000000000000000000000000000000000000000000000111111111111111111111111111111111111111100000000000000000000000000
000000000000000000000000000000000000000000000000000001111111111111111111111111111111111111111110000000000000000000000000
