111111111111111111111111111111111111111111111111111111111111111111111111111111111111111111111111111111111111111111111111
111111111111111111111111111111111111111111111111111111111111111111111111111111000011111111111111111111111111111111111111
111111111111111111111111111111111111111111111111111111111111111111111111111110000000111111111111111111111111111111111111
111111111111111111111111111111111111111111111111111111111111111111111111111100000000001111111111111111111111111111111111
111111111111111111111111111111111111111111111111111111111111111111111111111100000000000011111111111111111111111111111111
111111111111111111111111111111111111111111111111111111111111111111111111111100000000000000000001111111111111111111111111
111111111111111111111111111111111111111111111111111111111111111111111110000000000000000000000000011111111111111111111111
111111111111111111111111111111111111111111111111111111111111111111110000000000000000000000000000001111111111111111111111
111111111111111111111111111111111111111111111111111111111111111111000000000000000000000000000000000111111111111111111111
111111111111111111111111111111111111111111111111111111111111111100000000000000000000000000000000000011111111111111111111
111111111111111111111111111111111111111111111111111111111111111000000000000000000000000000000000000011111111111111111111
111111111111111111111111111111111111111111111111111111111111110000000000000000000000000000000000000001111111111111111111
111111111111111111111111111111111111111111111111111111111111110000000000000000000000000000000000000000111111111111111111
111111111111111111111111111111111111111111111111111111111111110000000000000000000000000000000000000000011111111111111111
111111111111111111111111111111111111111111111111111111111111111000000000000000000000000000000000000000011111111111111111
111111111111111111111111111111111111111111111111111111111111111111000000000000000000000000000000000000001111111111111111
111111111111111111111111111111111111111111111111111111111111111111100000000000000000000000000000000000001111111111111111
111111111111111111111111111111111111111111111111111111111111111111000000000000000000000000000000000000001111111111111111
111111111111111111111111111111111111111111111111111111111111111111110000000000000000000000000000000000000111111111111111
111111111111111111111111111111111111111111111111111111111111111111111000000000000000000000000000000000000111111111111111
111111111111111111111111111111111111111111111111111111111111111111111100000000000000000000000000000000000111111111111111
111111111111111111111111111111111111111111111111111111111111111111111111000000000000000000000000000000000011111111111111
111111111111111111111111111111111111111111111111111111111111111111111111000000000000000000000000000000000011111111111111
111111111111111111111111111111111111111111111111111111111111111111111111100000000000000000000000000001001101111111111111
111111111111111111111111111111111111111111111111111111111111111111111111100000000000000000000000000001100111111111111111
111111111111111111111111111111111111111111111111111111111111111111111111000000000000000000000000000000111111111111111111
111111111111111111111111111111111111110111011111111111111111111111111110000000000000000000000000000010111111111111111111
111111111111111111111111111111111110000000000011111111111111111111111100000000000000000000000000010111111111111111111111
111111111111111111111111111111111000000000000001111111111111111111000000000000000000000000000000011111111111111111111111
111111111111111111111111111111111000000000000001111111111111111111000000000000000000000000000000011111111111111111111111
111111111111111111111111111111111000000000000000111111111111111111000000000000000000000000000000011111111111111111111111
111111111111111111111111111111111000000000000000000000000111111100000000000000000000000000000000011111111111111111111111
111111111111111111111111111111111100000000000000000000000000000000000000000000000000000000000000011111111111111111111111
111111111111111111111111111111111111100000000000000000000000000000000000000000000000000000000000011111001111111111111111
111111111111111111111111111111111111111111110000000000000000000000000000000000000000000000000000000000011111111111111111
111111111111111111111111111111111111111111110000000000000000000000000000000000000000000000000000000111111111111111111111
111111111111111111111111111111111111111111100000000000000000000000000000000000000000000000000000000111111111111111111111
111111111111111111111111111111111111111111100000000000000000000000000000000000000000000000000000000011111111111111111111
111111111111111111111111111111111111111111100000000000000000000000000000000000000000000000000000000000111111111111111111
111111111111111111111111111111111111111111000000000000000000000000000000000000000000000000000000000000011111111111111111
