111111111111111111111111111111000000000000000000000000000000000000000000000000000000000000000000000000000000000000000000
111111111111111111111111111111000000000000000000000000000000000000000000000000000000000000000000000000000000000000000000
111111111111111111111111111111000000000000000000000000000000000000000000000000000000000000000000000000000000000000000000
111111111111111111111111111111000000000000000000000000000000000000000000000000000000000000000000000000000000000000000000
111111111111111111111111111111000000000000000000000000000000000000000000000000000000000000000000000000000000000000000000
111111111111111111111111111111000000000000000000000000000000000000000000000000000000000000000000000000000000000000000000
111111111111111111111111111111000000000000000000000000000000000000000000000000000000000000000000000000000000000000000000
111111111111111111111111111111000000000000000000000000000000000000000000000000000000000000000000000000000000000000000000
111111111111111111111111111111000000000000000000000000000000000000000000000000000000000000000000000000000000000000000000
111111111111111111111111111111000000000000000000000000000000000000000000000000000000000000000000000000000000000000000000
111111111111111111111111111111000000000000000000000000000000000000000000000000000000000000000000000000000000000000000000
111111111111111111111111111111000000000000000000000000000000000000000000000000000000000000000000000000000000000000000000
111111111111111111111111111111000000000000000000000000000000000000000000000000000000000000000000000000000000000000000000
111111111111111111111111111111000000000000000000000000000000000000000000000000000000000000000000000000000000000000000000
111111111111111111111111111111000000000000000000000000000000000000000000000001111000000000000000000000000000000000000000
111111111111111111111111111111000000000000000000000000000000000000000000000001111000111000000000000000000000000000000000
111111111111111111111111111111000000000000000000000000000000000000000000000000011111111111000000000000000000000000000000
001111111111111111111111111111000000000000000000000000000000000000000000000000011111111111110000000000000000000000000000
000111111111111111111111111111000000000000000000000000000000000000000000000000001111111100011000000000000000000000000000
000111111111111111111111111111000000000000000000000000000000000000000000000000000111111110000000000000000000000000000000
000111111111111111111111111111000000000000000000000000000000000000000000000000001111111111000000000000000000000000000000
001111111111111111111111111111000000000000000000000011000000000000000000000000001111111111000000000000000000000000000000
011111111111111111111111111111000000000000000000000001111111000000000000000000001111111111110000000000000000000000000000
111111111111111111111111111111000000000000000000000000001111111111100000000000111001111111110000000000000000000000000000
111111111111111111111111111111000000000000000000000000000000011000111111111111111111111111111100000000000000000000000000
111111111111111111111111111111000000000000000000000000000000000110000000001111111111111111110111111000000000000000000000
111111111111111111111111111111000000000000000000000000000000000001000000000011111111111111111111111111111111000000000000
111111111111111111111111111111000000000000000000000000000000000000000000000000111111111111111111111111111111111100000000
111111111111111111111111111111000000000000000000000000000000000000000000000000000000111111111111111111111111111110000000
111111111111111111111111111111000000000000000000000000000000000000000000000000000000111110000000111111111111111111100000
111111111111111111111111111111000000000000000000000000000000000000000000000000000000000000000000000000111111111111100000
111111111111111111111111111111000000000000000000000000000000000000000000000000000000000000000000000000000011111000000000
111111111111111111111111111111000000000000000000000000000000000000000000000000000000000000000000000000000000000000000000
111111111111111111111111111111000000000000000000000000000000000000000000000000000000000000000000000000000000000000000000
111111111111111111111111111111000000000000000000000000000000000000000000000000000000000000000000000000000000000000000000
111111111111111111111111111111000000000000000000000000000000000000000000000000000000000000000000000000000000000000000000
111111111111111111111111111111000000000000000000000000000000000000000000000000000000000000000000000000000000000000000000
111111111111111111111111111111000000000000000000000000000000000000000000000000000000000000000000000000000000000000000000
111111111111111111111111111111000000000000000000000000000000000000000000000000000000000000000000000000000000000000000000
111111111111111111111111111111000000000000000000000000000000000000000000000000000000000000000000000000000000000000000000
