111111111111111111111111111111111111111111111111111111111111111111111111111111111111111111111111111111111111111111111111
111111111111111111111111111111111111111111111111111111111111111111111111111111111111111111111111101111111111111111111111
111111111111111111111111111111111111111111111111111111111111111111111111111111111111111111111100011111111111111111111111
111111111111111111111111111111111111111111111111111111111111111111111111111111111111111111110001111111111111111111111111
111111111111111111111111111111111111111111111111111111111111111111111111111111111111111110000011111111111111111111111111
111111111111111111111111111111111111111111111111111111111111111111111111111111111111111000000111111111111111111111111111
111111111111111111111111111111111111111111111111111111111111111111111111111111111111100000000011111111111111111111111111
111111111111111111111111111000001111111111111111111111111111111111111111111111111100000000000001111111111111111111111111
111111111111111111111100000000000000011111111111111111111111111111111111111111100000000000001111111111111111111111111111
111111111111111111110000000000000000000011111111111111111111111111111000111100000000011111111111111111111111111111111111
111111111111111111100000000000000000000001111111111111111111000000000000000000000011111111111111111111111111111111111111
111111111111111111000000000000000000000000010000011111111100000000000000000000001110000011111111111111111111111111111111
111111111111111110000000000000000000000000000000000001111000000000000000000000000000000000111111111111111111111111111111
111111111111111110000000000000000000000000000000000000110000000000000000000000000000000000111111111111111111111111111111
111111111111111110000000000000000000000000000000000000011000000000000000000000000000000000111111111111111111111111111111
111111111111111110000000000000000000000000000000000000000000000000000000000000000000000001111111111111111111111111111111
111111111111111111000000000000000000000000000000000000000000000000000000000000000000000011111111111111111111111111111111
111111111111111111100000000000000000000000000000000000000000000000000000000000000000000111111111111111111111111111111111
111111111111111111111100000000000000000000000000000001100000000000000000000000000000011111111111111111111111111111111111
111111111111111111111111111111110000000000000000000111111000000000000000000000000111111111111111111111111111111111111111
111111111111111111111111111111100000000011111111111111110000000000000000000000000111111111111111111111111111111111111111
111111111111111111111111111111000000000011111111111111110000000000000000000000001111111111111111111111111111111111111111
111111111111111111111111111110111000000001111111111111100000000000000000000000001111111111111111111111111111111111111111
111111111111111111111111111111111000000001111111111111000000000000000000000000011111111111111111111111111111111111111111
111111111111111111111111111111111100000001111111110000000000000000000000000000011111111111111111111111111111111111111111
111111111111111111111111111111111110000001110000000000000000000000000000000000011111111111111111111111111111111111111111
111111111111111111111111111111111110000000000000000000000000000000000000000000011111111111111111111111111111111111111111
111111111111111111111111111111111110000000000000000000000000000000000000000000011111111111111111111111111111111111111111
111111111111111111111111111111111111000000000111100000000000000000000000000000011111111111111111111111111111111111111111
111111111111111111111111111111111111100111111111000000000000000000000000000000001111111111111111111111111111111111111111
111111111111111111111111111111111111100111111111000000000000000000000000000000000011111111111111111111111111111111111111
111111111111111111111111111111111111011011111111100000000000000000000000000000000000111111111111111111111111111111111111
111111111111111111111111111111111111001011111111100000000000000000000000000000000000011111111111111111111111111111111111
111111111111111111111111111111111111100111111111100000000000000000000000000000000000000111111111111111111111111111111111
111111111111111111111111111111111111000111111111110000000000000000000000000000100000000111111111111111111111111111111111
111111111111111111111111111111111110110111111111110000000000000000000000000000000000000111111111111111111111111111111111
111111111111111111111111111111111110000111111111110000000000000000000000000000000000001111111111111111111111111111111111
111111111111111111111111111111111110011111111111100000000000000000000000000000000000011111111111111111111111111111111111
111111111111111111111111111111111000011111111111100000000000000000000000000000000001111111111111111111111111111111111111
111111111111111111111111111111110010011111111110000000000000000000000000000000000011111111111111111111111111111111111111
