111111111111111111111111111111111111000000000000000000000000011111111111111111111111111111111111111111111111111111111111
111111111111111111111111111111111111000000000000000000000000011111111111111111111111111111111111111111111111111111111111
111111111111111111111111111111111111000000000000000000000000011111111111111111111111111111111111111111111111111111111111
111111111111111111111111111111111111100000000000000000000000111111111111111111111111111111111111111111111111111111111111
111111111111111111111111111111111111110000000000000000000000011111111111111111111111111111111111111111111111111111111111
111111111111111111111111111111111111111000000000000000000000000011111111111111111111111111111111111111111111111111111111
111111111111111111111111111111111111111111000000000000000000000001111111111111111111111111111111111111111111111111111111
111111111111111111111111111111111111111000110000000000000000000000111111111111111111111111111111111111111111111111111111
111111111111111111111111111111111111110000000000000000000000000000111111111111111111111111111111110111111111111111111111
111111111111111111111111111111111110000000000000000000000000000000111111111111111111111111111111000111111111111111111111
111111111111111111111111111111111111100000000000000000000000000001111111111111111111111111100000000111111111111111111111
111111111111111111111111111111111111110000000111110000000000000111111111111111111111111110000001111111111111111111111111
111111111111111111111111111111111111110000000111111110000000000111111111111111111111000000000111111111111111111111111111
111111111111111111111111111111111111110000000011111111111111100111100000000000011100000000001111111111111111111111111111
111111111111111111111111111111111111111000000011111111111111111110000000000000000000000000111111111111111111111111111111
111111111111111111111111111111111111111000000011111111111111111100000000000000000000000001111111111111111111111111111111
111111111111111111111111111111111111111100000001111111111111101100000000000000000000000100000000000001111111111111111111
111111111111111111111111111111111111111100000001111111111111100000000000000000000000000000000000000000111111111111111111
111111111111111111111111111111111111111000000000111111111110000000000000000000000000000000000000110001111111111111111111
111111111111111111111111111111111111111100000000001111111100000000000000000000000000000000001111111111111111111111111111
111111111111111111111111111111111111111100100000000000111110000000000000000000000000000000000111111111111111111111111111
111111111111111111111111111111111111111100011000000000000111100000000000000000000000000000000111111111111111111111111111
111111111111111111111111111111111111111011011111000000000000100000000000000000000000000000000111111111111111111111111111
111111111111111111111111111111111111111100011111111000000000000000000000000000000000000000000111111111111111111111111111
111111111111111111111111111111111111111100111111111111000000000000000000000000000000000000001111111111111111111111111111
111111111111111111111111111111111111111000011111111111111000000000000000000000000000000000111111111111111111111111111111
111111111111111111111111111111111111111011011111111111110000000000000000000000000000000011111111111111111111111111111111
111111111111111111111111111111111111111000111111111111000000000000000000000000000000011111111111111111111111111111111111
111111111111111111111111111111111111111001111111111110000000000000000000000000000001111111111111111111111111111111111111
111111111111111111111111111111111111110100111111111100000000000000000000000000000001111111111111111111111111111111111111
111111111111111111111111111111111111110001111111111000000000000000000000000000000000111111111111111111111111111111111111
111111111111111111111111111111111111110011111111110000000000000000000000000000000000111111111111111111111111111111111111
111111111111111111111111111111111111000111111111110000000000000000000000000000000000011111111111111111111111111111111111
111111111111111111111111111111111110010111111111100000000000000000000000000000000000011111111111111111111111111111111111
111111111111111111111111111111111110001111111111100000000000000000000000000000000000001111111111111111111111111111111111
111111111111111111111111111111111000111111111111100000000000000000000000000000000000001111111111111111111111111111111111
111111111111111111111111111111101100111111111111100000000000000000000000000000000000000111111111111111111111111111111111
111111111111111111111111111111000011111111111111110000000000000000000000000000000000000111111111111111111111111111111111
111111111111111111111111111110011111111111111111111100000000000000000000000000000000010011111111111111111111111111111111
111111111111111111111110111010011111111111111111111110000000000000000000000000000000001011111111111111111111111111111111
