000000000000000000000000000000011111111111100000000000000000000000000000000000000000000000000000000000000000000000000000
000000000000000000000000000000011111111111110000001000000000000000000000000000000000000000000000000000000000000000000000
000000000000000000000000000000111111111111111100001100000000000000000000000000000000000000000000000000000000000000000000
000000000000000000000000000000001111111111111110000000000000000000000000000000000000000000000000000000000000000000000000
000000000000000000000000000111111111111111111111100000000000000000000000000000000000000000000000000000000000000000000000
000000000000000000000000001111111111111111111111111110000000000000000000000000000000000000000000000000000000000000000000
000000000000000000000000001111111111111111111111111111110000000000000000000000000000000000000000000000000000000000000000
000000000000000000000000011111111111111111111111111101111110000000000000000000000000000000000000000000000000000000000000
000000000000000000000000011111111111111111111111111100001111110000000000000000000000000000000000000000000000000000000000
000000000000000000000000011111111111111111111111111000000001111110000000000000000000000000000000000000000000000000000000
000000000000000000000000011111111101111111111000000000000000011111100000000000000000000000000000000000000000000000000000
000000000000000000000000111111111110000000000000000000000000000111111000000000000000000000000000000000000000000000000000
000000000000000000000000111111111111110000000000000000000000000001111100000000000000000000000000000000000000000000000000
000000000000000000000011111111111111111111111111111111111100000000111100000000000000000000000000000000000000000000000000
000000000000000111111111111111111111111111111111111111111100000000001110000000000000000000000000000000000000000000000000
000000000000011111111111111111111111111111111111111111111100000000000100000000000000000000000000000000000000000000000000
000000000000111111111111111111111111111111111111111111111000000000000000000000000000000000000000000000000000000000000000
000000000001111111111111111111111111111111111111111111000000000000000000000000000000000000000000000000000000000000000000
111111111111111111111111111111111111111111111111111111111111111111111111111111111111111111111111111111111111111111110000
000000000011111111111111111111111111111111111110000000000000000000000000000000000000000000000000000000000000000000000000
000000000011111111111111111111111111111111111111100000000000000000000000000000000000000000000000000000000000000000000000
000000000011111111111111111111111111111111111111111000000000000000000000000000000000000000000000000000000000000000000000
000000000001111111111111111111111111111111111111111000000000000000000000000000000000000000000000000000000000000000000000
000000000000011111111111111111111111111111111100000000000000000000000000000000000000000000000000000000000000000000000000
000000000000000011111111111111111111111111110000000000000000000000000000000000000000000000000000000000000000000000000000
000000000000000000000011111111111110001111110000000000000000000000000000000000000000000000000000000000000000000000000000
000000000000000000000000000000011111001111111000000000000000000000000000000000000000000000000000000000000000000000000000
000000000000000000000000000000000111111111111000000000000000000000000000000000000000000000000000000000000000000000000000
000000000000000000000000000000000001111100000000000000000000000000000000000000000000000000000000000000000000000000000000
000000000000000000000000000000000001111100000000000000000000000000000000000000000000000000000000000000000000000000000000
000000000000000000000000000000000001111110000000000000000000000000000000000000000000000000000000000000000000000000000000
000000000000000000000000000000000011111100000000000000000000000000000000000000000000000000000000000000000000000000000000
000000000000000000000000000000000000111000000000000000000000000000000000000000000000000000000000000000000000000000000000
000000000000000000000000000000000000000000000000000000000000000000000000000000000000000000000000000000000000000000000000
000000000000000000000000000000000000000000000000000000000000000000000000000000000000000000000000000000000000000000000000
000000000000000000000000000000000000000000000000000000000000000000000000000000000000000000000000000000000000000000000000
000000000000000000000000000000000000000000000000000000000000000000000000000000000000000000000000000000000000000000000000
000000000000000000000000000000000000000000000000000000000000000000000000000000000000000000000000000000000000000000000000
000000000000000000000000000000000000000000000000000000000000000000000000000000000000000000000000000000000000000000000000
000000000000000000000000000000000000000000000000000000000000000000000000000000000000000000000000000000000000000000000000
