000000000000000000000000000000000000000000000000000000000000111111111111111111111111111111111111111111111111111111111111
000000000000000000000000000000000000000000000000000000000000111111111111111111111111111111111111111111111111111111111111
000000000000000000000000000000000000000000000000000000000000111111111111111111111111111111111111111111111111111111111111
000000000000000000000000000000000000000000000000000000000000111111111111111111111111111111111111111111111111111111111111
000000000000000000000000000000000000000000000000000000000000111111111111111111111111111111111111111111111111111111111111
000000000000000000000000000000000000000000000000000000000000111111111111111111111111111111111111111111111111111111111111
000000000000000000000000000000000000000000000000000000000000111111111111111111111111111111111111111111111111111111111111
000000000000000000000000000000000000000000000000000000000000111111111111111111111111111111111111111111111111111111111111
000000000000000000000000000000000000000000000000000000000000111111111111111111111111111111111111111111111111111111111111
000000000000000000000000000000000000000000000000000000000000111111111111111111111111111111111111111111111111111111111111
000000000000000000000000000000000000000000000000000000000000111111111111111111111111111111111111111111111111111111111111
000000000000000000000000000000000000000000000000000000000000111111111111111111111111111111111111111111111111111111111111
000000000000000000000000000000000000000000000000000000000000111111111111111111111111111111111111111111111111111111111111
000000000000000000000000000000000000000000000000000000000000111111111111111111111111111111111111111111111111111111111111
000000000000000000000000000000000000000000000000000000000000111111111111111111111111111111111111111111111111111111111111
000000000000000000000000000000000000000000000000000000000000111111111111111111111111111111111111111111111111111111111111
000000000000000000000000000000000000000000000000000000000000111111111111111111111111111111111111111111111111111111111111
000000000000000000000000000000000000000000000000000000000000111111111111111111111111111111111111111111111111111111111111
000000000000000000000000000000000000000000000000000000000000111111111111111111111111111111111111111111111111111111111111
000000000000000000000000000000000000000000000000000000000000111111111111111111111111111111111111111111111111111111111111
000000000000000000000000000000000000000000000000000000000000111111111111111111111111111111111111111111111111111111111111
000000000000000000000000000000000000000000000000000000000000111111111111111111111111111111111111111111111111111111111111
000000000000000000000000000000000000000000000000000000000000111111111111111111111111111111111111111111111111111111111111
000000000000000000000000000000000000000000000000000000000000111111111111111111111111111111111111111111111111111111111111
000000000000000000000000000000000000000000000000000000000000111111111111111111111111111111111111111111111111111111111111
000000000000000000000000000000000000000000000000000000000000111111111111111111111111111111111111111111111111111111111111
000000000000000000000000000000000000000000000000000000000000111111111111111111111111111111111111111111111111111111111111
000000000000000000000000000000000000000000000000000000000000111111111111111111111111111111111111111111111111111111111111
000000000000000000000000000000000000000000000000000000000000111111111111111111111111111111111111111111111111111111111111
000000000000000000000000000000000000000000000000000000000000111111111111111111111111111111111111111111111111111111111111
000000000000000000000000000000000000000000000000000000000000111111111111111111111111111111111111111111111111111111111111
000000000000000000000000000000000000000000000000000000000000111111111111111111111111111111111111111111111111111111111111
000000000000000000000000000000000000000000000000000000000000111111111111111111111111111111111111111111111111111111111111
000000000000000000000000000000000000000000000000000000000000111111111111111111111111111111111111111111111111111111111111
000000000000000000000000000000000000000000000000000000000000111111111111111111111111111111111111111111111111111111111111
000000000000000000000000000000000000000000000000000000000010111111111111111111111111111111111111111111111111111111111111
000000000000000000000000000000000000000000000000000011111111000000011111111111111111111111111111111111111111111111111111
000000000000000000000000000000000000000000000000001111111111000000000111111111111111111111111111111111111111111111111111
000000000000000000000000000000000000000000001111111111111111000000000000001111111111111111111111111111111111111111111111
000000000000000000000000000000000000000011111101111111111111000000000000000000011111111111111111111111111111111111111111
