111111000000000000000000000000000001111111111111111111111111111111111111111111111111111111111111111111111111111111111111
111111010000000000000000000000000011111111111111111111111111111111111111111111111111111111111111111111111111111111111111
111111110000000000000000000000000011111111111111111111111111111111111111111111111111111111111111111111111111111111111111
000111111000000000000000000000000011111111111111111111111111111111111111111111111111111111111111111111111111111111111111
000000000000000000000000000000000011111011111111111111111111111111111111111111111111111111111111111111111111111111111111
000000000000000000000000000001100111000000111111111111111111111111111111111111111111111111111111111111111111111111111111
000000000000000000000000000001000000000000001111111111111111111111111111111111111111111111111111111111111111111111111111
000000000000000000000010000000000000000000000011111111111111111111111111111111111111111111111111111111111111111111111111
000000000000000000000000000000000000000000000000011111111111111111111111111111111111111111111111111111111111111111111111
000000000000000000000000000000000000000000000000000000111111111111111111111111111111111111111111111111111111111111111111
000000000000000000000000000000000000000000000000000000000000011111111111111111111111111111111111111111111111111111111111
000000000000000000000000000000000000000000000000000000000000000000000001111111111111111111111111111111111111111111111111
000000000000000000000000000000000000000000000000000000000000000000000000000111111111111111111111111111111111111111111111
000000000000000000000000000000000000000000000000000000000000000000000000000001111111111111111111111111111111111111111111
000000000000000000000000000000000000000000000000000000000000000000000000000000011111111111111111111111111111111111111111
000000000000000000000000000010000000000000000000000000000000000000000000000000001111111111111111111111111111111111111111
000000000000000111111110111111000000000000000000000000000000000000000000000000000011111111111111111111111111111111111111
000000000000011111111111111111000000000000000000000000000000000000000000000000000001111111111111111111111111111111111111
000000000000111110000011111111101000000000000000000000000000000000000000000000000000111111111111111111111111111111111111
000000000001111100000111111111111000000000000000000000000000000000000000000000000000001111111111111111111111111111111111
000000000011110000011111111111111000000000000000000000000000000000000000000000000000000111111111111111111111111111111111
000000000010000011111111111111111000000000000000000000000000000000000000000000000000000001111111111111111111111111111111
000000000000001111111111111111111000000000000000000000000000000000000000000000000000000000111111111111111111111111111111
000000000000011111111111111111111000000000000000000000000000000000000000000000000000000000011111111111111111111111111111
000000000000111111111111111111111100000000000000000000000000000000000000000000000000000000000111111111111111111111111111
000000000000000111111111111111111100000000000000000000000000000000000000000000000000000000000011111111111111111111111111
000000000000000001111111111111111110000000000000000000000000000000000000000000000000000000000000111111111111111111111111
000000000000000000111111111111111111100000000000000000000000000000000000000000000000000000000000011111111111111111111111
000000000000000000011111111111111111100000000000000000000000000000000000000100000000000000000000000111111111111111111111
000000000001111111111111111111111111110000000000000000000000000000000000001111111100000000000000000011111111111111111111
000000000001111111111111111111111111100000000000000000000000000000000000001111111111111000100000001000111111111111111111
000000000000111111111111111111111111100000100000000000000000000000000000001111111111111111111110000111111111111111111111
000000000000111111111111111111111111111011110000000000000000000000000000001111111111111111111111111111111111111111111111
000000000000111111111111111111111111111111110000000000000000000000000000001111111111111111111111111111111111111111111111
000000000001111111111111111111111111111111111000000000000000000000000000001111111111111111111111111111111111111111111111
000000000001111111111111111111111111111111111100000000000000000000000000001111111111111111111111111111111111111111111111
000001000011111111111111111111111111111111111100000000000000000000000000001111111111111111111111111111111111111111111111
000001110011111111111111111111111111111111111111100000000000000000000000001111111111111111111111111111111111111111111111
000001111111111111111111111111111111111111111111110000000000000000000000001111111111111111111111111111111111111111111111
000011111111111111111111111111111111111111111111110000000000000000000000001111111111111111111111111111111111111111111111
