000000000000000000000000000000000000000000000000000000000000000000000000000000000000000000000000000000000000000000000000
000000000000000000000000000000000000000000000000000000000000000000000000000000000000000000000000000000000000000000000000
000000000000000000000000000000000000000000000000000000111100000000000000000000000000000000000000000000000000000000000000
000000000000000000000000000000000000000000000000000011111111110000000000000000000000000000000000000000000000000000000000
000000000000000000000000000000000000000000000000000111111111111100000111111000000000000000000000000000000000000000000000
000000000000000000000000000000000000000000000000001111111111111111111111110000000000000000000000000000000000000000000000
000000000000000000000000000000000000000000000000000111111111111111111111110000000000000000000000000000000000000000000000
000000000000000000000000000000000000000000000000000001111111111111111111100000000000000000000000000000000000000000000000
000000000000000000000000000000000000000000000000000111111111111111111111100000000000000000000000000000000000000000000000
000000000000000000000000000000000000000000000000000111111111111111111111110000000000000000000000000000000000000000000000
000000000000000000000000000000000000000000000000001111111111111111111111110000000000000000000000000000000000000000000000
000000000000000000000000001000000000000000000000011111111111111111111111110000000000000000000000000000000000000000000000
000000000000000000000000001111000000000000000000011111111111111111111111000000000000000000000000000000000000000000000000
000000000000000000000000011111100000000000000000011111111111111111110000000000000000000000000000000000000000000000000000
000000000000000000000001111111001100000000000000111111111111111111110000000000000000000000000000000000000000000000000000
000000000000000000000001111111111100000000000000111111111111111111110000000000000000000000000000000000000000000000000000
000000000000000000000011111111111100000000000000111111111111111111111100000000000000000000000000000000000000000000000000
000000000000000000000011111111111100000000000000111111111111111111111110000000000000000000000000000000000000000000000000
000000000000000000000011111111111000000000000001111111111111111111111111100000000000000000000000000000000000000000000000
000000000000000000000011111111111000000000000011111111111111111111111111111000000000000000000000000000000000000000000000
000000000000000000000001111111100000000000000111111111111111111111111111111100000000000000000000000000000000000000000000
000000000000000000000000011111000000000000011111111111111111111111111111111110000000000000000000000000000000000000000000
000000000000000000011111111111101111000000011111111111111111111111111111111100000000000000000000000000000000000000000000
000000000000000000000011111111111111111100001111111111111111111111111111111100000000000000000000000000000000000000000000
000000000000000000000000000000111111111111111111111111111111111111111111111110000000000000000000000000000000000000000000
000000000000000000000000000000000111111111111111111111111111111111111001111111111000000000000000000000000000000000000000
000000000000000000000000000000000000000001111111111111111111111111111000111111111111111111001111100000000000000000000000
000000000000000000000000000000000000000000000111111111111111111111110000011111111111111111111111111111000000000000000000
000000000000000000000000000000000000000000000111111111111111111111111100000000000001111110001110000000000000000000000000
000000000000000000000000000000000000000000000111111111111111111111111100000000000000000000000000000000000000000000000000
000000000000000000000000000000000000000000000000011111111111111111111100000000000000000000000000000000000000000000000000
000000000000000000000000000000000000000000000000011111111111111111111100000000000000000000000000000000000000000000000000
000000000000000000000000000000000000000000000000011111111111111111111110000000000000000000000000000000000000000000000000
000000000000000000000000000000000000000000000000111111111111111111111111000000000000000000000000000000000000000000000000
000000000000000000000000000000000000000000000001111111111111111111111111100000000000000000000000000000000000000000000000
000000000000000000000000000000000000000000000011111111111111111111111111110000000000000000000000000000000000000000000000
000000000000000000000000000000000000000000000011111111111111111111111111111000000000000000000000000000000000000000000000
000000000000000000000000000000000000000000000111111111111111111111111111111100000000000000000000000000000000000000000000
000000000000000000000000000000000000000000001111111111111111111111111111111100000000000000000000000000000000000000000000
000000000000000000000000000000000000000000001111111111111111111111111111111110000000000000000000000000000000000000000000
