000000000000000000000000000000000000000000000000001111111111111111111111111111111111111111111111111111111111111111111111
000000000000000000000000000000000000000000000000001111111111111111111111111111111111111111111111111111111111111111111111
000000000000000000000000000000000000000000000000001111111111111111111111111111111111111111111111111111111111111111111111
000111000001000000000000000000000000000000000000000111111111111111111111111111111111111111111111111111111111111111111111
000000111111110000000000000000000000000000000000000111111111111111111111111111111111111111111111111111111111111111111111
000000111111111111111000000000000000000000000000000111111111111111111111111111111111111111111111111111111111111111111111
000001111111111111111100000000000000000000000000000111111111111111111111111111111111111111111111111111111111111111111111
000000000111111111111110000000000000000000000000000111111111111111111111111111111111111111111111111111111111111111111111
000000000111111111111110000000000000000000000000001111111111111111111111111111111111111111111111111111111111111111111111
000000000111111111111110000000000000000000000000001111111111111111111111111111111111111111111111111111111111111111111111
000000000111111111111111000000000000000000000000011111111111111111111111111111111111111111111111111111111111111111111111
000000000011111111111111111000000000000000000000111111111111111111111111111111111111111111111111111111111111111111111111
000000000111111111111111111110000000000000000001111111111111111111111111111111111111111111111111111111111111111111111111
000000000111111111111111111111110000000000000011111111111111111111111111111111111111111111111111111111111111111111111111
000000001111111111111111111111111000000000000111111111111111111111111111111111111111111111111111111111111111111111111111
000000011111111111111111111111111000000000000111111111111111111111111111111111111111111111111111111111111111111111111111
000000111111111111111111111111110000000000001111111111111111111111111111111111111111111111111111111111111111111111111111
000011111111111111111111111111110000000000011111111111111111111111111111111111111111111111111111111111111111111111111111
000111111111111111011110111111111000000000111111111111111111111111111111111111111111111111111111111111111111111111111111
000111111111111111111111111111111000000001111111111111111111111111111111111111111111111111111111111111111111111111111111
001111111111111111011111111111111000000011111111111111111111111111111111111111111111111111111111111111111111111111111111
001111111111111111111111111111111100000111111111111111111111111111111111111111111111111111111111111111111111111111111111
000000000001111111111111111111111110001111111111111111111111111111111111111111111111111111111111111111111111111111111111
000000000111111101111111111111111110001111111111111111111111111111111111111111111111111111111111111111111111111111111111
000000000111000001111111111111111111001111111111111111111111111111111111111111111111111111111111111111111111111111111111
000000000100000111111111111111111111100111111111111111111111111111111111111111111111111111111111111111111111111111111111
000000000000001111111111111111111111100011111111111111111111111111111111111111111111111111111111111111111111111111111111
000000000000011111111111111111111111110000111111111111111111111111111111111111111111111111111111111111111111111111111111
000000000001111111111111111111111111110000001111111111111111111111111111111111111111111111111111111111111111111111111111
000000000011111111111111111111111111111000000011111111111111111111111111111111111111111111111111111111111111111111111111
000000001111111111111111111111111111111100000000111111111111111111111111111111111111111111111111111111111111111111111111
000000011111111111111111111111111111111110000000011111111111111111111111111111111111111111111111111111111111111111111111
000001111111111111111111111111111111111110000000001111111111111111111111111111111111111111111111111111111111111111111111
000001111111111111111111111111111111111110000000000111111111111111111111111111111111111111111111111111111111111111111111
000001111111111111111111111111111111111110000000000111111111111111111111111111111111111111111111111111111111111111111111
000000000000011111111111111111111111111110000000000001111111111111111111111111111111111111111111111111111111111111111111
000000000000001100111111111111111111110000000000000000111111111111111111111111111111111111111111111111111111111111111111
000000000000000000011111001110000000000000000000000000011111111111111111111111111111111111111111111111111111111111111111
000000000000000000011110001110000000000000000000000000001111111111111111111111111111111111111111111111111111111111111111
000000000000000000011100001110000000000000000000000000000111111111111111111111111111111111111111111111111111111111111111
