000000000000000000000000000000000000000000000000000000000000000000000000000000000000000000000000000000000000000000000000
000000000000000000000000000000000000000000000111001111000000000000000000000000000000000000000000000000000000000000000000
000000000000000000000000000000000000000000001110111000000000000000000000000000000000000000000000000000000000000000000000
000000000000000000000000000000000000000000011111110000100000000010000000000000000000000000000000000000000000000000000000
000000000000000000000000000000000000000000111111111100000000000011000000000000000011000000000000000000000000000000000000
000000000000000000000000000000000001111111111111100000000000000011100000000000000011111000000000000000000000000000000000
000000000000000000000000000000000001111111111111111110000000000001110000000001111111111000000000000000000000000000000000
000000000000000000000000000000000000011111111111111111100000000000111000000000111101110000000000000000000000000000000000
000000000000000000000000000000000001111111111111111111000000000000011100011111111111110000000000000000000000000000000000
000000000000000000000000000000001111111111111111110000000000000000001111111111111111111100000000000000000000000000000000
000000000000000000000000000000111111111111111111111100000000000000001111111111111111111111000000000000000000000000000000
000000000000000000000000000001111111111111111111111111000000000000111111111111111111111111100000000000000000000000000000
000000000000000000000000000001111111111111111111111111100000000000111111111111111111111111100000000000000000000000000000
000000000000000000000000000011111111111111111111111111100000000001111111111111111111111111110000000000000000000000000000
000000000000000000000000000011111111111111111111111111000000000000111111111111111111111111110000000000000000000000000000
000000000000000000000000000011111111111111111111111100000000000000001111111111111111111111111000000000000000000000000000
000000000000000000000000000111111111111111111111111000000000000000000111111111111111111111111000000000000000000000000000
000000000000000000000000000111111111111111111110111000000000000000000111011111111111111111111000000000000000000000000000
000000000000000000000000000111111111111111111100111000000000000000000111001111111111111111111100000000000000000000000000
000000000000000000000000001111111111111111111100110000000000000000000011001111111111111111111100000000000000000000000000
000000000000000000000000001111111111111111111111110000000011110000000011111111111111111111111110000000000000000000000000
000000000000000000000000011111111111111111111111110000000111111000000011111111111111111111111110000000000000000000000000
000000000000000000000000111111111111111111111111100000000111111000000001111111111111111111111111000000000000000000000000
000000000000000000000001111111111111111111111111100000001111111100000001111111111111111111111111100000000000000000000000
000000000000000000000001111111111111111111111111110011111111111111110011111111111111111111111111110000000000000000000000
000000000000000000000011111111111111111111111111111111111111111111111111111111111111111111111111110000000000000000000000
000000000000000000000011111111111111111111111111111111001111111100111111111111111111111111111111111000000000000000000000
000000000000000000000111111111111111111111111111111001111110111111000111111111111111111111111111111000000000000000000000
000000000000000000000111111111111111111111111111111111111110011111111111111111111111111111111111111100000000000000000000
000000000000000000000111111111111111111111111111111111111000001111111111111111111111111111111111111100000000000000000000
000000000000000000001111111111111111111111111111111111000000000000111111111111111111111111111111111110000000000000000000
000000000000000000001111111111111111111111111111110000000000000000000011111111111111111111111111111110000000000000000000
000000000000000000000111111111111111111111111110000000000000000000000000011111111111111111111111111100000000000000000000
000000000000000000001111111111111111111111110000000000000000000000000000000011111111111111111111111100000000000000000000
000000000000000000001001111111111111111111111000000000000000000000000000000011111111111111111111111111100000000000000000
000000000000000000010000111111111111111111111000000000000000000000000000000111111111111111111111111111111100000000000000
000000000000000000000001111111111111111111111000000000000000000000000000000111111111111111111111111111111111000000000000
000000000000000000000011111111111111111111111100000000000000000000000000000111111111111111111111111111111111110000000000
000000000000000000000111111111111111111111111110000000000000000000000000000111111111111111111111111111111111111000000000
000000000000000000001111111111111111111111111110000000000000000000000000000111111111111111111111111111111111111100000000
