111111111111111111111111111111111111111111111111111111111111111111111111111111111111111111111111111111111111111111111111
111111111111111111111111111111111111111111111111111111111111111111111111111111111111111111111111111111111111111111111111
111111111111111111111111111111111111111111111111111111111111100111111111111111111111111111111111111111111111111111111111
111111111111111111111101111111111111111111111111111111111000000011111111111111111111111111111111111101111111111111111111
111111111111111111111000111111111111111111111111111111110000000001111111111111111111111111111111111001111111111111111111
111111111111111111100000011111111111111111111111111111110000000001111111111111111111111111111111000000011111111111111111
111111111111111110000000000011111111111111111111111111111000000001111111111111111111111111111100000000000111111111111111
111111111111111111000000000011111111111111111001110000000000000001111111111111111111111111111110000000001111111111111111
111111111111111111100000000011111111111111111000000000000000000001111111111111111111111111111100000000001111111111111111
111111111111111111110000000011111111111111111101110000000000000001111111111111111111111111111110000000011111111111111111
111111111111111111110000001111111111111111111111100011100000000111111111111111111111001111100000000000000111111111111111
111111111111111111100000000111111111111111111111111111100000000111111111111111111110000000000000000000000011111111111111
111111111111111111000000000111111111111111111111111111110000000111111111111111111111100000000000000000000000011111111111
111111111111110000000000000111111111111111111111111111100000000111111111111111111111111011110000000001100000111111111111
000000010000000111110000000111111111111111111111111111000000000011111111111111111111111111100000000011111111111111111111
000000000000111111100000000001111111111111111111111111000000000011111111111111111111111111100000000011111111111111111111
000000000000000000000000000000111111111111111111111110000000000011111111111111111111111111000000000001111111111111111111
100000000000000000001000000000011111111111111111111000000000000001111111111111111111111111000000000000111111111111111111
111110000000000000000000000000001111111111111111111000000000000001111111111111111111111110000000000000011111111111111111
111111110000000000000000000000000111111111111111111110000000000011111111111111111111111110000000000000000111111111111111
111111111111000000000000000000000111111111111111111111100011100011111111111111111111111100000000000000000011111111111111
111111111111111100000000000000011111111111111111111111100011110011111111111111111111111110000000000000001111111111111111
111111111111111111111000001111111111111111111111111111110011110011111111111111111111111111100000000000111111111111111111
111111111111111111110000000111111111111111111111111111110011110001111111111111111111111111100011111000111111111111111111
111111111111111111111100000011111111111111111111111111110011110001111111111111111111111111000011111000111111111111111111
111111111111111111111111000001111111111111111111111100000000000001111111111111111111111111000111111000111111111111111111
111111111111111111111111110000011111111111111111111111100000000011111111111111111111111111001111111000111111111111111111
111111111111111111111111000000000111111111111111111111100000000000111111111111111111111110001111111000111111111111111111
111111111111111111111110000000000111111111111111111100111100000001111111111111111111111110000000000000111111111111111111
111111000011111111111000000000000011111111111111111111111011111111111111111111111111111110000000000000000111111111111111
100000000000001111111100000000011111111111111111111111111111111111111111111111111111111111100000000000001111111111111111
000000000000000011111100000000011111111111111111111111111111111111111111111111111111111111100000000001111111111111111111
111000000000000000010000000001111111111111111111111111111111111111111111111111111111110001111000000000011111111111111111
111110000000000000000011111111111111111111111111111111111111111111111111111111111111111001111110000000011111111111111111
111111100000000000000000111111111111111111111111111111111111111111111111111111111111111111111111110000001111111111111111
111111111100000000000000000111111111111111111111111111111111111111111111111111111111111111111111111000000111111111111111
111111111111000000000000000000111111111111111111111111111111111111111111111111111111111111111111111111100011111111111111
111111111111111000000000000000111111111111111111111111111111111111111111111111111111111111111111111111110001111111111111
111111111111111110000000001111111111111111111111111111111111111111111111111111111111111111111111111111111111111111111111
111111111111111111100011111111111111111111111111111111111111111111111111111111111111111111111111111111111111111111111111
