000000000000000000000000000000000000000000000000000000000000000000000000000000000000000000000000000000000000000000000000
000000000000000000000000000000000000000000000000000000000000000000000000000000000000000000000011100000000000000000000000
000000000000000000000000111100000000000000000000000000000000000000000000000000000000000000010111100000000000000000000000
000000000000000000000000000111100000000000000000000000000000000000000000000000000000000000111110000000000000000000000000
000000000000000000000000000011111111000000000000000000000000000000000000000000000000000001111100000000000000000000000000
000000000000000000000000001111111110000000000000000000000000000000000000000000000001111111111110000000000000000000000000
000000000000000000000000000011111111111100000000000000000000000000000000000000000011111111111111100000000000000000000000
000000000000000000000000000111111111111110000000000000000000000000000000000000000001111111111111110000000000000000000000
000000000000000000000000001111111111111110000000000000000000000000000000000000000001111111111111111000000000000000000000
000000000000000000000000011111111111111100000000000000000000000000000000000000000001111111111111111000000000000000000000
000000000000000000000000111111111111111100000000000000000000000000000000000000000000001111111111111110000000000000000000
000000000000000000000001111111111111110000000000000000000000000000000000000000000000111111111111111111100000000000000000
000000000000000000000111111111111111111000000000000000000000000000000000000000000011111111111111111111111000000000000000
000000000000000000111111111111111111111110000000000000000000000000000000000000000111111111111111111111111100000000000000
000000000000000111111111111111101111111111000000000000000000000000000000000000011111111111111111111111111111000000000000
000000000000011111111111111110111111111111110000000000000000000000000000000001111111111111111111111111111111100000000000
000000000001111111111111111100111111111111111100000000000000000000000000000000111111111111111111111111111111110000000000
000000000011111111111111100011111111111111111100000000000000000000000000000000011111111111111111111111111111110000000000
000000000111111111111110000111111111111111111000000000000000000000000000000000011111111100111111111111111111111000000000
000000000111111111101100001111111001111111110000000000000000000000000000000000011111111100111111111011111111111000000000
000000001111111111000000001111111001111111110000000000000000000000000000000000011111111110111111100011111111111000000000
000000001111101110000000000111111011111111110000000000000000000000000000000000011111111111111111100011110111111000000000
000000000000000000000000000111111111111111111000000000000000000000000000000000111111111111111111111000000000000000000000
000000000000000000000000001111111111111111111000000000000000000000000000000000111111111111111111111110000000000000000000
000000000000000000000000011111111111111111111000000000000000000000000000000000111111111111111111111111100000000000000000
000000000000000000000000111111111111111111111100000000000000000000000000000000011111111111111111111111110000000000000000
000000000000000000000000111111111111111111111100000000000000000000000000000000011111111111111111111111111110000000000000
000000000000000000000000011111111111111111111110000000000000000000000000000000111111111111111111111111111111100000000000
000000000000000000000001111111111111111111111110000000000000000000000000000000111111111111111111111111111111110000000000
000000000000000000000111111111111111111111111111000000000000000000000000000000111111111111111111111111111111111000000000
000000000000000000001111111111111111111111111111000000000000000000000000000000111111111111111111111111111111111100000000
000000000000000011111111111111111111111111111111000000000000000000000000000000111111111111111111111111111111111100000000
000000000000001111111111111111111111111111111111100000000000000000000000000000011111111111111111111111111111111110000000
000000000000111111111111111111111111111111111111100000000000000000000000000000111111111111111111111111111111111110000000
000000000000111111111111111111111111111111111111100000000000000000000000000000011111111111111111111111111111111110000000
000000000001111111111111111111111111111111111111100000000000000000000000000000011111111111111111111111111111110000000000
000000000000001111111111111111111111111111111111100000000000000000000000000000011111111111111111111111111000000000000000
000000000000000000000111111111111111111111111111100000000000000000000000000000000011111111111111111111100000000000000000
000000000000000000000011111111111111111111111100000000000000000000000000000000000000011110111110000000000000000000000000
000000000000000000000000000011111111110000111000000000000000000000000000000000000000001110011110000000000000000000000000
