111111111111111111111111111111111111111111111111111111111111111111111111111111111111111111111111111111111111111111111111
111111111111111111111111111111111111111111111111111111111111111111111111111111111111111111111111111111111111111111111111
111111111111111111111111111111111111111111111111111111111111111111111111111111111111111111111111111111111111111111111111
111111111111111111111111111111111111111111111111111111111111111111111111111111111111111111111111111111111111111111111111
111111111111111111111111111111111111111111111111111111111111111111111111111111111111111111111111111111111111111111111111
111111111111111111111111111111111111111111111111111100000000000000011111111111111111111111111111111111111111111111111111
111111111111111111111111111111111111111111111111100000000000000000000001111111111111111111111111111111111111111111111111
111111111111111111111111111111111111111111111111000000000000000000000000110000001111111111111111111111111111111111111111
111111111111111111111111111111111111111111111110000000000000000000000000000000001111111111111111111111111111111111111111
111111111111111111111111111111111111111111111100000000000000000000000000000000001111111111111111111111111111111111111111
111111111111111111111111111111111111111111111110000000000000000000000000000000000111111111111111111111111111111111111111
111111111111111111111111111111111111111111111100000000000000000000000000000000110011111111111111111111111111111111111111
111111111111111111111111111111111111111111100000000000000000000000000000000000111111111111111111111111111111111111111111
111111111111111111111111111111111111111111000000000000000000000000000000000100111111111111111111111111111111111111111111
111111111111111111111111111111111111111111111000000000000000000000000000000011111111111111111111111111111111111111111111
111111111111111111111111111111111111111111111110000000000000000000000000011111111111111111111111111111111111111111111111
111111111111111111111111111111111111111111111100000000000000000000000000111111111111111111111111111111111111111111111111
111111111111111111111111111111111111111111111100000000000000000000000000011111111111111111111111111111111111111111111111
111111111111111111111111111111111111111111111111110000000000000000000000111111111111111111111111111111111111111111111111
111111111111001111111111111111111111111111111111111111100000000101011111111111111111111111111111111111111111111111111111
111111111100000001111111111111111111111111111111111000000000000000111111111111111111111111111111111111111111111111111111
111111110000000000000111111111111111111111111000000000000000000000000000011111111111111111111111111110001111111111111111
111111000000000000000001111111111111111111100000000000000000000000000000001111111111111111111110000000000011111111111111
111000000000000000000000001111111111111111000000000000000000000000000000000011111111111111100000000000000001111111111111
000000000000000000000000000000111111111111000000000000000000000000000000000001111111111000000000000000000000011111111111
000000000000000000000000000000000000000000000000000000000000000000000000000000000000000000000000000000000000001111111111
000000001100000000000000000000000000000000000000000000000000000000000000000000000000000000000000000000000000000011111111
000000111110111110000000000000000000001111100000000000000000000000000000000000000000000000000000000000000000000000111111
110001111111111111001111111000000011111111110000000000000000000000000000000111100000001100000000011110111000000000000111
111111111111111111111111111111011111111111110000000000000000000000000000001111111101111111110011111111111110000000000001
111111111111111111111111111111111111111111110000000000000000000000000000001111111111111111111111111111111111000000000000
111111111111111111111111111111111111111111110000000000000000000000000000000111111111111111111111111111111111111111111100
111111111111111111111111111111111111111111110000000000000000000000000000000111111111111111111111111111111111111111111111
111111111111111111111111111111111111111111111100000000000000000000000100011111111111111111111111111111111111111111111111
111111111111111111111111111111111111111111111111000000000000000000000011111111111111111111111111111111111111111111111111
111111111111111111111111111111111111111111111110000000000000000000000001111111111111111111111111111111111111111111111111
111111111111111111111111111111111111111111111110000000000000000000000000111111111111111111111111111111111111111111111111
111111111111111111111111111111111111111111111110000000000000000000000001111111111111111111111111111111111111111111111111
111111111111111111111111111111111111111111111110000000000000000000000000111111111111111111111111111111111111111111111111
111111111111111111111111111111111111111111111000000000000000000000000000011111111111111111111111111111111111111111111111
