000000000000000000000000000000000000000000100000000000000000000000000000000000000000000000000000000000000000000000000000
000000000000000000000000000000000000000000110000000000000000000000000000000000000000000000000000000000000000000000000000
000000000000000000000000000000000000000000111000000000000000000000000000000011110000000000000000000000000000000000000000
000000000000000000000000000000000000000000011100000000000000000000000000001011111000000000000000000000000000000000000000
000000000000000000000000000000000000010000111100000000000000000000000000001111110000000000000000000000000000000000000000
000000000000000000000000000000000000001111111110000000000000000000000000000111111000000000000000000000000000000000000000
000000000000000000000000000000000000001111111111110000000000000000000000000011111111111000000000000000000000000000000000
000000000000000000000000000000001111111111111110000000000000000000000000000111111111111111000000000000000000000000000000
000000000000000000000000000000111111111111111111000000000000000000000000111111111111111111111000000000000000000000000000
000000000000000000000000000011111111111111111111110000000000000000000001111111111111111111111111000000000000000000000000
000000000000000000000000001111111111111111111111111000000000000000000001111111111111111111111111111111100000000000000000
000000000000000000000011111111111111111111111111111000000000000000000001111111111111111111111111111111111111111111111110
000000000000000011111111111111111111111111111111100000000000000000000000010111111111111111111111111111111111111111111111
000000000011111111111111111111111111111111111100000000000000000000000000000111111111111111111111111111111111111111111111
000001111111111111111111111111111111111111111000000000000000000000000000000000111111111111111111111111111111111111111111
000111111111111111111111111111111111111111000000000000000000000000000000000000011111111100000011111111111111111111111111
111111111111111111111111111111000111111111100000000000000000000000000000000000111111111110000000000001111111111111111111
111111111111111111111111110000000111111111110000000000000000000000000000000001111111111110000000000000000011000000001111
111111111111111111111100000000001111111111111000000000000000000000000000000011111111111110000000000000000000000000000000
111111111111111111100000000000001111111111111000000000000000000000000000000011111111111111000000000000000000000000000000
111111111111100000000000000000001111111111111111000000000000000000000000000111111111111111000000000000000000000000000000
111111110000000000000000000000111111111111111111100000000000000000000000111111111111111111110000000000000000000000000000
011111000000000000000000000001011111111111111111100000000000000000000000111111111111111111110000000000000000000000000000
000000000000000000000000000000111111111111111111100000000000000000000000111111111111111111000000000000000000000000000000
000000000000000000000000000000001111111111111111000000000000000000000000011111111111111111000000000000000000000000000000
000000000000000000000000000000011111111111111111000000000000000000000000001111111111111111000000000000000000000000000000
000000000000000000000000000000011111111111111110000000000000000000000000000111111111111111100000000000000000000000000000
000000000000000000000000000000111111111111110100000000000000000000000000000000111111111111111100000000000000000000000000
000000000000000000000000000011111111111111100000000000000000000000000000000000111111111111111111111111000000000000000000
000000000000000000000000001111111111111111110000000000000000000000000000000000111111111111111111111111111100000000000000
000000000000000000000000111111111111111111110000000000000000000000000000000000111111111111111111111111111111100000000000
000000000000000000000011111111111111111111110000000000000000000000000000000000111111111111111111111111111111111110000000
000000000000000000001111111111111111111111110000000000000000000000000000000000011111111111111111111111111111111111111000
000000000000000000111111111111111111111111110000000000000000000000000000000000011111111111111111111111111111111111111111
000000000000000111111111111111111111111111110000000000000000000000000000000000001111111111111111111111111111111111111111
000000000000111111111111111111111111111111110000000000000000000000000000000000011111111111111111111111111111111111111111
000000000111111111111111111111111111111111110000000000000000000000000000000000111111111111111111111111111111111111111111
000001111111111111111111111111111111111111110000000000000000000000000000000000111111111111111111111111111111111111111111
000111111111111111111111111111111111111111110000000000000000000000000000000001111111111111111111111111111111111111111111
111111111111111111111111111111111111111111111000000000000000000000000000000001111111111111111111111111111111111111111111
