000000000000000000000000000000000000000000000000000000000000000000000000000000000000000000000000000000000000000000000000
000000000000000000000000000000000000000000000000000000000000000000000000100000000000000000000000000000000000000000000000
000000000000000000000000000000000000000000000000000000000000000000000000110000000000000000000000000000000000000000000000
000000000000000000000000000000000000000000000000000000000000000000000011110000000000000000000000000000000000000000000000
000000000000000000000000000000000000000000000000000000000001111111100011111000000000000000000000000000000000000000000000
000000000000000000000000000000000000000000000000000000001111111111111111100000000000000000000000000000000000000000000000
000000000000000000000000000000000000000000000000000000011111111111111111000000000000000000000000000000000000000000000000
000000000000000000000000000000000000000000000000000000111111111111111111100000000000000000000000000000000000000000000000
000000000000000000000000000000000000000000000000000001111111111111111111100000000000000000000000000000000000000000000000
000000000000000000000000000000000000000000000000000011111111111111111111100000000000000000000000000000000000000000000000
000000000000000000000000000000000000000000000000000011111111111111111111000000000000000000000000000000000000000000000000
000000000000000000000000000000000000000000000000000011111111111111111100000000000000000000000000000000000000000000000000
000000000000000000000000000000000000000000000000000000000011111111100000000000000000000000000000000000000000000000001111
000000000000000000000000000000000000000000000000000000011111111111111000000000000000000000000000000000000000000001111100
000000000000000000000000000000000000000000000000000011111111111111111111111111000000000000000000000000000000011111000000
000000000000000000000000000000000000000000000000001111111111111111111111111111110000000000000011111000000111110000000000
000000000011111100000000000000000000000000000000111111111111111111111111111111111111111111111111111111111100000000000000
000000000011111100000000000000000000000000000001111111111111111111111011111111111111111111111111111111110000000000000000
000000000111111100000000000000000000000000000001111111111111111111111000000000000000000000011111111111100000000000000000
000000000011111110000000000000000000000000000011111111111111111111110000000000000000000111111111100100000000000000000000
000000000111111110000000000111000000000000000111111000111111111111110000000000000001111111110000000000000000000000000000
000000000111111111100000000001111000000000001111100001111111111111110000000000011111111000000000000000000000000000000000
000000001111111111110000000000001111100000001111100111111111111111110000000111111110000000000000000000000000000000000000
000000001111111111000000000000000001111100001111100011111111111111110011111111100000000000000000000000000000000000000000
000000000011111111000000000000000000000111111111100011111111111111111111111000000000000000000000000000000000000000000000
000000000011111111000000000000000000000000111111110111111111111111111111000000000000000000000000000000000000000000000000
000000000011111111000000000000000000000000110111111111111111111111110000000000000000000000000000000000000000000000000000
000000000111111111100000000000000000000000000011111111111111111111110000000000000000000000000000000000000000000000000000
000000001111111111100000000000000000000000000111111111111111111111110000000000000000000000000000000000000000000000000000
000000001111111110110000000000000000000000111111111111111111111111111000000000000000000000000000000000000000000000000000
000000000111000110000000000000000000011111111111111111111111111111111100000000000000000000000000000000000000000000000000
111111111111110000000000000000001111111111100111111111111111111111111111100000000000000000000000000000000000000000000000
110000000000000000000000001111111111110000001111111111111111111111111111111110000000000000000000000000000000000000000000
000000000111000000000111111111111000000000011111111111111111111111111111101111111100000000000000000000000000000000000000
000000000000010111111111111000000000000000011111111111111111111111111111110000011111110000000000000000000000000000000000
000000001111111111111000000000000000000000111111111111111111111111111111111000000001111111100000000000000000000000000000
000011111111110000000000000000000000000001111111111111111111111111111111111100000000000011111110000000000000000000000000
000000000000000000000000000000000000000011111111111111111111111111111111111110000000000000000000000000000000000000000000
000000000000000000000000000000000000000011111111111111111111111111111111111111000000000000000000000000000000000000000000
000000000000000000000000000000000000000111111111111111111111111111111111111111100000000000000000000000000000000000000000
