111111111111111111111111111111111111111111111111111111111111111111111111111111111111111111111111111111111111111111111111
111111111111111111111111111111111111111111111111111111111111111111111111111111111111111111111111111111111111111111111111
111111111111111111111111111111111111111111111111111111111111111111111111111111111111111111111111111111111111111111111111
111111111111111111111111111111111111111111111111111111111111111100111111111111111111111111111111111111111111111111111111
111111111111111111111111001111111111111111111111111111111110000000111111111111111111111111111111111111111111111111111111
111111111111111111111111000111111111111111111111011111111100000000011111111111111111111111111111111111101111111111111111
111111111111111111110000000000111111111111111110000000011110000000111111111111111111111111111111111110000001111111111111
111111111111111111111000000000111111111111111111011000000000000000111111111111111111111111111111111000000000011111111111
111111111111111111111000000000011111111111111111111000000000000000111111111111111111111111111111111000000000011111111111
111111111111111111111110000000011111111111111111110000000000000000111111111111111111111111111111111000000000011011111111
111111111111111111111110000000111111111111111111111111110000000001111111111111111111111111111111111000000001110111111111
111111111111111111111110000000111111111111111111111111110000000111111111111111111111111111111111111000000000011111111111
111111111111111111111100000000111111111111111111111111110000000111111111111111111111111111111111100000000000000000111111
111111111111111111111000000000111111111111111111111111110000000111111111111111111111111111111111000000000000000000000000
111100000111111111000000000001111111111111111111111111100000000011111111111111111111111111111110000000000011110000000000
000000000000000000011110000000111111111111111111111111100000000001111111111111111111111111111110000000000111111111111111
000000000000000001110000000000011111111111111111111111000000000001111111111111111111111111111111000000001111111111111111
111000000000000000000000000000001111111111111111111100000000000000111111111111111111111111111110000000000111111111111111
111111100000000000000000000000000111111111111111111000000000000000111111111111111111111111111100000000000011111111111111
111111111110000000000000000000000011111111111111111100000000000000111111111111111111111111111100000000000011111111111111
111111111111111000000000000000000001111111111111111111110000000000111111111111111111111111111000000000000001111111111111
111111111111111111100000000000000111111111111111111111111001111100011111111111111111111111100000000000000001111111111111
111111111111111111111111000011111111111111111111111111111001111110011111111111111111111111110000000000000011111111111111
111111111111111111111110000001111111111111111111111111111001111110011111111111111111111111111111000010000111111111111111
111111111111111111111111000000111111111111111111111111111000111110001111111111111111111111111110000111000111111111111111
111111111111111111111111110000011111111111111111111100000000000000001111111111111111111111111100011110001111111111111111
111111111111111111111111111110000111111111111111111111100000000000011111111111111111111111111000111110001111111111111111
111111111111111111111111110000000001111111111111111111110000000000001111111111111111111111110001111110011111111111111111
111111111111111111111111000000000001111111111111111100011111000000111111111111111111111111110000000000001111111111111111
111111111000111111111111000000000001111111111111111110111111111111111111111111111111111111110000000000000011111111111111
111000000000000111111111000000000111111111111111111111111111111111111111111111111111111111111110000000000011111111111111
111000000000000000111111000000000011111111111111111111111111111111111111111111111111111111111111100000000111111111111111
111110000000000000000110000000011111111111111111111111111111111111111111111111111111111111111111000000000000111111111111
111111110000000000000000111111111111111111111111111111111111111111111111111111111111111111111000111100000000000011111111
111111111100000000000000000111111111111111111111111111111111111111111111111111111111111111111110011111111110000000011111
111111111111100000000000000000111111111111111111111111111111111111111111111111111111111111111111110011111111111111100011
111111111111111000000000000000000111111111111111111111111111111111111111111111111111111111111111111111111111111111111111
111111111111111111000000000000001111111111111111111111111111111111111111111111111111111111111111111111111111111111111111
111111111111111111110000000011111111111111111111111111111111111111111111111111111111111111111111111111111111111111111111
111111111111111111111110111111111111111111111111111111111111111111111111111111111111111111111111111111111111111111111111
