000000000000000000000000000000000000000000000000000000000000000000000000000000000000000000000000000000000000000000000000
000000000000000000000000000000000000000000000000000000000000000000000000000000000000000000000000000000000000000000000000
000000000000000000000000000000000000000000000000000000000000000000000000000000000000000000000000000000000000000000000000
000000000000000000000000000000000000000000000000000000000000001111000000000000000000000000000000000000000000000000000000
000000000000000000000000000000000000000000000000001111111111111111111110000000000000000000000000000000000000000000000000
000000000000000000000000000000000000000000000000011111111111111111111111100000000000000000000000000000000000000000000000
000000000000000000000000000000000000000000000000111111111111111111111111111111100000000000000000000000000000000000000000
000000000000000000000000000000000000000000000001111111111111111111111111111111111000000000000000000000000000000000000000
000000000000000000000000000000000000000000000001111111111111111111111111111111111100000000000000000000000000000000000000
000000000000000000000000000000000000000000000000111111111111111111111111111111111100000000000000000000000000000000000000
000000000000000000000000000000000000000000000001111111111111111111111111111111111100000000000000000000000000000000000000
000000000000000000000000000000000000000000001111111111111111111111111111110111111000000000000000000000000000000000000000
000000000000000000000000000000000000000000000011011111111111111111111111100111111000000000000000000000000000000000000000
000000000000000000000000000000000000000000000000111111111111111111111111110111111100000000000000000000000000000000000000
000000000000000000000000000000000000000000000000001111111111111111111110000111111100000000000000000000000000000000000000
000000000000000000000000000000000000000000000000000011111111111111111000000111111110000000000000000000000000000000000000
000000000000000000000000000000000000000000000000000010000111111110010000000111111100000000000000000000000000000000000000
000000000000111110000000000000000000000000000000000000001111111110000000000011111100000000000000000000000000000000000000
000000000011110011111100000000000000000000000000000011111111111111111000000001110000000000000000000000000110000000000000
000000011111000000011111110000000000000000000000001111111111111111111111000000000000000000000000000111111111100000000000
000011111111100000111100001111000000000000000000111111111111111111111111100000000000000000000001111110000000111000000000
111111001111110001111110000001111111111111111111111111111111111111111111111111111000000000111100001111000001111111000000
111100001111110001111100000111110000011110000111111111111111111111111111111111111111111111110000011111100011111111111000
111110001111100001111000001111110000111110000111111111111111111111111111111000001111000001111000001111100011111100011111
111110001111000001110000001111110001111110000111111111111111111111111111111100001111100011111100000111100001111000011110
111100001110000001100000001111100001111100000011111111111111111111111111111000001111110001111100000011100001111000111111
111000001100000001100000001111000001111000000111111111111111111111111111111000000011110000111100000001000000111000111111
110000000000000000000000001100000001100000001111111111111111111111111111111000000001110000011100000000000000010000011110
100000000000000000000000001000000001000000001111101111111111111111111111111100000000011000000100000000000000000000001110
000000000000000000000000000000000000000011111111001111111111111111111101111111100000000000000011100000000000000000000110
000000000000000000000000000000000000011111111110001111111111111111111100111111111100000111111111100000000000000000000000
000000000000000000000000000000000001111111110000001111111111111111111100000111111111111111111111000000000000000000000000
000000000000000000000000111111111111111100000000001111111111111111111100000000011111111111111000000000000000000000000000
000000000000000000000000001111111111100000000000011111111111111111111110000000000000000000000000000000000000000000000000
000000000000000011111111111111110000000000000000111111111111111111111111000000000000000000000000000000000000000000000000
000000000000000000001111110000000000000000000001111111111111111111111111100000000000000000000000000000000000000000000000
000000000000000000000000000000000000000000000011111111111111111111111111110000000000000000000000000000000000000000000000
000000000000000000000000000000000000000000000011111111111111111111111111110000000000000000000000000000000000000000000000
000000000000000000000000000000000000000000000111111111111111111111111111111000000000000000000000000000000000000000000000
000000000000000000000000000000000000000000001111111111111111111111111111111100000000000000000000000000000000000000000000
