111111111111111111111111111111111111111111111111111111111000000000000000000111111100000011111111111111111111111111111111
111111111111111111111111111111111111111111111111111111111000000000000000000000000000000000001111111111111111111111111111
111111111111111111111111111111111111111111111111111111111100000000000000000000000000000000000011111111111111111111111111
111111111111111111111111111111111111111111111111111111111111000000000000000000000000000000000000111111111111111111111111
111111111111111111111111111111111111111111111111111111111111100000000000000000000000000000000000011111111111111111111111
111111111111111111111111111111111111111111111111111111111110000000000000000000000000000000000000011111111111111111111111
111111111111111111111111111111111111111111111111111111110000000000000000000000000000000000000000001111111111111111111111
111111111111111111111111111111111111111111111111111111100000000000000000000000000000000000000000000111111111111111111111
111111111111111111111111111111111111111111111111111110000000000000000000000000000000000000000000000011111111111111111111
111111111111111111111111111111111111111111111111111110000000000000000000000000000000000000000000000001111111111111111111
111111111111111111111111111111111111111111111111111100000000000000000000000000000000000000000000000000111111111111111111
111111111111111111111111111111111111111111111111111100000000000000000000000000000000000000000000000000111111111111111111
111111111111111111111111111111111111111111111111111000000000000000000000000000000000000000000000000000011111111111111111
111111111111111111111111111111111111111111111111111000000000000000000000000000000000000000000000000000011111111111111111
111111111111111111111111111111111111111111111111111100000000000000000000000000000000000000000000000000011111111111111111
111111111111111111111111111111111111111111111111111100000000000000000000000000000000000000000000000000001111111111111111
111111111111111111111111111111111111111111111111111111000000000000000000000000000000000000000000000000001111111111111111
111111111111111111111111111111111111111111111111111111111110100000000000000000000000000000000000000000001111111111111111
111111111111111111111111111111111111111111111111111111111111110000000000000000000000000000000000000000001111111111111111
111111111111111111111111111111111111111111111111111111111111100000000000000000000000000000000000000000001111111111111111
111111111111111111111111111111111111111111111111111111111111110000000000000000000000000000000000000000001111111111111111
111111111111111111111111111111111111111111111111111111111111111100000000000000000000000000000000000000001111111111111111
111111111111111111111111111111111111111111111111111111111111111100000000001000000000000000000000000000001111111111111111
111111111111111111111111111111111111111111111111111111111111111100000001111110000000000000000000000000001111111111111111
111111111111111111111111111111111111111101100000011111111111111000000001111100000000000000000000000000001111111111111111
111111111111111111111111111111111111110000000000000111111111111000000011111000000000000000000000010000000111111111111111
111111111111111111111111111111111111000000000000000011111111111000000011110000000000000000000000011000010111111111111111
111111111111111111111111111111111110000000000000000001111111111110000111000000000000000000000000001111101111111111111111
111111111111111111111111111111111110000000000000000001111111111110001110000000000000000000000000000111111111111111111111
111111111111111111111111111111111110000000000000000000011111111110001100000000000000000000000000000011111111111111111111
111111111111111111111111111111111110000000000000000000000011111110011000000000000000000000000000000001111111111111111111
111111111111111111111111111111111111000000000000000000000000011000000000000000000000000000000000001100111111111111111111
111111111111111111111111111111111111110000000000000000000000001000000000000000000000000000000000001110001111111111111111
111111111111111111111111111111111111111100000000000000000000000000000000000000000000000000000000001111111111111111111111
111111111111111111111111111111111111111111111100000000000000000000000000000000000000000000000000001111111111111111111111
111111111111111111111111111111111111111111111000000000000000000000000000000000000000000000000000000111111111111111111111
111111111111111111111111111111111111111111111000000000000000000000000000000000000000000000000000000111111111111111111111
111111111111111111111111111111111111111111110000000000000000000000000000000000000000000000000000000011111111111111111111
111111111111111111111111111111111111111111110000000000000000000000000000000000000000000000000000000011111111111111111111
111111111111111111111111111111111111111111100000000000000000000000000000000000000000000000000000000001111001111111111111
