111111111111111111111111111111111111111111111111111111111111111111111111111111111111111111111111111111111111111111111111
111111111111111111111111111111111100000000111111111111111111111111111111111111111111111111111111111111111111111111111111
111111111111111111111111111111000000000000000111111111111111111111111111111111111111111111111111111111111111111111111111
111111111111111111111111111100000000000000000000111111111111111111111111111111111111111111111111111111111111111111111111
111111111111111111111111111000000000000000000000011111111111111111111111111111111111111111111111111111111111111111111111
111111111111111111111111100000000000000000000000001111111111111111111111111111111111111111111111111111111111111111111111
111111111111111111111111100000000000000000000000001111111111111111111111111111111111111111111111111111111111111111111111
111111111111111111111111100000000000000000000000000111111111111111111111111111111111111111111111111111111111111111111111
111111111111111111111111100000000000000000000000000000011111111111111111111111111111111111111111111111111111111110001111
111111111111111111111111110000000000000000000000000000000011111111111111111111111111111111111111111111111111000001111111
111111111111111111111111111000000000000000000000000000000001111111111111111111111111111111111111111111110000000111111111
111111111111111111111111111111000000000000000000000000000000111111111111111111111111111111111111111100000000001111111111
111111111111111111111111111111111110000000000000000000000000111111111111111111111111100011111110000000000000011111111111
111111111111111111111111111111111110000000000000000000000001111111111000000000000000000010000000000000000000000111111111
111111111111111111111111111111100000000000000000000000000001111111110000000000000000000000000000000111111111111111111111
111111111111111111111111111111000000000000100000000000000000111111000000000000000000000000000001111111111111111111111111
111111111111111111111111111110010000000001111110000001111101111111100000000000000000000000001111111111111111111111111111
111111111111111111111111111111111000000001111111111111111111111100000000000000000000000000000000000001111111111111111111
111111111111111111111111111111111100000000111111111111111111111000000000000000000000000000000000000000111111111111111111
111111111111111111111111111111111100000000111111111111111111110000000000000000000000000000000000000001111111111111111111
111111111111111111111111111111111110000000011111111111111111110000000000000000000000000000000000000011111111111111111111
111111111111111111111111111111111110000000001111111111111111111100000000000000000000000000000000000111111111111111111111
111111111111111111111111111111111110100000000111111111111111111000000000000000000000000000000000011111111111111111111111
111111111111111111111111111111111110000000000000000111111111110000000000000000000000000000000000111111111111111111111111
111111111111111111111111111111111110101100000000000000000000000000000000000000000000000001100111111111111111111111111111
111111111111111111111111111111111110001111000000000000000000000000000000000000000000000011111111111111111111111111111111
111111111111111111111111111111111110001111111111100000000000000000000000000000000000000111111111111111111111111111111111
111111111111111111111111111111111111000111111111111111100000000000000000000000000000001111111111111111111111111111111111
111111111111111111111111111111111111010111111111111111000000000000000000000000000000001111111111111111111111111111111111
111111111111111111111111111111111111000111111111111100000000000000000000000000000000011111111111111111111111111111111111
111111111111111111111111111111111111000111111111111000000000000000000000000000000000011111111111111111111111111111111111
111111111111111111111111111111111111100011111111110000000000000000000000000000000000111111111111111111111111111111111111
111111111111111111111111111111111111101011111111110000000000000000000000000000000000111111111111111111111111111111111111
111111111111111111111111111111111111100001111111100000000000000000000000000000000000111111111111111111111111111111111111
111111111111111111111111111111111111110101111111100000000000000000000001100000000000111111111111111111111111111111111111
111111111111111111111111111111111111110001111111100000000000000000000111100000000000011111111111111111111111111111111111
111111111111111111111111111111111111110110111111100000000000000000001111100000000000001111111111111111111111111111111111
111111111111111111111111111111111111111000111111100000000000000000001111110000000000000111111111111111111111111111111111
111111111111111111111111111111111111111010111111100000000000000000001111110000000000000011111111111111111111111111111111
111111111111111111111111111111111111111000111111110000000000000000001111110000000000000011111111111111111111111111111111
