111111111111111111111111111111111111111111111111111111111111111111111111111111111111111111111111111111111111111111111111
111111111111111111111111111111111111111111111111111111111111111111111111111111111111111111111111111111111111111111111111
111111111111111111111111111111111111111111111111111111111111111111111111111111111111111111111111111111111111111111111111
111111111111111111111111111111111111111111111110011111111111111111111111111111111111111111111001111111111111111111111111
111111111111111111111111111111111111111111111110000111111111111111111111111111111111111111000011111111111111111111111111
111111000111111111111111111111111111111111110000000000111111111111111111111111111111110000000001111111111111111111111111
111100000011111111111111111111111111111111110000000000111111111111111111111111111111110000000000011111111111111111111111
000000000000111111111111111111111111111111111000000000011111111111111111111111111111110000000000111111111111111111111111
100000000000011111111111111111111111111111111100000000011111111111111111111111111111110000000000111111111101111111111111
100000000000011111111111111111111111111111111100000000011111111111111111111111111111110000000000111111111111111111111111
111000000000011111111111111111111111111111110000000000000111111111111111111100000000000000000011111111111111111111111111
111100000000011111111111111111111111111100000000000000001111111111111111111100000000000000000001111111111111111111111111
111100000000111111111111111111111111111100000000000000011111111111111111111100000010000000000001111111111111111111111111
111100000000011111111111111111111111000000011111000000001111111111111111111111111110000000000111111111111111111111111111
000000000000001111111111111111111111110011111111000000001111111111111111111111111110000000001111111111111111111111111111
001110000000000111111111111111111111111111111110000000000111111111111111111111111110000000001111111111111111111111111111
111111100000000011111111111111111111111111111100000000000111111111111111111111111110000000011111111111111111111111111111
000000000000000001111111111111111111111111111100000000000111111111111111111111111000000000001111111111111111111111111111
000000011000000000011111111111111111111111111000000000000011111111111111111111110000000000000111111111111111111111111111
000000000000000000001111111111111111111111110000000000000001111111111111111111100000000000000111111111111111111111111111
000000000000000000000111111111111111111111110000000000000000111111111111111100000000000000000011111111111111111111111111
000000000000000000000011111111111111111111111000000000000001111111111111111000000000000000000011111111111111111111111111
000000000000000000000011111111111111111111111110000100001111111111111111111100000000000000000001111111111111111111111111
000011100000000000000011111111111111111111111110001110000111111111111111111111100000000000000011111111111111111111111111
111111100000000000011111111111111111111111111110001111000111111111111111111111111100001111000001111111111111111111111111
111111000000001111111111111111111111111111111110001111000011111111111111111111111100011111100001111111111111111111111111
111111100000000011111111111111111111111111111000000000000001111111111111111111111100011111110001111111111111111111111111
111111111100000000111111111111111111111111111000000000000011111111111111111111111100011111110001111111111111111111111111
111111111111100000001111111111111111111111111111000000000111111111111111111111111100011111110001111111111111111111111111
111111111110000000000111111111111111111111111100000000000111111111111111111111111100011111100001111111111111111111111111
111111111100000000000011111111111111111111100000000000001111111111111111111100000000000000000000111111111111111111111111
111111110000000000000001111111111111111111100010000000111111111111111111111100000000000000000001111111111111111111111111
111111110000000000001111111111111111110001111111111111111111111111111111111110000000000000000001111111111111111111111111
111111110000000001111111111111111111111111111111111111111111111111111111111110000000000000000001111111111111111111111111
000111000000000011111111111111111111111111111111111111111111111111111111111110001111000000000000111111111111111111111111
000000000000011111111111111111111111111111111111111111111111111111111111111111111111100000000001111111111111111111111111
000000001111111111111111111111111111111111111111111111111111111111111111111111111110000000111111111111111111111111111111
000000000011111111111111111111111111111111111111111111111111111111111111111111111111100001111111111111111111111111111111
000000000000111111111111111111111111111111111111111111111111111111111111111111111111000011111111111111111111111111111111
000000000000001111111111111111111111111111111111111111111111111111111111111111111110001111111111111111111111111111111111
