000000000000000000000000000000000000000000000000000000000000000000000000000000000000000000000000000000000000000000000000
000000000000000000000000000000000000000000000000000000000000000000000000000000000000000000000000000000000000000000000000
000000000000000000000000000000000000000000000000000000000000000000000000000000000000000000000000000000000000000000000000
000000000000000000000000000000000000000000000000000000000000000000000000000000000000000000000000000000000000000000000000
000000000000000000000000000000000000000000000000000000000000000000000000000000000000000000000000000000000000000000000000
000000000000000000000000000000000000000000000000000000000000000000000000000000000000000000000000000000000000000000000000
000000000000000000000000000000000000000000000000000000000000000000000000000000000000000000000000000000000000000000000000
000000000000000000000000000000000000000000000000000000000000000000000000000000000000000000000000000000000000000000000000
000000000000000000000000000000000000000000000000000000000000000000000000000000000000000000000000000000000000000000000000
000000000000000000000000000000000000000000000000000000000000000000000000000000000000000000000000000000000000000000000000
000000000000000000000000000000000000000000000000000000000000000000000000001111100000000000000000000000000000000000000000
000000000000000000000000000000000000000000000000000000000000000000000000111111100000000000000000000000000000000000000000
000000000000000000000000000000000000000000000000000000000000000000000111111111111111000000000000000000000000000000000000
000000000000000000000000000000000000000000000000000000000000000000000000111111111110000000000000000000000000000000000000
000000000000000000000000000000000000000000000000000000000000000000000000011111111100000000000000000000000000000000000000
000000000000000000000000000000000000000000000000000000000000000000000000111111110000000000000000000000000000000000000000
000000000000000000000000000000000000000000000000000000000000000000000000111111110111100000000000000000000000000000000000
000000000000000000000000000000000000000000000000000000000000000000000000011111111110000000000000000000000000000000000000
000000000000000000000000000000000000000000000000000000000000000000000000001111111111111111100000000000000000000000000000
000000000000000000000000000000000000000000000000000000000000000000000000011111111111111111111000000000000000000000000000
000000000000000000000000000000000000000000000000000000000000000000000001111111111111111111111100000000000000000000000000
000000000000000000000000000000000000000000000000000000000000000000001111111111111111111111111100000000000000000000000000
000000000000000000000000000000000000000000000000000000000000000000000001111111111111111111111100000000000000000000000000
000000000000010000000000000000000000000000000000000000000000000000000000001110001111111111110000000000000000000000000000
000000000001111100000000000000000000000000000000000000000000000000000000000100000110000100000000000000000000000000000000
000000000001111100000000000000000000000000000000000000000000000000000000000000000000000000000000000000000000000000000000
000000001111111110000000000000000000000000000000000000000000000000000000000000000000000000000000000000000000000000000000
000000111111111111110000000000000000000000000000001100000000000000000000000000000000000000000000000000000000000000000000
000000111111111111110001111000000000000000000000111110000000000000000000000000000000000000000000000000000000000000000000
000000111111111111110011111100000000000000000000111110000000000000000000000000000000000000000000000000000000000000000000
000000111111111111110011111100000000000000000000111110000000000000000000000000000000000000000000000000000000000000000000
000001111111111111111111111111111111111111111000111110000000000000000000000000000000000000000000000000000000000000000000
111111111111111111111111111111111111111111111110111110000000000000000000000000000000000000000000000000000000000000000000
111111111111111111111111111111111111111111111111111110000000000000000000000000000000000000000000000000000000000000000000
111111111111111111111111111111111111111111111111111110000000000000000000000000000000000000000000000000000000000000000000
111111111111111111111111111111111111111111111111111110000000000000000000000000000000000000000000000000000000000000000000
111111111111111111111111111111111111111111111111111110000000000000000000000000000000000000000000000000000000000000000000
111111111111111111111111111111111111111111111111111110000000000000000000000000000000000000000000000000000000000000000000
111111111111111111111111111111111111111111111111111110000000000000000000000000000000000000000000000000000000000000000000
111111111111111111111111111111111111111111111111111110000000000000000000000000000000000000000000000000000000000000000000
