000000001111111111111111111111111111111111111111111111111111000000000000000000000000000000000000000000000000000000000000
000000011111111111111111111111111111111111111111111111111111000000000000000000000000000000000000000000000000000000000000
000000001111111111111111111111111111111111111111111111111111000000000000000000000000000000000000000000000000000000000000
000000001111111111111111111111111111111111111111111111111111000000000000000000000000000000000000000000000000000000000000
000000001111111111111111111111111111111111111111111111111111000000000000000000000000000000000000000000000000000000000000
000000011111111111111111111111111111111111111111111111111111000000000000000000000000000000000000000000000000000000000000
000000111111111111111111111111111111111111111111111111111111000000000000000000000000000000000000000000000000000000000000
000001111111111111111111111111111111111111111111111111111111000000000000000000000000000000000000000000000000000000000000
000000111111111111111111111111111111111111111111111111111111000000000000000000000000000000000000000000000000000000000000
000000001111111111111111111111111111111111111111111111111111000000000000000000000000000000000000000000000000000000000000
000000000000000011111111111111111111111111111111111111111111000000000000000000000000000000000000000000000000000000000000
000000000000000000000011111111111111111111111111111111111111000000000000000000000000000000000000000000000000000000000000
000001111111110000000000001111111111111111111111111111111111000000000000000000000000000000000000000000000000000000000000
000000000011111111111000000000111111111111111111111111111111000000000000000000000000000000000000000000000000000000000000
000000000000001111111111100000001111111111111111111111111111000000000000000000000000000000000000000000000000000000000000
000000000000000001111111111110000111111111111111111111111111000000000000000000000000000000000000000000000000000000000000
000000000000000000111111111111111111111111111111111111111111000000000000000000000000000000000000000000000000000000000000
000000000000000000111111111111111111111111111111111111111111000000000000000000000000000000000000000000000000000000000000
000000000000000000111111111111111111111111111111111111111111000000000000000000000000000000000000000000000000000000000000
000000001111111111111111111111111111111111111111111111111111000000000000000000000000000000000000000000000000000000000000
000001111111111111111111111111111111111111111111111111111111000000000000000000000000000000000000000000000000000000000000
001111111111111111111111111111111111111111111111111111111111000000000000000000000000000000000000000000000000000000000000
111111111111111111111111111111111111111111111111111111111111000000000000000000000000000000000000000000000000000000111110
111111111111111111111111111111111111111111111111111111111111000000000000000000000000000000000000000000000000011111111111
111111111111111111111111111111111111111111111111111111111111000000000000000000000000000000000000000000000000111111111111
111111111111111111111111111111111111111111111111111111111111000000000000000000000000000000000000000000000000011111111111
111111111111111111111111111111111111111111111111111111111111000000000000000000000000000000000000000000000000000111111110
111111111111111111111111111111111111111111111111111111111111000000000000000000000000000000000000000000111000001111111111
111111111111111111111111111111111111111111111111111111111111000000000000000000000000000000000000000001111000011111111111
111111111111111111111111111111111111111111111111111111111111000000000000000000000000000000000000001111111001111111111111
111111111111111111111111111111111111111111111111111111111111000000000000000000000000000000000001111111111111111111111111
111111111111111111111111111111111111111111111111111111111111000000000000000000000000000000000111111111111111111111111111
111111111111111111111111111111111111111111111111111111111111000000000000000000000000000000000111111111111111111111111111
111111111111111111111111111111111111111111111111111111111111000000000000000000000000000000000001111111111111111111111111
111111111111111111111111111111111111111111111111111111111111000000000000000000000000000000000000011100000000011111111111
111111111111111111111111111111111111111111111111111111111111000000000000000000000000000000000000000000000000011111111111
111111111111111111111111111111111111111111111111111111111111000000000000000000000000000000000000000000000000001111111111
111111111111111111111111111111111111111111111111111111111111000000000000000000000000000000000000000000000000011111111111
111111111111111111111111111111111111111111111111111111111111000000000000000000000000000000000000000000000000111111111111
111111111111111111111111111111111111111111111111111111111111000000000000000000000000000000000000000000000000111111111111
