000000000000000000000000000000000000000000000000000000000000000000000000000000000000000000000000000000000000000000000000
000000000000000000000000000000000000000000000000000000000000000000000000000000000000000000000000000000000000000000000000
000000000000000000000000000000000000000000000000000000000000000000000000000000000000000000000000000000000000000000000000
000000000000000000000000000000000000000000000000000000000000000000000000000000000000000000000000000000000000000000000000
000000000000000000000000000000000000000000000000000000000000000000000000000000000000000000000000000000000000000000000000
000000000000000000000000000000000000000000000000000000000000000000000000000000000000000000000000000000000000000000000000
000000000000000000000000000000000000000000000000000000000000000000000000000000000000000000000000000000000000000000000000
000000000000000000000000000000000000000000000000000000000000001000000111111000000000000000000000000000000000000000000000
000000000000000000000000000000000000000000000000000000000000011110001111111100000000000000000000000000000000000000000000
000000000000000000000000000000000000000000000000000000000000011000011111111000000000000000000000000000000000000000000000
000000000000000000000000000000000000000000000000000000000000111000000111111000000000000000000000000000000000000000000000
000000000000000000000000000000000000000000000000000000000000110000000011111110000000000000000000000000000000000000000000
000000000000000000000000000000000000000000000000000000000000110000000011111110111000000000000000000000000000000000000000
000000000000000000000000000000000000000000000000000000000000110000000001111100000000000000000000000000000000000000000000
000000000000000000000000000000000000000000000000000000000000110000000001111100000000000000000000000000000000000000000000
000000000000000000000000000000000000000000000000000000000000110000000111111110000000000000000000000000000000000000000000
000000000000000000000000000000000000000000000000000000000000110000001111111111000000000000000000000000010000000000000000
000000000000000000000000000000000000000000000000000000000000100000111111111111100000000000000000000001111000000000000000
000000000000000000000000000000000000000000000000000000000000100011111111111111100000000000000000000011110000000000000000
000000000000000000000000000000000000000000000000000000000000000011111111111111000000000000000000001111100000000000000000
000000000000000000000000000000000000000000000000000000000000001111111111111111100000000111111111111111000000000000000000
000000000111111111111111111111111111111000000000000000000000000000011111111111111111111111111111111100000000000000000000
000000000111111111111111111111111111111111111111111111111100000000000111111111111111111111111111111000000000000000000000
000000000001111111111111111111111111111111111111111111111111111111111111111111111111111111111111100000000000000000000000
000000000000011111111111111111111111111111111111111111111111111111111111111111111111111111111111000000000000000000000000
000000000000000111111111111111111111111111111111111111111111111111111111111111111111111111111110000000000000000000000000
000000000000000000000000011111111111111111111111111111111111111111111111111111111111111111111000000000000000000000000000
000000000000000000000000000011111111111111111111111111111111111111111111111111111111111111100000000000000000000000000000
000000000000000000000000000000011111111111111111111111111111111111111111111111111111111111000000000000000000000000000000
000000000000000000000000000000000000111111111111000000000111111111111111111111111111111100000000000000000000000000000000
000000000000000000000000000000000000000000000000000000000000000000000000011111111111100000000000000000000000000000000000
000000000000000000000000000000000000000000000000000000000000000000000000000000000000000000000000000000000000000000000000
000000000000000000000000000000000000000000000000000000000000000000000000000000000000000000000000000000000000000000000000
000000000000000000000000000000000000000000000000000000000000000000000000000000000000000000000000000000000000000000000000
000000000000000000000000000000000000000000000000000000000000000000000000000000000000000000000000000000000000000000000000
000000000000000000000000000000000000000000000000000000000000000000000000000000000000000000000000000000000000000000000000
000000000000000000000000000000000000000000000000000000000000000000000000000000000000000000000000000000000000000000000000
000000000000000000000000000000000000000000000000000000000000000000000000000000000000000000000000000000000000000000000000
000000000000000000000000000000000000000000000000000000000000000000000000000000000000000000000000000000000000000000000000
000000000000000000000000000000000000000000000000000000000000000000000000000000000000000000000000000000000000000000000000
