111111111111111111111111111111111111111111111111111111111111111111111000000000000001111111111111111111111111111111111111
111111111111111111111111111111111111111111111111111111111111111111100000000000000000000111111111111111111111111111111111
111111111111111111111111111111111111111111111111111111111111111111000000000000000000000000111111111111111111111111111111
111111111111111111111111111111111111111111111111111111111111111111000000000000000000000001111111111111111111111111111111
111111111111111111111111111111111111111111111111111100000001111111000000000000000000000000111111111111111111111111111111
111011111111111111111111111111111111111111111111111000000000001111100000000000000000000000111111111111111111111111111111
110001111111111111111111111111111111111111111111111110000000000000000000000000000000000001111111111111111011111111111111
000001111111111111111111111111111111111111111111111111000000000000000000000000000000000000111111111111000000111111111111
000000011111111111111111111111111111111111111111111111100000000000000000000000000000000000000011111111111111111111111111
000000000111111111111111111111111111111111111111111111111100000000000000000000000000000000111111111111111111111111111111
000000000000011111111111111111111111111111111111111111110000000000000000000000000000000011111111111111111111111111111111
000000000000111111111111111111111111111111111111111111110000000000000000000000000000000111111111111111111111111111111111
000000000000111111111111111111111111111000000111111000000000000000000000000000000000001111111111111111111111111111111111
000000000000111111111111111111111111000000000000000111111110000000000000000000000000000011111111111111111111111111111111
000000000000011111111111111111111111000000000000111111111000000000000000000000000000000011111111111111111111111111111111
000000000000001111111111111111111111111110000000001111100000000000000000000000000000000011111111111111111111111111111111
000000000000000011111111111111111111111110000000000111100000000000000000000000000000000011111111111111111111111111111111
000000000000000111111111111111111111111111100000000010000000000000000000000000000000000011111111111111111111111111111111
000000000000001111111111111111111111111111110000000000000000010000000000000000000000011111111111111111111111111111111111
000000000000000011111111111111111111111111111100000000000001110000000000000000000000111111111111111111111111111111111111
000000000000001111111111111111111111111111111110000000000111110000000000000000000001111111111111111111111111111111111111
000000000000111111111111111111111111111111111111100000111111110000000000000000000001111111111111111111111111111111111111
000000000001111111111111111111111111111111111111111111111111110000000000000000000011111111111111111111111111111111111111
000000000001111111111111111111111111111111111111111111111111110000000000000000000011111111111111111111111111111111111111
000000000000111111111111111111111111111111111111111111111111100000000000000000000001111111111111111111111111111111111111
000000000000011111111111111111111111111111111111111111111111110000000000000000000111111111111111111111111111111111111111
000000000000001111111111111111111111111111111111111111111111111000000000000000000111111111111111111111111111111111111111
000000000000001111111111111111111111111111111111111111111111111000000000000000000011111111111111111111111111111111111111
000000000000011111111111111111111111111111111111111111111111110000000000000000000000111111111111111111111111111111111111
000000000000001111111111111111111111111111111111111111111111100000000000000000000000011111111111111111111111111111111111
000000000000000111111111111111111111111111111111111111111111000000000000000000000000001111111111111111111111111111111111
000000000000000011111111111111111111111111111111111111111111000000000000000000000000000111111111111111111111111111111111
000000000000000011111111111111111111111111111111111111111110000000000000000000000000000111111111111111111111111111111111
000000000000000011111111111111111111111111111111111111111110000000000000000000000000000011111111111111111111111111111111
000000000000000001111111111111111111111111111111111111111110000000000000000000000000000001111111111111111111111111111111
000000000000000001111111111111111111111111111111111111111100000000000000000000000000000000111111111111111111111111111111
000000000000000000111111111111111111111111111111111111111000000000000000000000000000000000011111111111111111111111111111
000000000000000000011111111111111111111111111111111111111000000000000000000000000000000000001111111111111111111111111111
000000000000000000001111111111111111111111111111111111110000000000000000000000000000000000000011111111111111111111111111
000000000000000000000111111111111111111111111111111111100000000000000000000000000000000000000001111111111111111111111111
