111111111111111111111111111111111111111111111111111111111111111111111111111111111111111111111111111111111111111111111111
111111111111111111111111111111111111111111111111111111111111111111110001111111111111111111111111111111111111111111111111
111111111111111111111111111111111111111111111111111111111111111111111000011111111111111111111111111111111111111111111111
111111111111111111111111111111111111111111111111111111111111111100000000000000111111111111111111111111111111111111111111
111111111111111111111111111111111111111111111111111111111111100000000000000000001111111111111111111111111111111111111111
111111111111111111111111111111111111111111111111111111111111000000000000000000000011111111111111111111111111111111111111
111111111111111111111111111111111111111111111111111111111111000000000000000000000001111111111111111111111111111111111111
111111111111111111111111111111111111111111111111111111000000000000000000000000000001111111111111111111111111111111111111
111111111111111111111111111111111111111111111111111111000000000000000000000000000001111111111111111111111111111111111111
111111111111111111111111111111111111111111111111111111100000000000000000000000000001111111111111111111111111111111111111
111111111111111111111111111111111111111111111111111111111000000000000000000000000000111111111111111111111111111111111111
111111111111111111111111111111111111111111111111111111111111000000000000000000000000111111111111111111111111111111111111
111111111111111111111111111111111111111111111111111111111111000000000000000000000000111111111111111111111111111111111111
111111111111111111111111111111111111111111111111111111111111000000000000000000000000011111111111111111111111111111111111
111111111111111111111111111111111111111111111111111111111111000011000000000000000000011111111111111111111111111111111111
111111111111111111111111111111111111111111111111111111111111000011000000000000000000011111111111111111111111111111111111
111111111111111111111111111111111111111111111111111111110000000000000000000000000000000011111111111111111111111111111111
111111111111111111111111111111111111000011100000000000000000000000000000000000000000000000011111111111111111111111111111
111111111111111111111111111111000000000000000000000000000000000000000000000000000000000000011111111111111111111111111111
111111111111111111111111111111111000000000000000000000000000000000000000000000000000000000111111111111111111111111111111
111111111111111111111111111111111100000000000000000000000000000000000000000000000000000011111111111111111111111111111111
111111111111111111111111111111111110000000000011111111111000000000000000000000000000000111111111111111111111111111111111
111111111111111111111111111111111111000000011111111111110000000000000000000000000000000011111111111111111111111111111111
111111111111111111111111111111111111111111111111111111110000000000000000000000000000000001111111111111111111111111111111
111111111111111111111111111111111111111111111111111111111000000000000000000000000000000001111111111111111111111111111111
111111111111111111111111111111111111111111111111111111111110000000000000000000000000000001111111111111111111111111111111
111111111111111111111111111111111111111111111111111111111100000000000000000000000000000000111111111111111111111111111111
111111111111111111111111111111111111111111111111111111111100000000000000000000000000000000011111111111111111111111111111
111111111111111111111111111111111111111111111111111111111100000000000000000000000000000001111111111111111111111111111111
111111111111111111111111111111111111111111111111111111111000000000000000000000000000000001111111111111111111111111111111
111111111111111111111111111111111111111111111111111111111000000000000000000000000000000000111111111111111111111111111111
111111111111111111111111111111111111111111111111111111111000000000000000000000000000000000111111111111111111111111111111
111111111111111111111111111111111111111111111111111111111000000000000000000000000000000000111111111111111111111111111111
111111111111111111111111111111111111111111111111111111111000000000000000000000000000000001111111111111111111111111111111
111111111111111111111111111111111111111111111111111111111000000000000000000000000000000001111111111111111111111111111111
111111111111111111111111111111111111111111111111111111111000000000000000000000000000000011111111111111111111111111111111
111111111111111111111111111111111111111111111111111111111000000000000000000000000010011111111111111111111111111111111111
111111111111111111111111111111111111111111111111111111111000000000000000000000000001111111111111111111111111111111111111
111111111111111111111111111111111111111111111111111111110000000000000000000000000001111111111111111111111111111111111111
111111111111111111111111111111111111111111111111111111110000000000000000000000000001111111111111111111111111111111111111
