000000000000000000000000000000000000000000000000000000000001111111111111111111111111111111111111111111110000000000000000
000000000000000000000000000000000000000000000000000000000000000000000001111111111111111111111111111111111000000000000000
000000000000000000000000000000000000000000000000000000000000000000000000111111111111111111111111111111111000000000000000
000000000000000000000000000000000000000000000000000000000000000000001111111111111111111111111111111111111100000000000000
000000000000000000000000000000000000000000000000000000000000000001111111111111111111111111111111111111111110000000000000
000000000000000000000000000000000000000000000000000000000000000011111111111111111111111111111111111111111111000000000000
000000000000000000000000000000000000000000000000000000000000000011111111111111111111111111111111111111111111100000000000
000000000000000000000000000000000000000000000000000000000000000001111111111111111111111111111111111111111111000000000000
000000000000000000000000000000000000000000000000000000000000000000000011111111111111111111111111111111111111000000000000
000000000000000000000000000000000000000000000000000000000000000000000001111111111111111111111111111111111111100000000000
000000000000000000000000000000000000000000000000000000000000000000000000011111111100111111111111111111111111110000000000
000000000000000000000000000000000000000000000000000000000000000000000000011111111100011111111111111111111111110000000000
000000000000000000000000000000000000000000000000000000000000000000000000011111111100001111111111111111111111111000000000
000000000000000000000000000000000000000000000000000000000000000000000000011111111100000000011111111111111111111110000000
000000000000000000000000000000000000000000000000000000000000000000000000011111111000000000000111111111111111111111110000
000000000000000000000000000000000000000000000000000000000000000000000000011111111000000000000111111111111111111111111100
000000000000000000000000000000000000000000000000000000000000000000000000011111111000000000000111111111111111111111111111
000000000000000000000000000000000000000000000000000000000000000000000000111111111000000000001111111111111111111111111111
000000000000000000000000000000000000000000000000000000000000000000000001111111110000000000001111111111111111111111111111
000000000000000000000000000000000000000000000000000000000000000000000011111111100000000000011111111111111111111111111111
000000000000000000000000000000000000000000000000000000000000000000000111111111000000000001111111111111111111111111111111
000000000000000000000000000000000000000000000000000000000000000000001111111110000000000111111111111111111111111111111111
000000000000000000000000000000000000000000000000000000000000000000111111111110000000000011111111111111111111111111111111
000000000000000000000000000000000000000000000000000000000000000001111111111100000000000011111111111111111111111111111111
000000000000000000000000000000000111111111111111111111111111111111111111111111000000000111111111111111111111111111111111
000000000000000000000001111111111111111111111111111111111111111111111111111111111111111111111111111111111111111111111111
000000000000000001111111111111111111111111100000000000000000000001111111111111111111111111111111111111111111111111111111
000000000000111111111111111100000000000000000000000000000000000000000000000000000000000111111111111111111111111111111111
000000000111111111110000000000000000000000000000000000000000000000000000000000000000000000011111111111111111111111111111
000000111111111000000000000000000000000000000000000000000000000000000000000000000000000000111111111111111111111111111111
000011111110000000000000000000000000000000000000000000000000000000000000000000000000000000111111111111111111111111111111
111111111000000000000000000000000000000000000000000000000000000000000000000000000000000000111111111111111111111111111111
111111100000000000000000000000000000000000000000000000000000000000000000000000000000000000111111111111111111111111111111
111110000000000000000000000000000000000000000000000000000000000000000000000000000000000001111111111111111111111111111111
110000000000000000000000000000000000000000000000000000000000000000000000000000000000000001111111111111111111111111111111
110000000000000000000000000000000000000000000000000000000000000000000000000000000000000001111111111111111111111111111111
111000000000000000000000000000000000000000000000000000000000000000000000000000000000000001111111111111111111111111111111
111100000000000000000000000000000000000000000000000000000000000000000000000000000000000001111111111111111111111111111111
111110000000000000000000000000000000000000000000000000000000000000000000000000000000000011111111111111111111111111111111
111111000000000000000000000000000000000000000000000000000000000000000000000000000000000011111111111111111111111111111111
