111111111111111111111111111111111111111111111111111111110000000000000000011111111111111111111111111111111111111111111111
111111111111111111111111111111111111111111111111111111110000000000000000111111111111111111111111111111111111111111111111
111111111111111111111111111111111111111111111111111111110000000000000011111111111111111111111111111111111111111111111111
111111111111111111111111111111111111111111111111111111100000000000000001111111111111111111111111111111111111111111111111
111111111111111111111111111111111111111111111111111111000000000000000001111111111111111111111111111111111111111111111111
111111111111111111111111111111111111111111111111111111000000000000000001111111111111111111111111111111111111111111111111
111111111111111111111111111111111111111111111111111111000000000000000001111111111111111111111111111111111111111111111111
111111111111111111111111111111111111111111111111111101100000000000000000111111111111111111111111111111111111111111111111
111111111111111111111111111111111111111111111111111011100000000000000000111111111111111111111111111111111111111111111111
111111111111111111111111111111111111111111111111100011110000000000000001111111111111111111111111111111111111111111111111
111111111111111111111111111111111111111111111111000111110000000000000001111111111111111111111111111111111111111111111111
111111111111111111111111111111111111111111111111011111111100000000000000111111111111111111111111111111111111111111111111
111111111111111111111111111111111111111111111111111111111100000000000000111111111111111111111111111111111111111111111111
111111111111111111111111111111111111111111111111111111111000000000000000111111111111111111111111111111111111111111111111
111111111111111111111111111111111111111111111111111111111000000000000000111111111111111111111111111111111111111111111111
111111111111111111111111111111111111111111111111111111111100000000000011111111111111111111111111111111111111111111111111
111111111111111111111111111111111111111111111111111111111000000000000011111111111111111111111111111111111111111111111111
111111111111111111111111111111111111111111111111111111111000000000000011111111111111111111111111111111111111111111111111
111111111111111111111111111111111111111111111111111111110000000000000001111111111111111111111111111111111111111111111111
111111111111111111111111111111111111111111111111111111000000000000000000011111111111111111111111111111111111111111111111
111111111111111111111111111111111111111111111111111110000000000000000000001111111111111111111111111111111111111111111111
111111111111111111111111111111111111111111111111111000000000000000000000000011111111111111111111111111111111111111111111
111111111111111111111111111111111111111111111111100000000000000000000000000001111111111111111111111111111111111111111111
111111111111111111111111111111111111111111111110000000000000000000000000000000111111111111111111111111111111111111111111
111111111111111111111111111111111111111111111000000000000000000000000000000000011111111111111111111111111111111111111111
111111111111111111111111111111111111111100000000000000000000000000000000000000000111111111111111111111111111111111111111
111111111111111111111111111111111111100000000000000000000000000000000000000000000001111111111111111111111111111111111111
111111111111111111111111111111111110000000000000000000000000000000000000000000000000001111111111111111111111111111111111
111111111111111111111111111111111000000000000000000000000000000000000000000000000000000000011111111111111111111111111111
111111111111111111111111111111110000000000000000000000000000000000000000000000000000000000000011111111111111111111111111
111111111111111111111111111111000000000000000000000000000000000000000000000000000000000000000000111111111111111111111111
111111111111111111111111111111000000000000000000000000000000000000000000000000000000000000000001111111111111111111111111
111111111111111111111111111111000000000000000000000000000000000000000000000000000000000000000001111111111111111111111111
111111111111111111111111111111000000000000000000000000000000000000000000000000000000000000000111111111111111111111111111
111111111111111111111111111111000000000000000000000000000000000000000000000000000000000000111111111111111111111111111111
111111111111111111111111111111110000000000000000000000000000000000000000000000000000000111111111111111111111111111111111
111111111111111111111111111111111111100000000000000000000000000000000000000000000001111111111111111111111111111111111111
111111111111111111111111111111111111111111110000000000000000000000000000000011111111111111111111111111111111111111111111
111111111111111111111111111111111111111111111111111100000110000000000111111111111111111111111111111111111111111111111111
111111111111111111111111111111111111111111111111111111111110000000000111111111111111111111111111111111111111111111111111
