111111111111111111111111111111111111111111111111111111100000000111111111111111111111111111111111111111111111111111111111
111111111111111111111111111111111111111111111111111100000000000000000000111111111111111111111111111111111111111111111111
111111111111111111111111111111111111111111111111110000000000000000000000000111111111111111111111111111111111111111111111
111111111111111111111111111111111111111111111111100000000000000000000000000001111111111111111111111111111111111111111111
111111111111111111111111111111111111111111111111000000000000000000000000000000111111111111111111111111111111111111111111
111111111111111111111111111111111111111111111111000000000000000000000000000000011100001111111111111111111111111111111111
111111111111111111111111111111111111111111111110000000000000000000000000000000000000000011111111111111111111111111111111
111111111111111111111111111111111111111111000000000000000000000000000000000000000000000011111111111111111111111111111111
111111111111111111111111111111111111111110000000000000000000000000000000000000000000000011111111111111111111111111111111
111111111111111111111111111111111111111111100000000000000000000000000000000000000000000011111111111111111111111111111111
111111111111111111111111111111111111111111111110000000000000000000000000000000000000000111111111111111111111111111111111
111111111111111111111111111111111111111111111000000000000000000000000000000001000000001111111111111111111111111111111111
111111111111111111111111111111111111111111111100000000000000000000000000000111000000001111111111111111111111111111111111
111111111111111111111111111111111111111111111111000000000000000000000000000111000000001111111111111111000000011111111111
111111111110000000111111111111111111111111111111100000000000000000000000001111000000001111111111110000000111000001111111
111111100000111000000011111111111111111111111111111110000000000000000000101111000000000111111100000000011111100000000011
110000000011111110001000001111111111111111111111111111100000000000100111111111000000001111000001111000001111100000000000
000000000001111000000111100000001111111100011111111111100000000011111111111000000000000000000111110000000111100000001110
001100000001110000000111110000011111000000000111100000000000000000000111110000000000011110000011111000000011110000000111
011100000011110000000111100000111111100001100000000000000000000000000000000011000000111110000000111100000111111100000111
111100000111111000001111000000011111000000110000000000000000000000000000000110000000111110000000111110000111111110000111
111000001111111000011111000000111110000000000000000000000000000000000000000000000000111111000000111111000111111111100011
111000111111111000111111000000111111000000000000000000000000000000000000000000000001111111100001111111100111111111111011
111001111111111001111111100001111111000000000000000000000000000000000000000000000001111111110001111111111111111111111111
111111111111111111111111100011111111100000000000000000000000000000000000000000000011111111110001111111111111111111111111
111111111111111111111111100111111111100010000000000000000000000000000000000000100011111111111001111111111111111111111111
111111111111111111111111111111111111100100000000000000000000000000000000000000110011111111111111111111111111111111111111
111111111111111111111111111111111111111100000000000000000000000000000000000000011111111111111111111111111111111111111111
111111111111111111111111111111111111111000000000000000000000000000000000000000001111111111111111111111111111111111111111
111111111111111111111111111111111111111000000000000000000000000000000000000000001111111111111111111111111111111111111111
111111111111111111111111111111111111110000000110000000000000000000000000000000000111111111111111111111111111111111111111
111111111111111111111111111111111111100000000110000000000000000000000000010000000111111111111111111111111111111111111111
111111111111111111111111111111111100000000001110000000000000000000000000111000000000011111111111111110001111111111111111
111110011111111100011111111111100000000000011110000000000000000000000000011100000000000001111111111100011111111110011111
111100001111111100000011111000000000000001111110000000000000000000000000011111000000000000000111110000000000001000001111
111110000000000000000000000000000000001111111110000000000000000000000000011111111000000000000000000000000000000000011111
111111000000000000000000000000000001111111111110000000000000000000000000011111111111100000000000000000000000000000111111
111111110000000000000000000000011111111111111000000000000000000000000000000111111111111110000000000000000000000001111111
111111111111111111111000001111111111111111110000000000000000000000000000000011111111111111111000000000111110001111111111
111111111111111111111111111111111111111111110000000000000000000000000000000011111111111111111111111111111111111111111111
