111111111111111111111111111111111111111111111111111111111111111111111111111111111111111111111111111111111111111111111111
111111111111111111111111111111111100000000001111111111111111111111111111111111111111111111111111111111111111111111111111
111111111111111111111111111111100000000000000001111111111111111111111111111111111111111111111111111111111111111111111111
111111111111111111111111111110000000000000000000011111111111111111111111111111111111111111111111111111111111111111111111
111111111111111111111111111000000000000000000000001111111111111111111111111111111111111111111111111111111111111111111111
111111111111111111111111110000000000000000000000000111111111111111111111111111111111111111111111111111111111111111111111
111111111111111111111111110000000000000000000000000111111111111111111111111111111111111111111111111111111111111111111111
111111111111111111111111110000000000000000000000000011111111111111111111111111111111111111111111111111111111111111111111
111111111111111111111111110000000000000000000000000000001111111111111111111111111111111111111111111111111111111111100111
111111111111111111111111111000000000000000000000000000000011111111111111111111111111111111111111111111111111110000011111
111111111111111111111111111110000000000000000000000000000000111111111111111111111111111111111111111111111100000011111111
111111111111111111111111111111100000000000000000000000000000111111111111111111111111111111111111111110000000000111111111
111111111111111111111111111111111111110000000000000000000000111111111111111111111111110001111111100000000000001111111111
111111111111111111111111111111110000000000000000000000000000111111111100000000000000000011100000000000000000000011111111
111111111111111111111111111111110000000000000000000000000001111111110000000000000000000000000000000011110001111111111111
111111111111111111111111111111000000000000110000000000000000111111100000000000000000000000000000111111111111111111111111
111111111111111111111111111110110000000001111110000001111000111111110000000000000000000000000111111111111111111111111111
111111111111111111111111111111111000000001111111111111111111111110000000000000000000000000000000000001111111111111111111
111111111111111111111111111111111100000000111111111111111111111100000000000000000000000000000000000000011111111111111111
111111111111111111111111111111111100000000011111111111111111111000000000000000000000000000000000000000111111111111111111
111111111111111111111111111111111110100000001111111111111111110000000000000000000000000000000000000001111111111111111111
111111111111111111111111111111111110000000000111111111111111111100000000000000000000000000000000000011111111111111111111
111111111111111111111111111111111101010000000011111111111111111100000000000000000000000000000000000111111111111111111111
111111111111111111111111111111111100011100000000000000001111111000000000000000000000000000000000011111111111111111111111
111111111111111111111111111111111101011110000000000000000000000000000000000000000000000000100011111111111111111111111111
111111111111111111111111111111111100011111110000000000000000000000000000000000000000000001111111111111111111111111111111
111111111111111111111111111111111101011111111111111111000000000000000000000000000000000011111111111111111111111111111111
111111111111111111111111111111111100011111111111111111110000000000000000000000000000000111111111111111111111111111111111
111111111111111111111111111111111101001111111111111111100000000000000000000000000000001111111111111111111111111111111111
111111111111111111111111111111111110001111111111111110000000000000000000000000000000001111111111111111111111111111111111
111111111111111111111111111111111110101111111111111000000000000000000000000000000000001111111111111111111111111111111111
111111111111111111111111111111111110001111111111111000000000000000000000000000000000011111111111111111111111111111111111
111111111111111111111111111111111110000111111111110000000000000000000000000000000000011111111111111111111111111111111111
111111111111111111111111111111111111000111111111110000000000000000000000000000000000111111111111111111111111111111111111
111111111111111111111111111111111111000011111111110000000000000000000000100000000000111111111111111111111111111111111111
111111111111111111111111111111111111100011111111110000000000000000000011100000000000111111111111111111111111111111111111
111111111111111111111111111111111111100001111111110000000000000000000111110000000000011111111111111111111111111111111111
111111111111111111111111111111111111110101111111110000000000000000001111110000000000001111111111111111111111111111111111
111111111111111111111111111111111111110000111111110000000000000000000111111000000000000111111111111111111111111111111111
111111111111111111111111111111111111111010111111110000000000000000000111111000000000000011111111111111111111111111111111
