000000000000000000000000000000000000000000000111000000000000000000000000000000000000000000000000000000000000000000000000
000000000000000000000000000000000000000000111111100000000000000000000000000000000000000000000000000000000000000000000000
000000000000000000000000000001111111111111111111110000000000000000000000000000000000000000000000000000000000000000000000
011100000000000000000000011111111111111111111111110000000000000000000000000000000000000000000000000000000000000000000000
001100000000000000000001111111111111111111111111111110000000000000000000000000000000000000000000000000000000000000000000
000000000000000000000111111111111111111111111111111111100000000000000000000000000000000000000000000000000000000000000000
000000000000000000001111111111111111111111111111111111111000000000000000000000000000000000000000000000000000000000000000
000000000000000000011111111111111111111111111111111111111000000000000000000000000000000000000000000000000000000000000000
000000000000000000011111111111111111111111111111111111111100000000000000000000000000000000000000000000000000000000000000
000000000000000000011111111111111111111111111111111111111100000000000000000000000000000000000000000000000000000000000000
000000000000000000111111111111111111111111111111111111111100000000000000000000000000000000000000000000000000000000000000
000000000000111111111111111111111111111111111111111111111100000000000000000000000000000000000000000000000000000000000000
000000000000111111111111111111111111111111111111111111111100000000000000000000000000000000000000000000000000000000000000
000000000000111111111111111111111111111111111111111111111110000000000000000000000000000000000000000000000000000000000000
000000000000000011111111111111111111111111111111111111111111000000000000000000000000000000000000000000000000000000000000
000000000000000000011111111111111111111111111111111111111100000000000000000000000000000000000000000000000000000000000000
000000000000000000011111111111111111111111111111111111111100000000000000000000000000000000000000000000000000000000000000
000000000000000000011111111111111111111111111111111111111110000000000000000000000000000000000000000000000000000000000000
000000000000000000011111111111111111111111111111111111111111000000000000000000000000000000000000000000000000000000000000
000000000000000001111111111111111111111111111111111111111111100000000000000000000000000000000000000000000000000000000000
000000000000000001111111111111111111111111111111111111111111110000000000000000000000000000000000000000000000000000000000
000000000000000001111111111111111111111111111111111111111111111000000000000000000000000000000000000000000000000000000000
000000000000000000011111111111111111111111111111111111111111111111000000000000000000000000000000000000000000000000000000
000000000000000000000111111111111111111111111111000010000111100000000000000000000000000000000000000000000000000000000000
000000000000000000001111111111111111111111111111111110000000000000000000000000000000000000000000000000000000000000000000
000000000000000001111111111111111111111111111111111111111100000000000000000000000000000000000000000000000000000000000000
000000000000000011111111111111111111111111111111111111111100000000000000000000000000000000000000000000000000000000000000
000000000000000001111111111111111111111111111111111111111110000000000000000000000000000000000000000000000000000000000000
000000000000000011111111111111111111111111111111111111111111000000000000000000000000000000000000000000000000000000000000
000000000000000011111111111111111111111111111111111111111111000000000000000000000000000000000000000000000000000000000000
000000000000001111111111111111111111111111111111111111111111100000000000000000000000000000000000000000000000000000000000
000000000000001111111111111111111111111111111111111111111111111000000000000000000000000000000000000000000000000000000000
000000000000001111111111111111111111111111111111111111111111110000000000000000000000000000000000000000000000000000000000
000000000000001111111111111111111111111111111111111111111111110000000000000000000000000000000000000000000000000000000000
000000000000011111111111111111111111111111111111111111111111111100000000000000000000000000000000000000000000000000000000
000000000000011111111111111111111111111111111111111111111111111110000000000000000000000000000000000000000000000000000000
000000000000001111111111111111111111111111111111111111111111111100000000000000000000000000000000000000000000000000000000
000000000000001111111111111111111111111111111111111111111111111100000000000000000000000000000000000000000000000000000000
000000000000011111111111111111111111111111111111111001111111111110000000000000000000000000000000000000000000000000000000
000000000001111111111111111111111111111111111111110000111111111111000000000000000000000000000000000000000000000000000000
