000000000000000000000000000000000000000000000000000000000000000001000000000000000000000000000000000000000000000000000000
000000000000000000000000000000000000000000000000000000000000000000000000000000000000000000000000000000000000000000000000
000000000000000000000000000000000000000000000000000000000000000000000000000000000000000000000000000000000000000000000000
000000000000000000000000000000000000000000000000000000000000000000000000000000000000000000000000000000000000000000000000
000010000000000000000000000000000000000000000000000000000000000000000000000000000000000000000000000000000000000000000000
000000000000000000000000000000000000000000000000000000000000000000000000000000000000000000000000000000000000000000000000
000000000000000000000000000000000000000000000000000000000000000000000000000000000000000000000000000000000000000000000000
000000000000000000000000000000000000000000000000000000000000000000000000000000000000000000000000000000000000000000000000
000000000000000000000000000000000000000000000000000000111111000000000000000000000000000000000000000000000000000000000000
000000000000000000000000000000000000000000000000000011111111111000000000000000000000000000000000000000000000000000000000
000000000000000000000000000000000000000000000000000111111111111100011000000000000000000000000000000000000000000000000000
000000000000000000000000000000000000000000000000011111111111111110010001111111100000000000000000000000000000000000000000
000000000000000000000000000000000000000000000001111111111111110000111111111111111111110000000000000000000000000000000000
000000000000000000000000000000000000000000000111111111111111110011111111111111111111111110000000000000000000000000000000
000000000000000000000000000000000000000000000111111111111111001111111111111111111111111111110000000000000000000000000000
000000000000000000000000000000000000000000000001111111111111101111111111111111111111111111111100000000000000000000000000
000000000000000000000000000000000000000000000000011111111111111111111111111111111111111111111110000000000000000000000000
000000000000000000000000000000000000000000000000001111111111111111111111111111111111111111111111000000000000000000000000
000000000000000000000000000000000000000000000000001111111111111111111111111111111111111111111111100000000000000000000000
000000000000000000000000000000000000000000000000000111111111111111111111111111111111111111111111100000000000000000000000
000000000000000000000000000000000000000000000000000111111111111111111111111111111111111111111111110000000000000000000000
000000000000000000000000000000000000000000000000000111111111111101111111111111111111111111111111110000000000000000000000
000000000000000000000000000000000000000000000000011111111111111101111111111111111111111111111111100000000000000000000000
000000000000000000000000000000000000000000000000000011111111111100001111111111111111111111111111100000000000000000000000
000000000000000000000000000000000000000000000000000001111111111111111111111111111111111111111111000000000000000000000000
000000000000000000000000000000000000000000000000000001111111111111110000000111111111111111111100000000000000000000000000
000000000000000000000000000000000000000000000000000111111111111111000000000001110111111111100000000000000000100000000000
000000000000000000000000000000000000000000000000011111111111111111100011000000000000000000000000000000000000100000000000
000000000000000000000000000000000000000000000001111111111111111111100000000000000000000000000000000000000000000000000000
000000000000000000000000000000000000000000000111111111111111111111100000000000000000000000000000000000000000000000000000
000000000000000000000000000000000000000000111111111111111111111111100000000000000000000000000000000000000000000000000000
000000000000000000000000000000000000001111111111111111111111111111100000000000000000000000000000000000000000000000000000
000000000000000000000000000000000001111111111111111111111111111111100000000000000000000000000000000000000000000000000000
000000000000000000000000000000000111111111111111111111111111111111110000000000000000000000000000000000000000000000000000
000000000000000000000000000000011111111111111111111111111111111111110000000000000000000000000000000000000001100000000000
000000000000000000000000000000111111111111111111111111111111111111110000000000000000000000000000000000000000000000000000
000000000000000000000000000000111111111111111111111111111111111111111000000000000000000000000000000000000000000000000000
000000000000000000000000000000001111111111111111111111111111111111111000000000000000000000000000000000000000000000000000
000000000000000000000000000000000111111111111111111111111111111111111000000000000000000000000000000000000000000000000000
000000000000000000000000000000000000111111111111111111111111111111111000000000000000000000000000000000000000000000000000
