111111111111111111111111111111111111111000000000000000000000000000000000000000000000000011111111110000000000000000001111
111111111111111111111111111111111111111101010000000000000000000000000000000000000000000011111111110000000000000000001111
111111111111111111111111111111111111111111011000000000000000000000000000000000000000011001111111110000000000000000001111
111111111111111111111111111111111111111111111011100000000000000000000000000000000000111111111111110000000000000000001111
111111111111111111111111111111111111111111111111001000000000000000000000011000001111111111111111110000000000000000111111
111111111111111111111111111111111111111111111111111000000000000000001000111010111111111111111111111000000000000000111110
000011111111111111111111111111111111111111111111110000000000000000000011111111111111111111111111111000000000000000000000
000000000000011111000000000000011111111111000000000000000000000000000000000011111111111110000000000000000000000000000000
000000000000000000000000000000001111110000000000000000000000000000000000000000001111111000000000000000000000000000000000
000000111111111111110000000000000110000000000000000000000000000000000000000000000011110000000100000000000000000111000000
000000011111111111000000011100000000000000000000000000000000000000000000000000000000000000011100000000000001001110000000
000000001111111110000000001111000000000000000000000000000000000000000000000000000000000000111000000000000001111110000000
000000001111111100000000000110000000000000000000000000000000000000000000000000000000000000000000000000000011111100000000
000000000111111000000000000000000000000000000000000000000000000000000000000000000000000000000000000000000011111100000000
000000001111111000000000000000000000000000000000000000000000000000000000000000000000000000000000000000000111111110000000
000000011111111000000000000000000000000000000000000000000000000000000000000000000000000000000000000000000111111110000000
000000011111111000000000000000000000000000000000000000000000000000000000000000000000000000000000000000001111111111000000
000000111111111100000000000000000000000000000000000000000000000000000000000000000000000000000000000000001111111111100000
000001111111111100000000000000000000000000000000000000000000000000000000000000000000000000000000000000001111111111100000
000001111111111110000000000000000000000000000000000000000000000000000000000000000000000000000000000000011111111111110000
000011111111111110000000000000000000000000111111111111111111111111111111111111111111111111111111111111111111111111111111
011111111111111111111111111111111111111111111111111111111111111111111111111111111111111111111111111111111111111111111111
111111111111111111111111111111111111111111111111111111111111111111111111111111111111111111111111111111111111111111111111
111111111111111111111111111111111111111111111111111111111111111111111111111111111111111111111111111111111111111111111111
111111111111111111111111111111111111111111111111110000000000000000000000000000000000000000000000011001111111111111111111
111111111111111111110000000000000000000000000000000000000000000000000000000000000000000000000000001011111111111111111111
111111111111111111100000000000000000000000000000000000000000000000000000000000000000000000000000000111111111111111111111
111111111111111111100000000000000000000000000000000000000000000000000000000000000000000000000000000011111111111111111111
111111111111111111000000000000000000000000000000000000000000000000000000000000000000000000000000000011111111111111111111
111111111111111110000000000000000000000000000000000000000000000000000000000000000000000000000000000001111111111111111111
111111111111111110000000000000000000000000000000000000000000000000000000000000000000000000000000000001111111111111111111
111111111111111100000000000000001000000000000000000000000000000000000000000000000000000000000000000000111111111111111111
111111111111111100000000000000011000000000000000000000000000000000000000000000000000000000000000000000111111111111111111
111111111111111100000000000000111000000000000000000000000000000000000000000000000000001100000000000000011111111111111111
111111111111110000000000000001111000000000000000000000000000000000000000000000000000001100000000000000001111111111111111
111111111000000000000000000001111100000000000000000000000000000000000000000000000000001110000000000000000000011111111111
111110000000000000000000000011111100000000000000000000000000000000000000000000000000001111000000000000000000000001111111
100000000000000000000000001111111000000000000000000000000000000000000000000000000000001111100000000000000000000000000111
000000000000000000000000011111111000000000000000000000000000000000000000000000000000001111110000000000000000000000000000
000000000000000000000000111111111000000000000000000000000000000000000000000000000000000111111100000000000000000000000000
