000000000000000000000000000000000000000000000000000000000001111111111111111111111111111111111111111111111111111111111111
000000000000000000000000000000000000000000000000000000000001111111111111111111111111111111111111111111111111111111111111
000000000000000000000000000000000000000000000000000000000001111111111111111111111111111111111111111111111111111111111111
000000000000000000000000000000000000000000000000000000000001111111111111111111111111111111111111111111111111111111111111
000000000000000000000000000000000000000000000000011000000001111111111111111111111111111111111111111111111111111111111111
000000000000000000000000000000000000000000000000011110000001111111111111111111111111111111111111111111111111111111111111
000000000000000000000000000000000000000000000000011110000001111111111111111111111111111111111111111111111111111111111111
000000000000000000000000000000000000000000000000011111000001111111111111111111111111111111111111111111111111111111111111
000000000000000000000000000000000000000000000000011111000001111111111111111111111111111111111111111111111111111111111111
000000000000000000000000000000000000000000000000001111000001111111111111111111111111111111111111111111111111111111111111
000000000000000000000000000000000000000000000000001111000001111111111111111111111111111111111111111111111111111111111111
000000000000000000000000000000000000000000000000001111100001111111111111111111111111111111111111111111111111111111111111
000000000000000000000000000000000000000000000000000111100001111111111111111111111111111111111111111111111111111111111111
000000000000000000000000000000000000000000000000000111100001111111111111111111111111111111111111111111111111111111111111
000000000000000000000000000000000000000000000000000011110001111111111111111111111111111111111111111111111111111111111111
000000000000000000000000000000000000000000000000000011110001111111111111111111111111111111111111111111111111111111111111
000000000000000000000000000000000000000000000000000001111001111111111111111111111111111111111111111111111111111111111111
000000000000000000000000000000000000000000000000000001111001111111111111111111111111111111111111111111111111111111111111
000000000000000000000000000000000000000000000000000011111101111111111111111111111111111111111111111111111111111111111111
000000000000000000000000000000000000000000000000000111111101111111111111111111111111111111111111111111111111111111111111
000000000000000000000000000000000000000000000000000111111001111111111111111111111111111111111111111111111111111111111111
000000000000000000000000000000000000000000000000011111111101111111111111111111111111111111111111111111111111111111111111
000000000000000000000000000000000000000000000000011111111101111111111111111111111111111111111111111111111111111111111111
000000000000000000000000000000000000000000000000011111101001111111111111111111111111111111111111111111111111111111111111
000000000000000000000000000000000000000000000000011111101111111111111111111111111111111111111111111111111111111111111111
000000000000000000000000000000000000000000000000011111111110000111111111111111111111111111111111111111111111111111111111
000000000000000000000000000000000000000000000001111111111110000000011111111111111111111111111111111111111111111111111111
000000000000000000000000000000000000000000000001111111111110000000001111111111111111111111111111111111111111111111111111
000000000000000000000000000000000000000000000111111111111110000000000111111111111111111111111111111111111111111111111111
000000000000000000000000000000000000000000001111111111111110000000000011111111111111111111111111111111111111111111111111
000000000000000000000000000000000000000000001111111111111110000000000011111111111111111111111111111111111111111111111111
000000000000000000000000000000000000000000000111111111111110000000001111111111111111111111111111111111111111111111111111
000000000000000000000000000000000000000000000011111111111110000000001111111111111111111111111111111111111111111111111111
000000000000000000000000000000000000000000000111111111111110000000001111111111111111111111111111111111111111111111111111
000000000000000000000000000000000000000000000111111111111110000000011111111111111111111111111111111111111111111111111111
000000000000000000000000000000000000000000011000111111111110000000011111111111111111111111111111111111111111111111111111
000000000000000000000000000000000000000000010000011111111110000000001111111111111111111111111111111111111111111111111111
000000000000000000000000000000000000000000001100011111111110000000001111111111111111111111111111111111111111111111111111
000000000000000000000000000000000000000000000011111111111110000000000111111111111111111111111111111111111111111111111111
000000000000000000000000000000000000000000000000001111111110000000000000111111111111111111111111111111111111111111111111
