000000000000000000000000000000000000000000000000000000000000000000000000000000000000000000000000000000000001100000000000
000000000000000000000000000000000000000000000000000000000000000000000000000000000000000000000000000000000001100000000000
000000000000000000000000000000000000000000000000000000000000000000000000000000000000000000000000000000000001100000000000
000000000000000000000000000000000000000000000000000000000000000000001100111111000000000000000000000000000001100000000000
000000000000000000000000000000000000000000000000000000000000000111111111111111111111110000000000000000000001110000000000
000000000000000000000000000000000000000000000000000000000000000011111111111111111111111111000000000000000000110000000000
000000000000000000000000000000000000000000000000000000000000001111111111111111111111111111111000000000000000110000000000
000000000000000000000000000000000000000000000000000000000000011111111111111111111111111111111100000000000000110000000000
000000000000000000000000000000000000000000000000000000000000000111111111111111111111111111111110000000000000111110000000
000000000000000000000000000000000000000000000000000000000000000111111111111111111111111111111111000000000011111000000000
000000000000000000000000000000000000000000000000000000000000001111111111111111111111111111111111000000000000111110000000
000000000000000000000000000000000000000000000000000000000000011111111111111111111111111111111111100000000000111111000000
000000000000000000000000000000000000000000000000000000000000001111111111111111111111111111111111100000000001111111100000
000000000000000000000000000000000000000000000000000000000000001111111111111111111111111111111111110000000011111111111100
000000000000000000000000000000000000000000000000000000000000000011111111111111111111111111111111111000000011111111111110
000000000000000000000000000000000000000000000000000000000000000000000111111111111111111111111111100000000011111111111100
000000000000000000000000000000000000000000000000000000000000000000000011111111111111111111111111000000000001111111111100
000000000000000000000000000000000000000000000000000000000000000000000011111111111111111111110010000000000000111111111111
000000000000000000000000000000000000000000000000000000000000000000000011111011111111111111000000000000000001111111111100
000000000000000000000000000000000000000000000000000000000000000000000001111111111111111111111111100000001111111111110000
000000000000000000000000000000000000000000000000000000000000000000000001111111111111111111111111111000001111111111110000
000000000000000000000000000000000000000000000000000000000000000000000011111111111111111111111111111100011111111111110000
000000000000000000000000000000000000000000000000000000000000000000000111111111111111111111111111111101111111111101100000
000000000000000000000000000000000000000000000000000000000000000000000011111111111111111111111111111111111111111000000000
000000000000000000000000000000000000000000000000000000000000000000000011111111111111111111111111111111111111110000000000
000000000000000000000000000000000000000000000000000000000000000000000011111111111111111111111111111111111111000000000000
000000000000000000000000000000000000000000000000000000000000000000000001111111111111111111111111111111111110000000000000
000000000000000000000000000000000000000000000000000000000000000000000001111111111111111111111111111111111100000000000000
000000000000000000000000000000000000000000000000000000000000000000000000111111111111111111111111111111110000000000000000
000000000000000000000000000000000000000000000000000000000000000000000000011111111111111111111111111111100000000000000000
000000000000000000000000000000000000000000000000000000000000000000000000011111111111111111111111111111000000000000000000
000000000000000000000000000000000000000000000000000000000000000000000000001111111111111111111111111111111100000000000000
000000000000000000000000000000000000000000000000000000000000000000000000001111111111111111111111111111111110000000000000
000000000000000000000000000000000000000000000000000000000011111111111000000111111111111111111111111111111111000000000000
000000000000000000000000000000000000000000000000000000000011111111111111111111111111111111111111111111111111000000000000
000000000000000000000000000000000000000000000000000000000001111111111111111111111111111111111111111111111110000000000000
000000000000000000000000000000000000000000000000000000000000111111111111111111111111111111111111111111111110000000000000
000000000000000000000000000000000000000000000000000000000000001111111111111111111111111111111111111100011000000000000000
000000000000000000000000000000000000000000000000000000000000000111111111111111111111111111111111110000000000000000000000
000000000000000000000000000000000000000000000000000000000000000011111111111111111111111111111111110000000000000000000000
