111111111111111111111111111111111111111111111111111111111111111100000000000000010000000000000000000000000001111111111111
111111111111111111111111111111111111111111111111111111111111111100000000000000011111110000000000000000000011111111111111
111111111111111111111111111111111111111111111111111111111111111100000000000000000111111111111000000000001111111111111110
111111111111111111111111111111111111111111111111111111111111111100000000000000000001111111111111111100111111111111111111
111111111111111111111111111111111111111111111111111111111111111100000000000000000000000000111111111111111111111111111111
111111111111111111111111111111111111111111111111111111111111111100000000000000000000000000000000000000111111111111111111
111111111111111111111111111111111111111111111111111111111111111100000000000000000000000000000000000000001111111111111111
111111111111111111111111111111111111111111111111111111111111111100000000000000000000000000000000000000000000011111111111
111111111111111111111111111111111111111111111111111111111111111100000000000000000000000000000000000000000000000011111111
111111111111111111111111111111111111111111111111111111111111111100000000000000000000000000000000000000000000000011100000
111111111111111111111111111111111111111111111111111111111111111100000000000000000000000000000000000000000000000000000000
111111111111111111111111111111111111111111111111111111111111111100000000000000000000000000000000000000000000000000000000
111111111111111111111111111111111111111111111111111111111111111100000000000000000000000000000000000000000000000000000000
111111111111111111111111111111111111111111111111111111111111111100000000000000000000000000000000000000000000000000000000
111111111111111111111101111111111111111111111111111111111111111100000000000000000000000000000000000000000000000000000000
111111111111111111000000000000011111111111111111111111111111111100000000000000000000000000000000000000000000000000000000
111111111111111100000000000000000011111111111111111111111111111100000000000000000000000000000000000000000000000000000000
111111111111111000000000000000000000111111111111111111111111111100000000000000000000000000000000000000000000000000000000
111111111111110000000000000000000000011111111111111111111111111100000000000000000000000000000000000000000000000000000000
111111111111110000000000000000000000011111111111111111111111111100000000000000000000000000000000000000000000000000000000
111111111111110000000000000000000000011111111111111111111111111100000000000000000000000000000000000000000000000000000000
111111111111111000000000000000000000111111111111111111111111111100000000000000000000000000000000000000000000000000000000
111111111111111100000000000000000001111111111111111111111111111100000000000000000000000000000000000000000000000000000000
111111111111111111100000000000000111111111111111111111111111111100000000000000000000000000000000000000000000000000000000
111111111111111111111111111111111111111111111111111111111111111100000000000000000000000000000000000000000000000000000000
111111111111111111111111111111111111111111111111111111111111111100000000000000000000000000000000000000000000000000000000
111111111111111111111111111111111111111111111111111111111111111100000000000000000000000000000000000000000000000000000000
111111111111111111111111111111111111111111111111111111111111111100000000000000000000000000000000000000000000000000000000
111111111111111111111111111111111111111111111111111111111111111100000000000000000000000000000000000000000000000000000000
111111111111111111111111111111111111111111111111111111111111111100000000000000000000000000000000000000000000000000000000
111111111111111111111111111111111111111111111111111111111111111100000000000000000000000000000000000000000000000000000000
111111111111111111111111111111111111111111111111111111111111111100000000000000000000000000000000000000000000000000000000
111111111111111111111111111111111111111111111111111111111111111100000000000000000000000000000000000000000000000000000000
111111111111111111111111111111111111111111111111111111111111111100000000000000000000000000000000000000000000000000000000
111111111111111111111111111111111111111111111111111111111111111100000000000000000000000000000000000000000000000000000000
111111111111111111111111111111111111111111111111111111111111111100000000000000000000000000000000000000000000000000000000
111111111111111111111111111111111111111111111111111111111111111100000000000000000000000000000000000000000000000000000000
111111111111111111111111111111111111111111111111111111111111111100000000000000000000000000000000000000000000000000000000
111111111111111111111111111111111111111111111111111111111111111100000000000000000000000000000000000000000000000000000000
111111111111111111111111111111111111111111111111111111111111111100000000000000000000000000000000000000000000000000000000
