111111111111111111111111111111111111111111111111111111111111111111111111111111111111111111111111111111111111111111111111
111111111111111111111111111111111111111111111111111111111111111111111111111111111111111111111111111111111111111111111111
111111111111111111111111111111111111111111111111111111111111111111111111111111111111111111111111111111111111111111111111
111111111111111111111111111111111111111111111111111111111111111111111111111111111111111111111111111111111111111111111111
111111111111111111111111111111111111111111111111111111111111111111111111111111111111111111111111111111111111111111111111
111111111111111111111111111111111111111111111111111111111111111111111111111111111111111111111111111111111111111111111111
111111111111111111111111111111111111111111111111111111111111111111111111111111111111111111111111111111111111111111111111
111111111111111111111111111111111111111111111111111111111111111111111111111111111111111111111111111111111111111111111111
111111111111111111111111111111111100000000111111111111111111111111111111111111111111111111111111111111111111111111111111
111111111111111111111111111111111000000000001111111111111111111111111111111111111111111111111111111111111111111111111111
111111111111111111111111111111110000000000000111111111111111111111111111111111111111111111111111111111111111111111111111
111111111111111111111111111111000000000000000011111111111111111111111111111111111111111111111111111111111111111111111111
111111111111111111111111111111000000000000000001111111111111111111111111111111111111111111111111111111111111111111111111
111111111111111111111111111111110000000000000001111111111111111111111111111111111111111111111111111111111111111111111111
111111111111111111111111111111111100000001111111111111111111111111111111111111111111111111111111111111111111111111111111
111111111111111111111111111111111000000000111111111111111111111111111111111111111111111111111111111111111111111111111111
111111111111111111111111111111100000000000111111111111111111111111111111111111111111000000011111111111111111111111111111
111111111111111111111111111111000000000000011111111111111111111111111111111111111100000000000111111111111111111111111111
111111111111111111111111111110000000000000011111111111111111111111111111111100000000000000001111111111111111111111111111
111111111111111111111111111111000000000000111111111111111111111111111111111000000000000000000111111111111111111111111111
111111111111111111111111111111100000000000011111111111111111111111111111111100000000000000000001111111111111111111111111
111111111111111111111111111111100000000000011111111111111111111111111111111111000000000000000000111111111111111111111111
111111111111111111111111111111000000000000011111111111111111111111111111111111110000000000000000111111111111111111111111
111111111111111111111111111110000000000000111111111111111111111111111111111111110000000000111111111111111111111111111111
111111111111111111111111111100000000000001111111111111111111111111111111111111100000000001111111111111111111111111111111
111111111111111111111111111100000000000000111111111111111111111111111111111111000000000000111111111111111111111111111111
111111111111111111111111111000000000000000111111111111111111111111111111111111000000000000011111111111111111111111111111
111111111111111111111111111000000000000000011111111111111111111111111111111110000000000000001111111111111111111111111111
111111111111111111111111111000000000000000001111111111111111111111111111111000000000000000000011111111111111111111111111
111111111111111111111111111000000000000000001111111111111111111111111111110000000000000000000000111111111111111111111111
111111111111111111111111110000000000000000000111111111111111111111111111110000010000000000000000111111111111111111111111
111111111111111111111111110000000000000000000111111111111111111111111111111001110000000000011100011111111111111111111111
111111111111111111111111110000000000000000000011111111111111111111111111111111100000000000011111111111111111111111111111
111111111111111111111111100000000000000000000011111111111111111111111111111111000000000000001111111111111111111111111111
111111111111111111111111100000000000000000000011111111111111111111111111111111000000000000001111111111111111111111111111
111111111111111111111111100000000000000000000011111111111111111111111111111110000000000000000111111111111111111111111111
111111111111111111111111100000000000000000000001111111111111111111111111111110000000000000000111111111111111111111111111
111111111111111111111111100000000000000000000001111111111111111111111111111100000000000000000011111111111111111111111111
111111111111111111111111000000000000000000000000111111111111111111111111111111110000000000000011111111111111111111111111
111111111111111111111111000000000000000000000000111111111111111111111111111111111000010000111111111111111111111111111111
