000000000000000000000000000000000000000000000000000000000000000000000000000000000000000000000000000000000000000000000000
000000000000000000000000000000000000000000000000000000000000000000000000000000000000000000000000000000000000000000000000
000000000000000000000000000000000000000000000000000000000000000000000000000000000000000000000000000000000000000000000000
000000000000000000000000000000000000000000000000000000000000000000000000000000000000000000000000000000000000000000000000
000000000000000000000000000000000000000000000000000000000000000000000000000000000001111111000000000000000000000000000000
000000000000000000000000000000000000000000000000000000000000000000000000000000000011111111000000000000000000000000000000
000000000000000000000000000000000000000000000000000000000000000000000000000000000111111111100000000000000000000000000000
000000000000000000000000000000000000000000000000000000000000000000000000000000011111111111110000000000000000000000000000
000000000000000000000000000000000000000000000000000000000000000000000000000111111111111111111111111110000000000000000000
000000000000000000000000000000000000000000000000000000000000000000000001111111111111111111111111111110000000000000000000
000000000000000000000000000000000000000000000000000000000000000000000000000000011111111111111111111000000000000000000000
000000000000000000000000000000000000000000000000000000000000000000000000000000001111111111111111111100000000000000000000
000000000000000000000000000000000000000000000000000000000000000000000000000000001111111111111111000000000000000000000000
000000000000000000000000000000000000000000000000000000000000000000000000000111111111111111111100000000000000000000000000
000000000000000000000000000000000000000000000000000000000000000000000000011111111111111111111000000000000000000000000000
000000000000000000000000000000000000000000000000000000000000000000000001111111111111111111111000111111000000000000000000
000000000000000000000000000000000000000000000000000000000000000000000000000011000111111111111111111111111111111111101000
000000000000000000000000000000000000000000000000000000000000000000000000000000000011111111111111111111111111111111111000
000000000000000000000000000000000000000000000000000000000000000000000000000000000011111111111111111111111111111111111111
000000000000000000000000000000000000000000000000000000000000000000000000000000000011111111111111111111111111111111111111
000000000000000000000000000000000000000000000000000000000000000000000000000000000011111111111111111111111111111111111111
000000000000000000000000000000000000000000000000000000000000000000000000000000011111111111111111111111111111111111111111
000000000000000000000000000000000000000000000000000000000000000000000000000011111111111111111111111111111111111111111111
000000000000000000000000000000000000000000000000000000000000000000000000000111111111111111111111111111111111111111111111
000000000000000000000000000000000000000000000000000000000000000000000000011111111111111111111111111111111111111111111111
000000000000000000000000000000000000000000000000000000000000000000000000001111111111111111111111111111111111111111111111
000000000000000000000000000000000000000000000000000000000000000000000000000001111111111110001111111111111111111111111111
000000000000000000000000000000000000000000000000000000000000000000000000000000010011111100000111111111111111111111111111
000000000000000000000000000000000000000000000000000000000000000000000000000000000011111100000111111111001111111111111111
000000000000000000000000000000000000000000000000000000000000000000000000000000000001111000000011111110000000011100001100
000000000000000000000000000000000000000000000000000000000000000000000000000000000000010000000001111000000000001100000000
000000000000000000000000000000000000000000000000000000000000000000000000000000000000000000000000000000000000000000000000
000000000000000000000000000000000000000000000000000000000000000000000000000000000000000000000000000000000000000000000000
000000000000000000000000000000000000000000000000000000000000000000000000000000000000000000000000000000000000000000000000
000000000000000000000000000000000000000000000000000000000000000000000000000000000000000000000000000000000000000000000000
000000000000000000000000000000000000000000000000000000000000000000000000000000000000000000000000000000000000000000000000
000000000000000000000000000000000000000000000000000000000000000000000000000000000000000000000000000000000000000000000000
000000000000000000000000000000000000000000000000000000000000000000000000000000000000000000000000000000000000000000000000
000000000000000000000000000000000000000000000000000000000000000000000000000000000000000000000000000000000000000000000000
110000000000000000000000000000000000000000000000000000000000000000000000000000000000000000000000000000000000000000000000
