000000000000000000000000000000000000000000000000000000000000000000000000000000000000000000000000000000000000000000000000
000000000000000000000000000000000000000000000000000000000000000000000000000000000000000000000000000000000000000000000000
000000000000000000000000000000000000000000000000000000000000000000000000000000000000000000000000000000000000000000000000
000000000000000000000000000000000000000000000000000000000000000000000000000000000000000000000000000000000000000000000000
000000000000000000000000000000000000000000000000000000000000000000000000000000000000000000000000000000000000000000000000
000000000000000000000000000000000000000000000000000000000000000000000000000000000000000000000000000000000000000000000000
000000000000000000000000000000000000000000000000000000000000000000000000000000000000000000000000000000000000000000000000
000000000000000000000000000000000000000000100000000000010000000000000000000000000000000000000000000000000000000000000000
000000000000000000000000000000000000000000001111111111100000000000000000000000000000000000000000000000000000000000000000
000000000000000000000000000000000000000000011111111111111110000000000000000000000000000000000000000000000000000000000000
000000000000000000000000000000000000000000111111111111110000000000000000000000000000000000000000000000000000000000000000
000000000000000000000000000000000000000000011111111111111000000000000000000000000000000000000000000000000000000000000000
000000000000000000000000000000000000000000011111111111111000000000000000000000000000000000000000000000000000000000000000
000000000000000000000000000000000000000000011111111111111100000000000000000000000000000000000000000000000000000000000000
000000000000000000000000000000000000000000110011111111111110000000000000000000000000000000000000000000000000000000000000
000000000000000000000000000000000000000001111111111111111111100000000000000000000000000000000000000000000000000000000000
000000000000000000000000000000000000000011111111111111111111111100000000000000000000000000000000000000000000000000000000
000000000000000000000000000000000000000011111111111111111111111111100000000000000000000000000000000000000000000000000000
000000000000000000000000000000000000000111111111111111111111111111111000000000000000000000000000000000000000000000000000
000000000000000000000000000000000000001111111111111111101111111111111100000000000000000000000000000000000000000000000000
000000000000000000000000000000000000111110001111111111000011111111111100000000000000000000000000000000000000000000000000
000000000000000000000000000000000011111100001111111111100000000111111000000000000000000000000000000000000000000000000000
000000000000000000000000000000001111101000111111111111111111000111110000000000000000000000000000000000000000000000000000
000000000000000000000000000001111110000000111111111111111111000011110000000000000000000000000000000000000000000000000000
000000000000000000000000000001111000000011111111111111111111000111100000000000000000000000000000000000000000000000000000
000000000000000000000000000000000000000111111111111111111100000000000000000000000000000000000000000000000000000000000000
000000000000000000000000000000000000011111111111111111111110000000000000000000000000000000000000000000000000000000000000
000000000000000000000000000000000001111111111111111111111111000000000000000000000000000000000000000000000000000000000000
000000000000000000000000000000000111111111111111111111111111100000000000000000000000000000000000000000000000000000000000
000000000000000000000000000000011111111111111111111111111111100000000000000000000000000000000000000000000000000000000000
000000000000000000000000001111111111111111111111111111111111100000000000000000000000000000000000000000000000000000000000
000000000000000000000000111111111111111111111111111111111111100000000000000000000000000000000000000000000000000000000000
000000000000000000000111111111111111111111111111111111111111111000000000000000000000000000000000000000000000000000000000
000000000000000000000111111111111111111111111111111111111111111100000000000000000000000000000000000000000000000000000000
000000000000000000000111111111111111111111111111111111111111111111110000000000000000000000000000000000000000000000000000
000000000000000000000111111111111111111111111111111111111111111111111000000000000000000000000000000000000000000000000000
000000000000000000000000111111111111111111111111111111111111111111111000000000000000000000000000000000000000000000000000
000000000000000000000000001111111111111111111111111111111111111111110000000000000000000000000000000000000000000000000000
000000000000000000000000000001111111111111111111111111111111111111000000000000000000000000000000000000000000000000000000
000000000000000000000000000000000000011111111111111111111111111110000000000000000000000000000000000000000000000000000000
