000000000000000000000000000000000000000000000000000000000000111111111111111111111111111111111111111111111111111111111111
000000000000000000000000000000000000000000000000000000000000111111111111111111111111111111111111111111111111111111111111
000000000000000000000000000000000000000000000000000000000000111111111111111111111111111111111111111111111111111111111111
000000000000000000000000000000000000000000000000000000000000111111111111111111111111111111111111111111111111111111111111
000000000000000000000000000000000000000000000000000000000000111111111111111111111111111111111111111111111111111111111111
000000000000000000000000000000000000000000000000000000000000111111111111111111111111111111111111111111111111111111111111
000000000000000000000000000000000000000000000000000000000000111111111111111111111111111111111111111111111111111111111111
000000000000000000000000000000000000000000000000000000000000111111111111111111111111111111111111111111111111111111111111
000000000000000000000000000000000000000000000000000000000000111111111111111111111111111111111111111111111111111111111111
000000000000000000000000000000000000000000000000000000000001011111111111111111111111111111111111111111111111111111111111
000000000000000000000000000000000000000000000000000000001111000011111111111111111111111111111111111111111111111111111111
000000000000000000000000000000000000000000000000011111111111000000000000111111111111111111111111111111111111111111111111
000000000000000000000000000000000000000000000000011111111111000000000001111111111111111111111111111111111111111111111111
000000000000000000000000000000000000000000000000011111111111000000000001111111111111111111111111111111111111111111111111
000000000000000000000000000000000000000000000001111111111111000000000000011111111111111111111111111111111111111111111111
000000000000000000000000000000000000000000000000111111111111000000000001111111111111111111111111111111111111111111111111
000000000000000000000000000000000000000000000001111111111111000000000000001111111111111111111111111111111111111111111111
000000000000000000000000000000000000000000000001001111111111000000000011101111111111111111111111111111111111111111111111
000000000000000000000000000000000000000000000000100111111111000000000011011111111111111111111111111111111111111111111111
000000000000000000000000000000000000000000000000011001111111000000001100111111111111111111111111111111111111111111111111
000000000000000000000000000000000000000000000000000111101111000011000011111111111111111111111111111111111111111111111111
000000000000000000000000000000000000000000000000001111111111000000000011111111111111111111111111111111111111111111111111
000000000000000000000000000000000000000000000000011111111111000000000001111111111111111111111111111111111111111111111111
000000000000000000000000000000000000000000000000111111111111000000000000111111111111111111111111111111111111111111111111
000000000000000000000000000000000000000000000001111111111111000000000000011111111111111111111111111111111111111111111111
000000000000000000000000000000000000000000000001111111111111000000000000001111111111111111111111111111111111111111111111
000000000000000000000000000000000000000000000001111111111111000000000000001111111111111111111111111111111111111111111111
000000000000000000000000000000000000000000000011111111111111000000000000001111111111111111111111111111111111111111111111
000000000000000000000000000000000000000000000000111111111111000000000000111111111111111111111111111111111111111111111111
000000000000000000000000000000000000000000000000111111111111000000000000111111111111111111111111111111111111111111111111
000000000000000000000000000000000000000000000000011111111111000000000000111111111111111111111111111111111111111111111111
000000000000000000000000000000000000000000000000011111111111000000000000111111111111111111111111111111111111111111111111
000000000000000000000000000000000000000000000000011111111111000000000000111111111111111111111111111111111111111111111111
000000000000000000000000000000000000000000000000011111111111000000000000111111111111111111111111111111111111111111111111
000000000000000000000000000000000000000000000000011111111111000000000000111111111111111111111111111111111111111111111111
000000000000000000000000000000000000000000000000111111111111000000000000111111111111111111111111111111111111111111111111
000000000000000000000000000000000000000000000001111111111111000000000000011111111111111111111111111111111111111111111111
000000000000000000000000000000000000000000000011111111111111000000000000001111111111111111111111111111111111111111111111
000000000000000000000000000000000000000000000011111111111111000000000000001111111111111111111111111111111111111111111111
000000000000000000000000000000000000000000001111111111111111000000000000000011111111111111111111111111111111111111111111
