111111111111000000000000111111111111111111110000000000000000000000000000000000000000011111111111111111111111111111111111
111111111100000000000000011111111111111111110000000000000000000000000000000000000001111111111111111111111111111111111111
111111111000000000000000001111111111111111111000000000000000000000000000000000000111111111111111111111111111111111111111
111111100000000000000000000111111111111111111100000000000000000000000000000000011111111111111111111111111111111111111111
111111000000000000000000000011111111111111111100000000000000000000000000000000111111111111111111111111111111111111111111
111110000000000000000000000001111111111111111110000000000000000000000000000001111111111111111111110111111111111111111111
111000000000000000000000000000111111111111111110000000000000000000000000000111111111111111111110000000111111111111111111
111000000000000000000000000000011111111111111111000000000000000000000000001111111111111111111000000000001111111111111111
110000000000000000000000000000001111111111111111000000000000000000000000011111111111111111000000000000000111111111111111
100000000000000000000000000000000111111111111111100000000000000000000000111111111111111100000000000000000001111111111111
100000000000000000000000000000000011111111111111100000000000000000000001111111111111110000000000000000000000111111111111
000000000000000000000000000000000001111111111111110000000000000000000001111111111111000000000000000000000000001111111111
000000000000000000000000000000000000111111111111110000000000000000000011111111111110000000000000000000000000000111111111
000000000000000000000000000000000000111111111111110000000000000000000011111111111100000000000000000000000000000011111111
000000000000000000000000000000000000011111111111111000000000000000000111111111111000000000000000000000000000000001111111
000000000000000000000000000000000000011111111111111000000000000000000111111111111000000000000000000000000000000001111111
100000000000000000000000000000000000001111111111111000000000000000000111111111110000000000000000000000000000000000111111
100000000000000000000000000000000000000111111111111000000000000000000111111111110000000000000000000000000000000000111111
110000000000000000000000000000000000000111111111111100000000000000000111111111100000000000000000000000000000000000111111
111000000000000000000000000000000000000011111111111100000000000000001111111111100000000000000000000000000000000000011111
111100000000000000000000000000000000000011111111111100000000000000001111111111100000000000000000000000000000000000011111
111111100000011111111000000000000000000001111111111100000000000000001111111111000000000000000000000000000000000000011111
111111111111111111111110000000000000000001111111111111111111111111111111111111000000000000000000000000000000000000011111
111111111111111111111111111111000000000000111111111111111111111111111111111111000000000000000000000000000000000000011111
111111111111111111111111111111000000000000111111111111111111111111111111111110000000000000000000000000000000000000011111
111111111111111111111111111110000000000000111111111111111111111111111111111111000000000000000000000000000000000000011111
111111111111111111111111111000000000000011111111111111111111111111111111111111110000000000000000000000000000000000011111
111111111111111111111111100000000000001111111111111111111111111111111111111111111100000000000000000000000000000000011111
111111111111111111111111111000000000111111111111111111111111111111111111111111111111000000000000000000000000000000011111
111111111111111111111111111110000001111111111111111111111111111111111111111111111111100000000000000000000000000000001111
111111111111111111111111111111000011111111111111111111111111111111111111111111111111110000000000000000000000000000001111
111111111111111111111111111111000011111111111111111111111111111111111111111111111111110000000000000000000000000000000011
111111111111111111111111111111110111111111111111111111111111111111111111111111111111111000000000000000000000000000000001
111111111111111111111111111111111111111111111111111111111111111111111111111111111111111100000000000000000000000000000001
111111111111111111111111111111111111111111111111111111111111111111111111111111111111111100000000000000000000000000000000
111111111111111111111111111111111111111111111111111111111111111111111111111111111111111110000000000000000000000010000000
111111111111111111111111111111111111111111111111111111111111111111111111111111111111111100000000000000000000000001111110
111111111111111111111111111111111111111111111111111111111111111111111111111111111111111100000000000000000000000000111111
111111111111111111111111111111111111111111111111111111111111111111111111111111111111111100000000000000000000000001111111
111111111111111111111111111111110111111111111111111111111111111111111111111111111111111000000000000000000000000000111111
