111111111111111111111111111111111111111111111111111111111111111111111111111111111111111111111111111111111111111111111111
111111111111111111111111111111111111111111111111111111111111111111111111111111111111111111111111111111111111111111111111
111111111111111111111111111111111111111111111111111111111111111111111111111111111111111111111111111111111111111111111111
111111111111111111111111111111111111111111111111111111111111111111111000011111111111111111111111111111111111111111111111
111111111111111111111111111111111111111111111111111111111111111111110000000000111111111111111111111111111111111111111111
111111111111111111111111111111111111111111111111111111111111111000000000000000000011111111111111111111111111111111111111
111111111111111111111111111111111111111111111111111111111111110000000000000000000000111111111111111111111111111111111111
111111111111111111111111111111111111111111111111111111111111100000000000000000000000011111111111111111111111111111111111
111111111111111111111111111111111111111111111111111111111111100000000000000000000000001111111111111111111111111111111111
111111111111111111111111111111111111111111111111111111111111000000000000000000000000001111111111111111111111111111111111
111111111111111111111111111111111111111111111111111111110000000000000000000000000000001111111111111111111111111111111111
111111111111111111111111111111111111111111111111111111110000000000000000000000000000000111111111111111111111111111111111
111111111111111111111111111111111111111111111111111111111111000000000000000000000000000111111111111111111111111111111111
111111111111111111111111111111111111111111111111111111111111111000000000000000000000000011111111111111111111111111111111
111111111111111111111111111111111111111111111111111111111111111000000000000000000000000011111111111111111111111111111111
111111111111111111111111111111111111111111111111111111111111111100000000000000000000000011111111111111111111111111111111
111111111111111111111111111111111111111111111111111111111111111100001110000000000000000001111111111111111111111111111111
111111111111111111111111111111111111111111111111111111111111111100000000000000000000000001111111111111111111111111111111
111111111111111111111111111111111111111111111111111111111111110000000000000000000000000000011111111111111111111111111111
111111111111111111111111111111111111111111111111111111111111000000000000000000000000000000001111111111111111111111111111
111111111111111111111111111111111111111111111111111111110000000000000000000000000000000000111111111111111111111111111111
111111111111111111111111111111111111111111111111000000000000000000000000000000000000000000111111111111111111111111111111
111111111111111111111111111111111111111111111110000000000000000000000000000000000000000000011111111111111111111111111111
111111111111111111111111111111111111111111110000000000000000000000000000000000000000000000001111111111111111111111111111
111111111111111111111111111111111111111111111110000000000000000000000000000000000000000000001111111111111111111111111111
111111111111111111111111111111111111111111111111100000001100000000000000000000000000000000000111111111111111111111111111
111111111111111111111111111111111111111111111111111111111110000000000000000000000000000000000011111111111111111111111111
111111111111111111111111111111111111111111111111111111111111000000000000000000000000000000000011111111111111111111111111
111111111111111111111111111111111111111111111111111111111111000000000000000000000000000000000001111111111111111111111111
111111111111111111111111111111111111111111111111111111111110000000000000000000000000000000000000111111111111111111111111
111111111111111111111111111111111111111111111111111111111000000000000000000000000000000000000001111111111111111111111111
111111111111111111111111111111111111111111111111111111111000000000000000000000000000000000000000111111111111111111111111
111111111111111111111111111111111111111111111111111111110000000000000000000000000000000000000000111111111111111111111111
111111111111111111111111111111111111111111111111111111111110000000000000000000000000000000000000111111111111111111111111
111111111111111111111111111111111111111111111111111111111110000000000000000000000000000000000000111111111111111111111111
111111111111111111111111111111111111111111111111111111111110000000000000000000000000000000000000011111111111111111111111
111111111111111111111111111111111111111111111111111111111110000000000000000000000001000000000000111111111111111111111111
111111111111111111111111111111111111111111111111111111111110000000000000000000000001101000100100111111111111111111111111
111111111111111111111111111111111111111111111111111111111100000000000000000000000001111100111111111111111111111111111111
111111111111111111111111111111111111111111111111111111111100000000000000000000000001111111111111111111111111111111111111
