111111111111111111111111111111111111111111111111111111111111111111111111111111111111111111111111111111111111111111111111
111111111111111111111111111111111111111111111111111111111111111111111111111111111111111111111111111111111111111111111111
111111111111111111111111111111111111111111111111111111111111111111111111111111111111111111111111111111111111111111111111
111111111111111111111111111111111111111111111111111111111111111111111111111111111111111111111111111111111111111111111111
111111111111111111111111111111111111111111111111111111111111111111111111111111111111111111111111111111111111111111111111
111111111111111111111001100111111111111111111111111111111111111111111111111111111111111111111111111111111111111111111111
111111111111111111111000001111111111111111111111111111111111111111111111111111111111111111111111111111111111111111111111
111111111111111111111100011111111111111111111111111111111111111111111111111111100000000011111111111111111111111111111111
111111111111111111111111111111111111111111111111111111111111100000111111111000000000000000000001111111111111111111111111
111111111111111111111111111111111111111111111111111111111111100000111111000000000000000000000000001111111111111111111111
111111111111111111111111111111111111111111111111111111111111100001111100000000000000000000000000000111111111111111111111
111111111111111111111111111111111111111111111111111111111111100001111100000000000000000000000000000011111111111111111111
111111111111111111111111111111111111111111111111111111111111100011111100000000000000000000000000000001111111111111111111
111111111111111111111111111111111111111111111111111111111111000011111100000000000000000000000000000000111111111111111111
111111111111111111111111111111111111111111111111111111111111000011111111000000000000000000000000000000011111111111111111
111111111111111111111111111111111111111111111111111111111111000011111100000000000000000000000000000000001111111111111111
111111111111111111111111111111111111111111111111111111111111000111111100000000000000000000000000000000001111111111111111
111111111111111111111111111111111111111111111111111111111110000111111100000000000000000000000000000000001111111111111111
111111111111111111111111111111111111111111111111111111111110000111111110000000000000000000000000000000001111111111111111
111111111111111111111111111111111111111111111111111111011110000111111111000000000000000000000000000000001111111111111111
111111111111111111111111111111111111111111111111111110001100000111111111110000000000000000000000000000001111111111111111
111111111111111111111111111111111111111111111111111000001100000111111111110000000000000000000000000000001111111111111111
111111111111111111111111111111111111111111111111110000000000001111111111100000000000000000000000000000011111111111111111
111111111111111111111111111111111111111111111111110000000000001111111110000000000000000000000000000000011111111111111111
111111111111111111111111111111111111111111111111111000000000001111111100000000000000000000000000000000011111111111111111
111111111111111111111111111111111111111111111111111110000000001111111000000000000000000000000000000000111111111111111111
111111111111111111111111111111111111111111111111111111100000000111100000000000000000000000000000000000111111111111111111
111111111111111111111111111111111111111111111111111111110000000001100000000000000000000000000000000000111111111111111111
111111111111111111111111111111111111111111111111111111110000000000000000000000000000000000000000000000111111111111111111
111111111111111111111111111111111111111111111111111111000000000000000000000000000000000000000000000000111111111111111111
111111111111111111111111111111111111111111111111111110000000000000000000000000000000000000000000000000111111111111111111
111111111111111111111111111111111111111111111111111110000000000000000000000000000000000000000000000000111111111111111111
111111111111111111111111111111111111111111111111111110000000000000000000000000000000000000000000000000011111111111111111
111111111111111111111111111111111111111111111111111110000000000000000000000000000000000000000000000000011111111111111111
111111111111111111111111111111111111111111111111111110000000000000000000000000000000000000000000000000011111111111111111
111111111111111111111111111111111111111111111111111100000000000000000000000000000000000000000000000000001111111111111111
111111111111111111111111111111111111111111111111111100000000000000000000000000000000000000000000000000001111111111111111
111111111111111111111111111111111111111111111111100000000000000000000000000000000000000000000000000000001111111111111111
111111111111111111111111111111111111111111111111110000000000000000000000000000000000000000000000000000001111111111111111
111111111111111111111111111111111111111111111111100000000000000000000000000000000000000000000000000000001111111111111111
