000000000000000000000000000000000000000000000000000000000000000000000000000000000000000000000000000000000000000000000000
000000000000000000000000000000000000000000000000000000000000000000000000000000000000000000000000000000000000000000000000
000000000000000000000000000000000000000000000000000000000000000000000000000000000000000000000000000000000000000000000000
000000000000000000000000000000000000000000000000000000000000000000000000000000000000000000000000000000000000000000000000
000000000000000000000000000000000000000000000000000000000000000000000000011111111100000000000000000000000000000000000000
000000000000000000000000000000000000000000000000000000000000000001111111111111111111111110000000000000000000000000000000
000000000000000000000000000000000000000000000000000000000000011111111111111111111111111111110000000000000000000000000000
000000000000000000000000000000000000000000000000000000000001111111111111111111111111111111111100000000000000000000000000
000000000000000000000000000000000000000000000000000000000111111111111111111111111111111111111111000000000000000000000000
000000000000000000000000000000000000000000000000000000011111111111111111111111111111111111111111100000000000000000000000
000000000000000000000000000000000000000000000000000000111111111111111111111111111111111111111111110000000000000000000000
000000000000000000000000000000000000000000000000000001111111111111111111111111111111111111111111110000000000000000000000
000000000000000000000000000000000000000000000000000111111111111111111111111111111111111111111111111000000000000000000000
000000000000000000000000000000000000000000000000001111111111111111111111111111111111111111111111111000000000000000000000
000000000000000000000000000000000000000000000000011111111111111111111111111111111111111111111111111000000000000000000000
000000000000000000000000000000000000000000000000011111111111111111111111111111111111111111111111111000000000000000000000
000000000000000000000000000000000000000000000000111111111111111111111111111111111111111111111111110000000000000000000000
000000000000000000000000000000000000000000000000111111111111111111111111111111111111111111111111100000000000000000000000
000000000000000000000000000000000000000000000000111111111111111111111111111111111111111111111111000000000000000000000000
000000000000000000000000000000000000000000000001111111111111111111111111111111111111111111111000000000000000000000000000
000000000000000000000000000000000000000000111111111111111111111111111111111111111111111111000000000000000000000000000000
000000000000000000000000000000000000011111111111111111111111111111111111111111111111111110000000000000000000000000000000
000000000000000000000000000000001111111111111111111111111111111111111111111111111111111100000000000000000000000000000000
000000000000000000000000000111111111111111111111111111111111111111111111111111111111111100000000000000000000000000000000
000000000000000000000001111111111111111111111111111111111111111111111111111111111111110100000000000000000000000000000000
000000000000000000001111111111111111111111111111111111111111111111111111111111111111110100000000000000000000000000000000
000000000000000001111111111111111111111111111111111111111111111111111111111111111111111111111000000000000000000000000000
000000000000001111111111111111111111111111111111111111111111111111111111111111111111111111111111110000000000000000000000
000000000001111111111111111111111111111111111111111111111111111111111111111111111111111111111111111111100000000000000000
000000000111111111111111111111111111111111111111111111111111111111111111111111111111111111111111111111110000000000000000
000000111111111111111111111111111111111111111111111111111111111111111111111111111111111111111111111111111000000000000000
111111111111111111111111111111111000111111111111111111111111111111111111111111111111111111111111111111111100000000000000
111111111111111111111111111110000011111111111111111111111111111111111111111111111111111111111111111111111111000000000000
111111111111111111111111111111111111111111111111111111111111111111111111111111111111111111111111111111111111100000000000
111111111110000111111111111111111111111111111111111111111111111111111111111111111111111111111111111111111111111000000000
111111111000001111111111111111111111111111111111111111111111111111111111111111111111111111111111111111111111111100000000
111111111111111111111111111111111111111111111111111111111111111111111111111111111111111111111111111111111111111111000000
111111111111111111111111111111111111111111111111111111111111111111111111111111111111111111111111111111111111111111110000
111111111111111111111111111111111111111111111111111111111111111111111111111111111111111111111111111111111111111111111100
111111111111111111111110011111111111111111111111111111111111111111111111111111111111111110000011111111111111111111111111
