111111111111111111111111111111111111111111111111111111111111111111111111111111111111111111111111111111111111111111111111
111111111111111111111111111111111111111111111111111111111111111111111111111111000000000111111111111111111111111111111111
111111111111111111111111111111111111111111111111111111111111111111111111111100000000000000111111111111111111111111111111
111111111111111111111111111111111111111111111111111111111111111111111111111000000000000000011111111111111111111111111111
111111111111111111111111111111111111111111111111111111111111111111111111111000000000000000000111111111111111111111111111
111111111111111111111111111111111111111111111111111111111111111111111111111100000000000000000011111111111111111111111111
111111111111111111111111111111111111111111111111111111111111111111111111111111000000000000000001111111111111111111111111
111111111111111111111111111111111111111111111111111111111111111111111111111110000000000000000000011111111111111111111111
111111111111111111111111111111111111111111111111111111111111111111111111111110000000000000000000000111111111111111111111
111111111111111111111111111111111111111111111111111111111111111111111111111100000000000000000000000000111111111111111111
111111111111111111111111111111111111111111111111111111111111111111111111111100000000000000000000000000001111111111111111
111111111111111111111111111111111111111111111111111111111111111111111111111100000000000000000000001110000011111111111111
111111111111111111111111111111111111111111111111111111111111111111111111111100001110000000000000000011100000111111111111
111111111111111111111111111111111111111111111111111111111100000111111111111100001110000000000000000000111000011111111111
111111111111111111111111111111111111111111111111111111111100000011111111111100001100000000000000000000011000001111111111
111111111111111111111111111111111111111111111111111111111110001111111111111100001100000000000000000000011100000111111111
111111111111111111111111111111111111111111111111111111111100000111111111111100000000000000000000000000111110000111111111
111111111111111111111111111111111111111111111111111111111100000111111000010000001100000000000000000011111111111111111111
111111111111111111111111111111111111111111111111111111111100000111111111110000000000000000000000000001111111111111111111
111111111111111111111111111111111111111111111111111111111000001111111111111000000000001110000000000001111111111111111111
111111111111111111111111111111111111111111111111111111111000000111111111110000000000111111000000000001111111111111111111
111111111111111111111111111111111111111111111111111111111000000011111111111100000001111100000000000000111111111111111111
111111111111111111111111111111111111111111111111111111110000000011111111111000000111110000000000000000011111111111111111
111111111111111111111111111111111111111111111111111111110000000011111111110000001111000000000000000000011111111111111111
111111111111111111111111111111111111111111111111111111110000000001111100000001111110000000000000000000001111111111111111
111111111111111111111111111111111111111111111111111111110000000001100000000111111100000000000000000000001111111111111111
111111111111111111111111111111111111111111111111111111110000000000000001111111111000000000000000000000001111111111111111
111111111111111111111111111111111111111111111111111111111110001111000011111111110000000000000000000000001111111111111111
111111111111111111111111111111111111111111111111111111111000000111111111111111100000000000000000000000000111111111111111
111111111111111111111111111111111111111111111111111111111111111111111111111111000000000000000000000000000111111111111111
111111111111111111111111111111111111111111111111111111111111111111111111111111000000000000000000000000000111111111111111
111111111111111111111111111111111111111111111111111111111111111111111111111111000000000000000000000000000011111111111111
111111111111111111111111111111111111111111111111111111111111111111111111111110000000000000000000000000000011111111111111
111111111111111111111111111111111111111111111111111111111111111111111111111110000000000000000000000000000011111111111111
111111111111111111111111111111111111111111111111111111111111111111111111111110000000000000000000000000000001111111111111
111111111111111111111111111111111111111111111111111111111111111111111111111111000000000000000000000000000001111111111111
111111111111111111111111111111111111111111111111111111111111111111111111111111000000000000000000000000000000111111111111
111111111111111111111111111111111111111111111111111111111111111111111111111111000000000000000000000000000000011111111111
111111111111111111111111111111111111111111111111111111111111111111111111111111100000000000000000000000000000000111111111
111111111111111111111111111111111111111111111111111111111111111111111111111111100000000000000000000000000000000111111111
