111111111111111111111111111111111110000000000000000000000000000000000000000000000000000000000000000000000000000000000000
111111111111111111111111111111111110000000000000000000000000000000000000000000000000000000000000000000000000000000000000
111111111111111111111111111111111110000000000000000000000000000000000000000000000000000000000000000000000000000000000000
111111111111111111111111111111111110000000000000000000000000000000000000000000000000000000000000000000000000000000000000
111111111111111111111111111111111110000000000000000000000000000000000000000000000000000000000000000000000000000000000000
111111111111111111111111111111111110000000000000000000000000000000000000000000000000000000000000000000000000000000000000
111111111111111111111111111111111110000000000000000000000000000000000000000000000000000000000000000000000000000000000000
111111111111111111111111111111111110000000000000000000000000000000000000000000000000000000000000000000000000000000000000
111111111111111111111111111111111110000000000000000000000000000000000000000000000000000000000000000000000000000000000000
111111111111111111111111111111111110000000000000000000000000000000000000000000000000000000000000000000000000000000000000
111111111111111111111111111111111110000000000000000000000000000000000000000000000001100000000000000000000000000000000000
111111111111111111111111111111111110000000000000000000000000000000000000000000000111110000000000000000000000000000000000
111111111111111111111111111111111110000000000000000000000000000000000000000000000001111111111100000000000000000000000000
111111111111111111111111111111111110000000000000000000000000000000000000000000000000111111111110000000000000000000000000
111111111111111111111111111111111110000000000000000000000000000000000000000000000000111111111011000000000000000000000000
001111111111111111111111111111111110000000000000000000000000000000000000000000000000011111111001000000000000000000000000
000001111111111111111111111111111110000000000000000000000000000000000000000000000000111111101100000000000000000000000000
000000011111111111111111111111111110000000000000000000001100000000000000000000000000111111110100000000000000000000000000
000000001111111111111111111111111110000000000000000000001111111100000000000000000001111111110000000000000000000000000000
000000001111111111111111111111111110000000000000000000000001111111111100000000000011110111111110000000000000000000000000
000000001111111111111111111111111110000000000000000000000000000011111111111100011111111111111110000000000000000000000000
000000011111111111111111111111111110000000000000000000000000000000110000001111111111111111111111100000000000000000000000
000000111111111111111111111111111110000000000000000000000000000000010000000000011111111111111111111100000000000000000000
000011111111111111111111111111111110000000000000000000000000000000000000000000001111111111111111111111111111111100000000
111111111111111111111111111111111110000000000000000000000000000000000000000000000000011111111111111111111111111111100000
111111111111111111111111111111111110000000000000000000000000000000000000000000000000000111111111011111111111111111110000
111111111111111111111111111111111110000000000000000000000000000000000000000000000000000011110000000011111111111111111100
111111111111111111111111111111111110000000000000000000000000000000000000000000000000000000000000000000000111111111111100
111111111111111111111111111111111110000000000000000000000000000000000000000000000000000000000000000000000000111111111100
111111111111111111111111111111111110000000000000000000000000000000000000000000000000000000000000000000000000000000000000
111111111111111111111111111111111110000000000000000000000000000000000000000000000000000000000000000000000000000000000000
111111111111111111111111111111111110000000000000000000000000000000000000000000000000000000000000000000000000000000000000
111111111111111111111111111111111110000000000000000000000000000000000000000000000000000000000000000000000000000000000000
111111111111111111111111111111111110000000000000000000000000000000000000000000000000000000000000000000000000000000000000
111111111111111111111111111111111110000000000000000000000000000000000000000000000000000000000000000000000000000000000000
111111111111111111111111111111111110000000000000000000000000000000000000000000000000000000000000000000000000000000000000
111111111111111111111111111111111110000000000000000000000000000000000000000000000000000000000000000000000000000000000000
111111111111111111111111111111111110000000000000000000000000000000000000000000000000000000000000000000000000000000000000
111111111111111111111111111111111110000000000000000000000000000000000000000000000000000000000000000000000000000000000000
111111111111111111111111111111111110000000000000000000000000000000000000000000000000000000000000000000000000000000000000
