000000000000000000000000000000000000000000000000000000000000111111111111111111111111111111111111111111111111111111111111
000000000000000000000000000000000000000000000000000000000000111111111111111111111111111111111111111111111111111111111111
000000000000000000000000000000000000000000000000000000000000111111111111111111111111111111111111111111111111111111111111
000000000000000000000000000000000000000000000000000000000000111111111111111111111111111111111111111111111111111111111111
000000000000000000000000000000000000000000000000000000000000111111111111111111111111111111111111111111111111111111111111
000000000000000000000000000000000000000000000000000000000000111111111111111111111111111111111111111111111111111111111111
000000000000000000000000000000000000000000000000000000000000111111111111111111111111111111111111111111111111111111111111
000000000000000000000000000000000000000000000000000000000000111111111111111111111111111111111111111111111111111111111111
000000000000000000000000000000000000000000000000000000000000111111111111111111111111111111111111111111111111111111111111
000000000000000000000000000000000000000000000000000000000000111111111111111111111111111111111111111111111111111111111111
000000000000000000000000000000000000000000000000000000000000111111111111111111111111111111111111111111111111111111111111
000000000000000000000000000000000000000000000000000000011111000001111111111111111111111111111111111111111111111111111111
000000000000000000000000000000000000000000000000000011111111000000001111111111111111111111111111111111111111111111111111
000000000000000000000000000000000000000000000000110111111111000000000010011111111111111111111111111111111111111111111111
000000000000000000000000000000000000000000001111111111111111000000000000000111111111111111111111111111111111111111111111
000000000000000000000000000000000000000000010001111111111111000000000000111001111111111111111111111111111111111111111111
000000000000000000000000000000000000000000011001111111111111000000000000111101111111111111111111111111111111111111111111
000000000000000000000000000000000000000000000111111111111111000000000000100011111111111111111111111111111111111111111111
000000000000000000000000000000000000000000000000011111111111000000000000111111111111111111111111111111111111111111111111
000000000000000000000000000000000000000000000000000011111111000000000111111111111111111111111111111111111111111111111111
000000000000000000000000000000000000000000000000000001111111000000001111111111111111111111111111111111111111111111111111
000000000000000000000000000000000000000000000000001111111111000000000011111111111111111111111111111111111111111111111111
000000000000000000000000000000000000000000000000011111111111000000000001111111111111111111111111111111111111111111111111
000000000000000000000000000000000000000000000000111111111111000000000000111111111111111111111111111111111111111111111111
000000000000000000000000000000000000000000000001111111111111000000000000011111111111111111111111111111111111111111111111
000000000000000000000000000000000000000000000011111111111111000000000000001111111111111111111111111111111111111111111111
000000000000000000000000000000000000000000000001111111111111000000000000001111111111111111111111111111111111111111111111
000000000000000000000000000000000000000000000001111111111111000000000000001111111111111111111111111111111111111111111111
000000000000000000000000000000000000000000000000111111111111000000000000111111111111111111111111111111111111111111111111
000000000000000000000000000000000000000000000000011111111111000000000000111111111111111111111111111111111111111111111111
000000000000000000000000000000000000000000000000011111111111000000000000111111111111111111111111111111111111111111111111
000000000000000000000000000000000000000000000000011111111111000000000000111111111111111111111111111111111111111111111111
000000000000000000000000000000000000000000000000010111111111000000000000111111111111111111111111111111111111111111111111
000000000000000000000000000000000000000000000000011111111111000000000000111111111111111111111111111111111111111111111111
000000000000000000000000000000000000000000000000011111111111000000000000111111111111111111111111111111111111111111111111
000000000000000000000000000000000000000000000000111111111111000000000000111111111111111111111111111111111111111111111111
000000000000000000000000000000000000000000000001111111111111000000000000011111111111111111111111111111111111111111111111
000000000000000000000000000000000000000000000011111111111111000000000000001111111111111111111111111111111111111111111111
000000000000000000000000000000000000000000000011111111111111000000000000001111111111111111111111111111111111111111111111
000000000000000000000000000000000000000000001111111111111111000000000000000011111111111111111111111111111111111111111111
