000000000000000111111111000000000000000000000000000001111101111111111110000000000000000000000000000000000000000000000000
000000000000000011111111000000000000000000000000000000111111111111111110000000000000000000000000000000000000000000000000
000000000000000011111111100000000000000000000000000000001111111111111111000000000000000000000000000000000000000000000000
000000000000000001111111110000000000000000000000000000000011111111111111000000000000000000000000000000000000000000000000
000000000000000000111111110000000000000000000000000000000111111111111111110000000000000000000000000000000000000000000000
000000000000000000011111111000000000000000000000000000001111111111111111111000000000000000000000000000000000000000000000
000000000000000000001111111000000000000000000000000000111111111111111111111100000000000000000000000000000000000000000000
000000000000000000000111111000000000000000000000000001111111111111111111111110000000000000000000000000000000000000000000
000000000000000000001111110000000000000000000000000111111111111111111111111111000000000000000000000000000000000000000000
000000000000000000001111100000000000000000000000011111111111111111111111111111100000000000000000000000000000000000000000
000000000000000000001111100000000000000000000001111111111111111111111111111111100000000000000000000000000000000000000000
000000000000000000000111100000000000000000111111111111111111111111111111111111110000000000000000000000000000000000000000
000000000000000000000111100000000000000111111111111111111111111111111111111111110000000000000000000000000000000000000000
000000000000000000000011110000000000000001111111111111111111111111111111111111110000000000000000000000000000000000000000
000000000000000000000000111100000000000000001111111111111111111111111111111110000000000000000000000000000000000000000000
000000000000000000000000000000000000001111111111111111111111111111111111111110000000000000000000000000000000000000111111
000000000000000000000000000000000111111111111111111111111111111111111111111110000000000000000000000000000001111111111111
000000000000000000000000000000000000111111111111111111111111111111111111111111000000000000000000000111111111111111111111
000000000000000000000000000000000000000000000000000111111111111111111111111111000000000000011111111111111111111111111111
000000000000000000000000000000000000000000000000000000000000111111111111111111000011111111111111111111111111111111111111
000000000000000000000000000000000000000000000000000000000001111111110011111111111111111111111111111111111111111111111111
000000000000000000000000000000000000000000000000000000000001111111111111111111111111111111111111111111111111111111111111
000000000000000000000000000000000000000000001111111111111111111111111111111111111111111111111111111111111111111111111111
000000000000000000011111111111111111111111111111111111111111111111111111111111111111111111111111111111111111111111111111
111111111111111111111111111111111111111111111111111111111111111111111111111111111111111111111111111111111111111111111111
111111111111111111111111111111111111111111111111111111111111111111111111111111111111111111111111111111111111111111111111
111111111111111111111111111111111111111111111111111111111111111111111111111111111111111111111111111111111111111111111111
111111111111111111111111111111111111111111111111111111111111111111111111111111111111111111111111111111111111111111111111
111111111111111111111111111111111111111111111111111111111111111111111111111111111111111111111111111111111111111111111111
111111111111111111111111111111111111111111111111111111111111111111111111111111111111111111111111111111111111111111111111
111111111111111111111111111111111111111111111111111111111111111111111111111111111111111111111111111111111111111111111111
111111111111111111111111111111111111111111111111111111111111111111111111111111111111111111111111111111111111111111111110
111111111111111111111111111111111111111111111111111111111111111111111111111111111111111111111111111111111111111111111000
111111111111111111111111111111111111111111111111111111111111111111111111111111111111111111111111111111111111111111100000
111111111111111111111111111111111111111111111111111111111111111111111111111111111111111111111111111111111111111110000000
111111111111111111111111111111111111111111111111111111111111111111111111111111111111111111111111111111111111111000000000
111111111111111111111111111111111111111111111111111111111111111111111111111111111111111111111111111111111110000000000000
111111111111111111111111111111111111111111111111111111111111111111111111111111111111111111111111111111110000000000000000
111111111111111111111111111111111111111111111111111111111111111111111111111111111111111111111111111100000000000000000000
111111111111111111111111111111111111111111111111111111111111111111111111111111111111111111111100000000000000000000000000
