111111111111111111111111111111111111111111111111111111111111111111111111111111111111111111111111111111111111111111111111
111111111111111111111111111111111111111111111111111111111111111111111111111111111111111111111111111111111111111111111111
111111111111111111111111111111111111111111111111111111111111111100000000111111111111111111111111111111111111111111111111
111111111111111111111111111111111111111111111111111111111111110000000000011111111111111111111111111111111111111111111111
111111111111111111111111111111111111111111111111111111111111110000000000000000011111111111111111111111111111111111111111
111111111111111111111111111111111111111111111111111111111111110000000000000000000111111111111111111111111111111111111111
111111111111111111111111111111111111111111111111111111111111000000000000000000000000111111111111111111111111111111111111
111111111111111111111111111111111111111111111111111111111000000000000000000000000000011111111111111111111111111111111111
111111111111111111111111111111111111111111111111111111110000000000000000000000000000001111111111111111111111111111111111
111111111111111111111111111111111111111111111111111111110000000000000000000000000000000111111111111111111111111111111111
111111111111111111111111111111111111111111111111111111100000000000000000000000000000000111111111111111111111111111111111
111111111111111111111111111111111111111111111111111111110000000000000000000000000000000011111111111111111111111111111111
111111111111111111111111111111111111111111111111111111111000000000000000000000000000000001111111111111111111111111111111
111111111111111111111111111111111111111111111111111111111100000000000000000000000000000000111111111111111111111111111111
111111111111111111111111111111111111111111111111111111111111110000000000000000000000000000011111110111111111111111111111
111111111111111111111111111111111111111111111111111111111111110000000000000000000000000000111111000001111111111111111111
111111111111111111111111111111111111111111111111111111111111111100000000000000000000000000111110000000111111111111111111
111111111111111111111111111111111111111111111111111111111111111111000000000000000000000011111000000000001111111111111111
111111111111111111111111111111111000000111111111111111111111111111111111000000000000110111100000000000000001111111111111
111111111111111111111111111111110000000011111111111111111111111111111110000000000000111110000000000000000000001111111111
111111111111111111111111111111111100000001111000000011111111111111110000000000000000111000000000000000000000000001111111
111111111111111111111111111111111110000000000000000000111111111110000000000000000000000000000000000000000000000000000001
111111111111111111111111111111111111000000000000000000111111111100000000000000000000000000000000000000000000000000000000
111111111111111111111111111111111111100000000000000000011111110000000000000000000000000000000000000000000000000000000000
111111111111111111111111111111111111100000000001000000011111110000000000000000000000000000000000000000000000000000000000
111111111111111111111111111111111111110000000000100000001111110000000000000000000000000000000000000000000000000000000000
111111111111111111111111111111111111110000000000000000000111100000000000000000000000000000000000000000000000000000000000
111111111111111111111111111111111111111000000000000000000011000000000000000000000000000000000001000000000000000000000000
111111111111111111111111111111111111111111100000000000000000000000000000000000000000000000011111100000000000000000000000
111111111111111111111111111111111111111111111100000000000000000000000000000000000001111111111111000000000000000000000000
111111111111111111111111111111111111111111111111110000000000000000000000000000000000011111111111110000000000000000000000
111111111111111111111111111111111111111111111111111100000000000000000000000000000000011111111111110000000000000000000000
111111111111111111111111111111111111111111111111111110000000000000000000000000000110011111111111110000000000000000000000
111111111111111111111111111111111111111111111111111111100000000000000000000000000110011111111111110000000000000000000000
111111111111111111111111111111111111111111111111111111111100000000000000000000000010011111111111111000000000000000000000
111111111111111111111111111111111111111111111111111111111110000000000000000000000000011111111111111100000000000000000000
111111111111111111111111111111111111111111111111111111111110000000000000000000000000011111111111111111000000000000000000
111111111111111111111111111111111111111111111111111111111000000000000000000000000000001111111111111111101100000000000000
111111111111111111111111111111111111111111111111111111111000000000000000000000000000000001111111111111111000000000000000
111111111111111111111111111111111111111111111111111111111100000000000000000000000000000000111111111111111000000000000000
