000000000111111111111100000000000000000011111111111111111111111111111100000000000000000000000000000000000000000000000000
000000000111111111111000000000000000000000000011111111111111111111110000000000000000000000000000000000000000000000000000
000000001111111111110000000000000000000000000000111111111111111111100000000000000000000000000000000000000000000000000000
000000001111111111100000000000000000000000000000011111111111111111111111111000000000000000000000000000000000000000000000
000000011111111111000000000000000000000000000000000010001111111111111100111111111111111111100000000000000000000000000000
000000011111111111000000000000000000000000000000000000011111111111111100000000000011111111111111100000000000000000000000
000000011111111110000000000000000000000000000000000000011111111111111110000000000000001111111111111111111111111000000000
000000011111111110000000000000000000000000000000000000111111111111111111000000001111111111110000000000111111111111111111
000000011111111110000000000000000000000000000000000000111111111111111111111111111111111110000000000000000000000111111111
000000011111111110000000000000000000000000000000000001111111111111111111111111111111000000000000000000000000000000000000
000000011111111100000000000000000000000000000000000011111111111111111111111111000000000000000000000000000000000000000000
000000011111111100000000000000000000000000000000000111110111111111111100000000000000000000000000000000000000000000000000
000000011111111110000000000000000000000000000000000111111111111111111100000000000000000000000000000000000000000000000000
000000011111111110000000000000000000000000000000000001111111111111111100000000000000000000000000000000000000000000000000
000000001111111111000000000000000000000000000000000000011111111111111110000000000000000000000000000000000000000000000000
000000000111111111000000000000000000000000000000000000000111111111111111000000000000000000000000000000000000000000000000
000000000111111111100000000000000000000000000000000000011111111111111111000000000000000000000000000000000000000000000000
000000000011111111100000000000000000000000000000000011111111111111111111100000000000000000000000000000000000000000000000
000000000001111111110000000000000000000000000000011111111111111111111111111000000000000000000000000000000000000000000000
000000000000111111111000000000000000000000001111111111111111111111111111111110000000000000000000000000000000000000000000
000000000000011111110000000000000000000011111111111111111111111111111111111111000000000000000000000000000000000000000000
000000000000011111100000000000000000111111111111111111111111111111111111111100000000000000000000000000000000000000000000
000000000000111111000000000000000011111111111111111111111111111111111111111100000000000000000000000000000000000000000000
000000000000111111000000000000001111111111111111111111111111111111111111111110000000000000000000000000000000000000000000
000000000000111110000000000000011111111111111111111111111111111111111111111110000000000000000000000000000000000000000000
000000000000011110000000000000111111111111111111111111111111111111111111111110000000000000000000000000000000000000000000
000000000000011111000000000000111111111111111111111111111111111111111111111110000000000000000000000000000000000000000000
000000000000001111000000000000111111111111111111111111111111111111111111111110000000000000000000000000000000000000000000
000000000000000011110000000001111111111111111111111111111111111111111111111110000000000000000000000000000000000001111111
000000000000000000111100000001111111111111111111111111111111111111111111111110000000000000000000000000000011111111111111
000000000000000000000000000011111111111111111111111111111111111111111111111000000000000000000000011111111111111111111111
000000000000000000000000000011111111111111111111111111111111111111111111000000000000000011111111111111111111111111111111
000000000000000000000000000011111111111111111111111111111111111111111111000000011111111111111111111111111111111111111111
000000000000000000000000000001001111111111111111111111111111111111111111111111111111111111111111111111111111111111111111
000000000000000000000000000000000000000001111111111111111111111111111111111111111111111111111111111111111111111111111111
000000000000000000000000000000000111111111111111111111111111111111111111111111111111111111111111111111111111111111111111
000000011111111111111111111111111111111111111111111111111111111111111111111111111111111111111111111111111111111111111111
111111111111111111111111111111111111111111111111111111111111111111111111111111111111111111111111111111111111111111111111
111111111111111111111111111111111111111111111111111111111111111111111111111111111111111111111111111111111111111111111111
111111111111111111111111111111111111111111111111111111111111111111111111111111111111111111111111111111111111111111111111
