000000000000000000000000000000000000000000000000000000000000000111111111100000000000000000000000000000000000000000000000
000000000000000000000000000000000000000000000000000000000000000011111111111111000000000000000000000000000000000000000000
000000000000000000000000000000000000000000000000000000000000000000011111111111110000000000000000000000000000000000000000
000000000000000000000000000000000000000000000000000000000000000000011111111111111000000000000000000000000000000000000000
000000000000000000000000000000000000000000000000000000000000000000011111111111111110000000000000000000000000000000000000
000001000000000000000000000000000000000000000000000000000000000000001111111111110001100000000000000000000000000000000000
000011111111100000000000000000000000000000000000000000000000000000000111111111100000011000000000000000000000000000000000
001111111111111100000000000000000000000000000000000000000000000000000000000000000000000000000000000000000000000000000000
111111111111111111000000000000010000000000000000000000000000000000000000000000000000000000000000000000000000000000000000
011111111111111111110000000000000011000000000000000011111111111100000000000000000000000000000000000000000000000000000000
000011111111111111111000000000000000011000000000001111111111111110000000000000000000000000000000000000000000000000000000
000000000001111111111100000000000000000011100000111111111111111110000000000000000000000000000000000000000000000000000000
000000000000000000000000000000000000000000001100011111111111111100000000000000000000000000000000000000000000000000000000
000000000000000000000000000000000000000000000001111111111111110000000000000000000000000000000000000000000000000000000000
000000000000000010000000000000000000000000000000000111111111100000000000000000000000000000000000000000000000000000000000
000000000000011111100000000000000000000000000000000111111111100000000000000000000000000000000000000000000000000000000000
000000000000011111100000000000000000000000000000001111111111111110000000000000000000000000000000000000000000000000000000
000000000000011111100000000000000000000000000000011111111111111111000000000000000000000000000000000000000000000000000000
000000000000011111100000000000000000000000000000011111111111100101100000000000000000000000000000000000000000000000000000
000000000000011111111000000000000000000000000000011111111111100000000111110000000000000000000000000000000000000000000000
000000000000111111111100000000000000000000000000111111111111110000001111100000000000000000000000000000000000000000000000
000000000000011111110000000000000000000000000000111111111111110001111100000000000000000000000000000000000000000000000000
000000000000001111110000000000000000000000000000000011111111111111000000000000000000000000000000000000000000000000000000
000000000000001111111000000000000011111110000011000111111111111000000000000000000000000000000000000000000000000000000000
000000000000011111111000000000000000000000000111111111111111111100000000000000000000000000000000000000000000000000000000
000000000000011111111000000000000000000000000000111111111111111111111111111111111000000000000000000000000000000000000000
000000000000111111101100000000000000000000000001111111111111111110000000000000000000000000000000000000000000000000000000
000000000000001111110000000000000000000000001111111111111111111111100000000000000000000000000000000000000000000000000000
011111111110000000000000000000000000000011111111111111111111111111111100000000000000000000000000000000000000000000000000
000000000000000000000000000000000000111110001111111111111111111111111111000000000000000000000000000000000000000000000000
000000000000000000000000000000000000000000001111111111111111111111111111110000000000000000000000000000000000000000000000
000000000000000000000000000000000000000000001111111111111111111111111111110000000000000000000000000000000000000000000000
000000000000000000000000000000000000000000001111111111111111111111111111000000000000000000000000000000000000000000000000
000000000000000000000000000000000000000000000111111111111111111111110000000000000000000000000000000000000000000000000000
000000000000000000000000000000000000000000000000111111110000000111100000000000000000000000000000000000000000000000000000
000000000000000000000000000000000000000000000001111000000000000111110000000000000000000000000000000000000000000000000000
000000000000000000000000000000000000000000000001111000000000000011110000000000000000000000000000000000000000000000000000
000000000000000000000000000000000000000000000011110000000000000011110000000000000000000000000000000000000000000000000000
000000000000000000000000000000000000000000000011100000000000000001110000000000000000000000000000000000000000000000000000
000000000000000000000000000000000000000000000111100000000000000001111000000000000000000000000000000000000000000000000000
