111111111111111111111111111111111111111111111111111000000000000000011000000000000000000011111111111111111111111111111111
111111111111111111111111111111111111111111111111111100000000000000010000000000000000000011111111111111111111111111111111
111111111111111111111111111111111111111111111111111100000000000000000000000000000000000111111111111111111111111111111111
111111111111111111111111111111111111111111111111111100000000000000000000000000000000000111111111111111111111111111111111
111111111111111111111111111111111111111111111111111110000000000000000000000000000000001111111111111111111111111111111111
111111111111111111111111111111111111111111111111111110000000000000000000000000000000011111111111111111111111111111111111
111111111111111111111111111111111111111111111111111110000000000000000000000000000001111111111111111111111111111111111111
111111111111111111111111111111111111111111111111111110000000000000000000000000000011111111111111111111111111111111111111
111111111111111111111111111111111111111111111111111110000000000000000000000000000111111111111111111111111111111111111111
111111111111111111111111111111111111111111111111111111000000000000000000000000001111110001111111111111111111111111111111
111111111111111111111111111111111111111111111111111111000000000000000000000000001111000000111111111111111111111111111111
111111111111111111111111111111111111111111111111111111100000000000000000000000001000000001111111111111111111111111111111
111111111111111111111111111111111111111111111111111110000000000000000000000000000000000011111111111111111111111111111111
111111111111111111111111111111111111111111111111100000000000000000000000000000000000000111111111111111111111111111111111
111111111111111111111111111111111111111111111110000000000001111110000000000000000000001111111111111111111111111111111111
111111111111111111111111111111111111111111111000000000000111111110000000000000000000011111111111111111111111111111111111
111111111111111111111111111111111111111111100000000000011111110000000000000000000000111111111111101111111111111111111111
111111111111111111111111111111111111111110000000000001111111110000000000000000000000111111111100011111111111111111111111
111111111111111111111111111111111111111000000000000111111111110000000000000000000000001111110000111111111111111111111111
111111111111111111111111111111111111111000000000111111111111111000000000000000000000000010000000111111111111111111111111
111111111111111111111111111111111111110000000001111111111111110000000000000000000000000000000001111111111111111111111111
111111111111111111111111111111111111110000000011111111111111100000000000000000000000000000000001111111111111111111111111
111111111111111111111111111111111111100000000111111111111110000000000000000000000000000000000001111111111111111111111111
111111111111111111111111111111111111000000001111111111111100000000000000000000000000000000000001111111111111111111111111
111111111111111111111111111111111111000000001111111111110000000000000000000000000000000000000011111111111111111111111111
111111111111111111111111111111111110000000011111111111110000000000000001111100000000000000011111111111111111111111111111
111111111111111111111111111111111100000000011111111111110000001111111111111111111111111111111111111111111111111111111111
111111111111111111111111111111111000000111111111111111110001111111111111111111111111111111111111111111111111111111111111
111111111111111111111111111111100000001111111111111111111111111111111111111111111111111111111111111111111111111111111111
111111111111111111111111111100000000111111111111111111111111111111111111111111111111111111111111111111111111111111111111
111111111111111111111111111000000011111111111111111111111111111111111111111111111111111111111111111111111111111111111111
111111111111111111111111111111001111111111111111111111111111111111111111111111111111111111111111111111111111111111111111
111111111111111111111111111111111111111111111111111111111111111111111111111111111111111111111111111111111111111111111111
111111111111111111111111111111111111111111111111111111111111111111111111111111111111111111111111111111111111111111111111
111111111111111111111111111111111111111111111111111111111111111111111111111111111111111111111111111111111111111111111111
111111111111111111111111111111111111111111111111111111111111111111111111111111111111111111111111111111111111111111111111
111111111111111111111111111111111111111111111111111111111111111111111111111111111111111111111111111111111111111111111111
111111111111111111111111111111111111111111111111111111111111111111111111111111111111111111111111111111111111111111111111
111111111111111111111111111111111111111111111111111111111111111111111111111111111111111111111111111111111111111111111111
111111111111111111111111111111111111111111111111111111111111111111111111111111111111111111111111111111111111111111111111
