000000000011111111111111111111111000000000001111110000000000000111100000000001111111111111111111111111111000000000000000
000000000011000000000111111111111111000000011111110000000000001111100000000001111111111111111111111111111100000110000000
000000000011000000000111111111111111111111111111110000011000011111110000000001111111111111111111111111111100001110000000
000000000111000000000111111111111111111111111111110011111100011111111110000001111111111111111111111111111110001110000000
000000011111000000001111111111111111111111111111111111111100011111111111100011111111111111111111111111111111111100000000
000000011111100000011111111111111111111111111111111111111100111111111111111111111111111111111111111111111111111100000000
000000000001111011111111111111111111111111111111111111111000001111111111111111111111111111111111111111111111111100000000
000000000000111111111111111111111111111111111111111111111000000000111111111111111111111111111111111111111111111100000000
000000000000111111111111111111111111111111111111111111110000000000011111111111111111111111111111111111111111111100000000
000000001100111111111111111111111111111111111111111111110000000000001111111111111111111111111111111111111111111100000000
000000111111111111111111111111111111111111111111111111110000000000011111111111111111111111111111111111111111111100000000
000000111111111111111111111111111111111111111111111111110000000000011111111111111111111111111111111111111111111100000000
000000111111111111111111111111111111111111111111111111111000000000011111111111111111111111111111111111111111111000000000
000000011111111111111111111111111111111111111111111111111000000000000111111111111111111111111111111111111111111000000000
000000011111111111111111111111111111111111111111111111111000000000111111111111111111111111111111111111111111100000000000
000000001111111111111111111111111111111111111111111111111111100111111111111111111111111111111111111111100011000000000000
000000000001111111111111111111111111111111111111111111111111111111111111111111111111111111111111111111111111000000000000
000000000000011111111111111111111111111111111111111111111111111111111111111111111111111111111111111111111110000000000000
000000000000011111111111111111111111111111111111111111111111111111111111111111111111111111111111111111111100000000000000
000000000001111111111111111111111111111111111111111111111111111111111111111111111111111111111111111111111100000000000000
000000000111111111111111111111111111111111111111111111111111111111111111111111111111111111111111111111111000000000000000
000000000111111111111111111111111111111111111111111111111111111111111111111111111111111111111111111111100000000000000000
000000000000011111111111111111111111111111111111111111111111111111111111111111111111111111111111111000000000000000000000
000000000000000111111111111111111111111111111111111111111111111111111111111111111111111111111111111111000000000000000000
000000000000000000111111111111111111111111111111111111111111111111111111111111111111111111111111111111100000000000000000
000000000000000000011111111111111111111110001111111111111111111111111111111011111111111111111111111100000000000000000000
000000000000000000001111111111111111110000001111111111111111111111111111111001111111111111111111110000000000000000000000
000000000000000000000011111111111111111000001111111111111111111111111111111000111111111111111111000000000000000000000000
000000000000000000000000001111111111111100001111111111111111111111111111111000111111111111111000000000000000000000000000
000000000000000000000000011111111111111100011111111111111111111111111111111101111111111111110000000000000000000000000000
000000000000000000000000011111111111111100011111111111111111111111111111111101111111111111110000000000000000000000000000
000000000000000000000000011111111111111100011111111111111111111111111111111101111111111111110000000000000000000000000000
000000000000000000000000001111111111111111111111111111111111111111111111111111111111111111100000000000000000000000000000
000000000000000000000000000011111111111111111111111111111111111111111111111111111111111111000000000000000000000000000000
000000000000000000000000000001111111111111111111111111111111111111111111111111111111111110000000000000000000000000000000
000000000000000000000000000001111111111111111111111111111111111111111111111111111111111100000000000000000000000000000000
000000000000000000000000000000111111111111111111111111111111111111111111111111111111111100000000000000000000000000000000
000000000000000000000000000000011111111111111111111111111111111111111111111111111111111000000000000000000000000000000000
000000000000000000000000000000011111111111111111111111111111111111111111111111111111111000000000000000000000000000000000
000000000000000000000000000000000111111111111111111111111111111111111111111111111111110000000000000000000000000000000000
