011111111111111111111111111111111111111111111111111111111111000000001111111111111111111111111111111111111111111111100000
111111111111111111111111111111111111111111111111111111111111000000011111111111111111111111111111111111111111111111110000
111111111111111111111111111111111111111111111111111111111111000000011111111111111111111111111111111111111111111111111000
111111111111111111111111111111111111111111111111111111111111000000011111111111111111111111111111111111111111111111110000
111111111111111111111111111111111111111111111111111111111111000000001111111111111111111111111111111111111111111111100000
111111111111111111111111111111111111111111111111111111111110000000001111111111111111111111111111111111111111111111100000
111111111111111111111111111111111111111111111111111111111110000000000111111111111111111111111111111111111111111111111100
111111111111111111111111111111111111111111111111111111111111110000000111111111111111111111111111111111111111111111111110
111111111111111111111111111111111111111111111111111111111111110000000111111111111111111111111111111111111111111111111111
111111111111111111111111111111111111111111111111111111111111111000000111111111111111111111111111111111111111111111111110
111111111111111111111111111111111111111111111111111111111111111100011111111111111111111111111111111111111111111111111110
011111111111111111111111111111111111111111111111111111111111111111111111111111111111111111111111111111111111111111111110
001111111111111111111111111111111111111111111111111111111111111111111111111111111111111111111111111111111111111111111110
001111111111111111111111111111111111111111111111111111111111111111111111111111111111111111111111111111111111111111111110
000111111111111111111111111111111111111111111111111111111111111111111111111111111111111111111111111111111111111111111110
001111111111111111111111111111111111111111111111111111111111111111111111111111111111111111111111111111111111111111111110
001111111111111111111111111111111111111111111111111111111111111111111111111111111111111111111111111111111111111111111111
001111111111111111111111111111111111111111111111111111111111111111111111111111111111111111111111111111111111111111111111
001111111111111111111111111111111111111111111111111111111111111111111111111111111111111111111111111111111111111111111111
001111111111111111111111111111111111111111111111111111111111111111111111111111111111111111111111111111111111111111111100
001111111111111111111111111111111111111111111111111111111111111111111111111111111111111111111111111111111111111111110000
001111111111111111111111111111111111111111111111111111111111111111111111111111111111111111111111111111111111111111110000
000111111111111111111111111111111111111111111111111111111111111111111111111111111111111111111111111111111111111111111000
000111111111111111111111111111111111111111111111111111111111111111111111111111111111111111111111111111111111111111111100
000011111111111111111111111111111111111111111111111111111111111000011111111111111111111111111111111111111111111111111100
000011111111111111111111111111111111111111111111111111111111110000011111111111111111111111111111111111111111111111111000
000000111111111111111111111111111111111111111111111111111111111011111111111111111111111111111111111111111111111111110000
000000111111111111111111111111111111111111111111111111111111111111111111111111111111111111111111111111111111111111100000
000000011111111111111111111111111111111111111111111111111111111111111111111111111111111111111111111111111111111111000000
000000000001111111111111111111111111111111111111111111111111111111111111111111111111111111111111111111111111111110000000
000000000000011111111111111111111111111111111111111111111111111111111111111111111111111111111111111111111111111100000000
000000000000001111111111111111111111111111111111111111111111111111111111111111111111111111111111111111111111111100000000
000000000000000011111111111111111111111111111111111111111111111111111111111111111111111111111111111111111111100000000000
000000000000000001111111111111111111111111111111111111111111111111111111111100111111111111111111111111111000000000000000
000000000000000000011111111111111111111111111111111111111111111111111111111100011111111111111111111111110000000000000000
000000000000000000000000000000000000111100111111111111111111111111111111111100011111111111111111111111111000000000000000
000000000000000000000000000000000000000000111111111111111111111111111111111100000111110000000000000000000000000000000000
000000000000000000000000000000000000000000011111111111111111111111111111111100000000000000000000000000000000000000000000
000000000000000000000000000000000000000000111111111111111111111111111111111100000000000000000000000000000000000000000000
000000000000000000000000000000000000000000111111111111111111111111111111111100000000000000000000000000000000000000000000
