111111111111111111111111111111111111111111111111111111111111111111111111111111111111111111111111111111111111100000000000
111111111111111111111111111111111111111111111111111111111111111111111111111111111111111111111111111111111111000000000000
111111111111111111111111111111111111111111111111111111111111111111111111111111111111111111111111111111111110000000000000
111111111111111111111111111111111111111111111111111111111111111111111111111111111111111111111111111111110000000000000000
111111111111111111111111111111111111111111111111111111111111111111111111111111111111111111111111111111000000000000000000
111111111111111111111111111111111111111111111111111111111111111111111111111111111111111111111111111100000000000000000000
111111111111111111111111111111111111111111111111111111111111111111111111111111111111111111111111110000000000000000000000
111111111111111111111111111111111111111111111111111111111111111111111111111111111111111111111110000000000000000000000000
111111111111111111111111111111111111111111111111111111111111111111111111111111111111111111000000000000000000000000000000
111111111111111111111111111111111111111111111111111111111111111111111111111111111111000000000000000000000000100000000000
111111111111111111111111111111111111111111111111111111100111111111111111111111111100000000000000000000000001100000000000
111111111111111111111111111111111111111111111111110001000001111111111111111111111100000000000000000000000111000000000000
111111111111111111111111111111111111111111111111110000000000111111111111111111110000000000000000000000001110000000000000
111111111111111111111111111111111111111111111111000000000001111111111111111111000000000000000000000000111100000000000000
111111111111111111111111111111111111111111111111000000000001111111111111111110000000000000010000000011111100000000000000
111111111111111111111111111111111111111111111110000000000000011111111111111111001000000001000000011111111000000000000000
111111111111111111111111111111111111111111111111000000000000000011111111111111111111000010001001111111110000000000000000
111111111111111111111111111111111111111111111111100000000000000000111111111111111111111111111111111111100000000000000000
111111111111111111111111111111111111111111111111110000000000000000000000001111111111111111111111111111100000000000000000
111111111111111111111111111111111111111111111111111000000000000000000011111111111111111111111111111111000000000000000000
111111111111111111111111111111111111111111111111111110000000000000000001111111111111111111111111111110000000000000000000
111111111111111111111111111111111111111111111111111111000000000000000000000001111111111111111111111100000000000000000000
111111111111111111111111111111111111111111111111111111100000000000000000000000000000001111111111111000000000000000000000
111111111111111111111111111111111111111111111111111111111000000000000000000000000000000000000011110000000000000000000000
111111111111111111111111111111111111111111111111111111111100000000000000000000000000000000000000000000000000000000000000
111111111111111111111111111111111111111111111111111111111111000000000000000000000000000000000000000000000000000000000000
111111111111111111111111111111111111111111111111111111111111111000000000000000000000000000000000000000000000000000000000
111111111111111111111111111111111111111111111111111111111111111110000000000000000000000000000000000000000000000000000000
111111111111111111111111111111111111111111111111111111111111111111100000000000000000000000000000000000000000000000000000
111111111111111111111111111111111111111111111111111111111111111111110000000000000000000000000000000000000000000000000000
111111111111111111111111111111111111111111111111111111111111111111111000000000000000000000000000000000000000000000000000
111111111111111111111111111111111111111111111111111111111111111111111100000000000000000000000000000000000000000000000000
111111111111111111111111111111111111111111111111111111111111111111111110000000000000000000000000000000000000000000000000
111111111111111111111111111111111111111111111111111111111111111111111111000000000000000000000000000000000000000000000000
111111111111111111111111111111111111111111111111111111111111111111111111100000000000110000000000000000000000000000000000
111111111111111111111111111111111111111111111111111111111111111111111111110000001101100000000000000000000000000000000000
111111111111111111111111111111111111111111111111111111111111111111111111111111111111000000000000000000000000000000000000
111111111111111111111111111111111111111111111111111111111111111111111111111111111110000000000000000000000000000000000000
111111111111111111111111111111111111111111111111111111111111111111111111111111111100000000000000000000000000000000000000
111111111111111111111111111111111111111111111111111111111111111111111111111111111111000000000000000000000000000000000000
