111111111111111111111111111111111111111111111111111111111111111111111111111111111111111111111111111111111111111111111111
111111111111111111111111111111111111111111111111111111111111111111111111111111111111111111111111111111111111111111111111
111111111111111111111111111111111111111111111111111111111111111111111111111111111111111111111111111111111111111111111111
111111111111111111111111111111111111111111111111111111111111111111111111111111111111111111111111111111111111111111111111
111111111111111111111111111111111111111111111111111111111111111111111111111111111111111111111111111111111111111111111111
111111111111111111111111111111111100000000001111111111111111111111111111111111111111111111111111111111111111111111111111
111111111111111111111111111111100000000000000001111111111111111111111111111111111111111111111111111111111111111111111111
111111111111111111111111111110000000000000000000011111111111111111111111111111111111111111111111111111111111000111111111
111111111111111111111111111000000000000000000000001111111111111111111111111111111111111111111111111111110000011111111111
111111111111111111111111110000000000000000000000000111111111111111111111111111111111111111111111111100000011111111111111
111111111111111111111111110000000000000000000000000111111111111111111111111111111111111111111111100000000001111111111111
111111111111111111111111110000000000000000000000000000011111111111111111111111111111111111111000000000000111111111111111
111111111111111111111111110000000000000000000000000000000001111111111100000111111100011100000000000000000001111111111111
111111111111111111111111111000000000000000000000000000000000111111000000000000000000000000000000111000111111111111111111
111111111111111111111111111110000000000000000000000000000000011110000000000000000000000000000111111111111111111111111111
111111111111111111111111111111100000000000000000000000000000011100000000000000000000000001111111111111111111111111111111
111111111111111111111111111111111111111000000000000000000000011100000000000000000000000001000000001111111111111111111111
111111111111111111111111111111111111100000000000000000000000000000000000000000000000000000000000000111111111111111111111
111111111111111111111111111111111000000000000000000000000000000000000000000000000000000000000000000111111111111111111111
111111111111111111111111111111111000000000001100000000001110000000000000000000000000000000000000001111111111111111111111
111111111111111111111111111111110010000000011111111111111110000000000000000000000000000000000000011111111111111111111111
111111111111111111111111111111111111000000011111111111111111100000000000000000000000000000000001111111111111111111111111
111111111111111111111111111111111111000000001111111111111111100000000000000000000000000000000111111111111111111111111111
111111111111111111111111111111111111000000001111111111111111000000000000000000000000000100011111111111111111111111111111
111111111111111111111111111111111111100000001111111111111110000000000000000000000000001111111111111111111111111111111111
111111111111111111111111111111111111100000001111111111111100000000000000000000000000011111111111111111111111111111111111
111111111111111111111111111111111111100000000000000000000000000000000000000000000000011111111111111111111111111111111111
111111111111111111111111111111111111110000000000000000000000000000000000000000000000111111111111111111111111111111111111
111111111111111111111111111111111111110000000000000000000000000000000000000000000000111111111111111111111111111111111111
111111111111111111111111111111111111110000111111100000000000000000000000000000000000111111111111111111111111111111111111
111111111111111111111111111111111111111001111111000000000000000000000000000000000001111111111111111111111111111111111111
111111111111111111111111111111111111110000111110000000000000000000000000000000000001111111111111111111111111111111111111
111111111111111111111111111111111111110110111110000000000000000000000000000000000001111111111111111111111111111111111111
111111111111111111111111111111111111110000111110000000000000000000000110000000000001111111111111111111111111111111111111
111111111111111111111111111111111111111101111110000000000000000000011110100000000000011111111111111111111111111111111111
111111111111111111111111111111111111111000111110000000000000000000111111100000000000001111111111111111111111111111111111
111111111111111111111111111111111111110110111110000000000000000001111111110000000000000011111111111111111111111111111111
111111111111111111111111111111111111111000111110000000000000000001111111110000000000000001111111111111111111111111111111
111111111111111111111111111111111111111101111110000000000000000001111111111000000000000001111111111111111111111111111111
111111111111111111111111111111111111111000111110000000000000000000111111111000000000000011111111111111111111111111111111
