000000000000000000000000000000000000000000000000000000000000000000000000000000000000000000000000000000000000000000000000
000000000000000000000000000000000000000000000000000000000000000000001000000000000000000001111111111000000000000000000000
000000000000000000000000000000000000000000000000000000000000000000011111100000011111111111111111111100000000000000000000
000000000000000000000000000000000000000000000000000000000000000000000000011111111111110111111111111110000000000000000000
000000000000000000000000000000000000000000000000000000000000000000000000000000000000000011111111111110000000000000000000
000000000000000000000000000000000000000000000000000000000000000000000000000000000000000011111111111111000000000000000000
000000000000000000000000000000000000000000000000000000000000000000000000000000000000000000111111111100000000000000000000
000000000000000000000000000000000000000000000000000000000000000000000000000000000000000000000000000000000000000000000000
000000000000000000000000000000000000000000000000000000000010000010000000000000000000000000000000000000000000000000000000
000000000000000000000000000000000000000000000000000001111111111111111000000000000000000000000000000000000000000000000000
000000000000000000000000000000000000000000000000000111111111111111111000000000000000000000000000000000000000000000000000
000000000000000000000000000000000000000000000000001111111111111111100000000000000000000000000000000000000000000000000000
000000000000000000000000000000000000000000000000000111111111111111000000000000000000000000000000000000000000000000000000
000000000000000000000000000000000000000000000000000000111111111110000000000000000000000000000000000000000000000000000000
000000000000000001110000000000000000000000000000000000011111110000000000000000000000000000000000000000000000000000000000
000000000000000011111000000000000000000000000000000011111111111111000000000000000000000000000000000000000000000000000000
000000000000000011111000000000000000000000000000001111111111111111110000000000000000000000000000000000000000000000000000
000000000000000011111000000000000000000000000000011111111111111111111000000000000000000000000000000000000000000000000000
000000000000000111111100000000000000000000000000111111111111111011111110000000000000000000000000000000000000000000000000
000000000000011111111110000000000000000000000001111001111111111000011111100000000000000000000000000000000000000000000000
000000000000011111111111000000000000111000000011110011111111110000000001111000000000000000000000000000000000000000000000
000000000000001111111100000000000000000011100111000011111111110000000000011110000000000000000000000000000000000000000000
000000000000001111111100000000000000000000011111100111111111110011111111110111111000000000000000000000000000000000000000
000000000000000111111100000000000001100000111111111111111111111111110000000001111100000000000000000000000000000000000000
000000000000000111111100000000111111111111111111111111111111111100000000000000000011000000000000000000000000000000000000
000000000000001111111100000000000000000111100000011111111111111111000000000000000000011000000000000000000000000000000000
000000000000001111111110000000000000000011000000111111111111111111111000000000000000000011000000000000000000000000000000
000000000000000111111000000000000000000000000001111111111111111111111111111000000000000000111000000000000000000000000000
000011111111110000000000000000000000000000000001111111111111111111111111111111000000000000000110000000000000000000000000
000000000000000000000000000000000000000000000011111111111111111111111111111111000000000000000000110000000000000000000000
000000000000000000000000000000000000000000000111111111111111111111111111111100000000000000000000001110000000000000000000
000000000000000000000000000000000000000000000111111111111111111111111111111000000000000000000000000001110000000000000000
000000000000000000000000000000000000000000000111111111111111111111111110000000000000000000000000000000001110000000000000
000000000000000000000000000000000000000000000011111111111111111111100000000000000000000000000000000000000001100000000000
000000000000000000000000000000000000000000000011110001111100111110000000000000000000000000000000000000000000011100000000
000000000000000000000000000000000000000000000111110000000000011110000000000000000000000000000000000000000000000011100000
000000000000000000000000000000000000000000000111100000000000011110000000000000000000000000000000000000000000000000011000
000000000000000000000000000000000000000000000111100000000000001110000000000000000000000000000000000000000000000000000010
000000000000000000000000000000000000000000000111000000000000001111000000000000000000000000000000000000000000000000000000
000000000000000000000000000000000000000000000111000000000000001111000000000000000000000000000000000000000000000000000000
