111111111111111111111111111111111111111111111111111111111111111111111111111111111111111111111111111111111111111111111111
111111111111111111111111111111111111111111111111111111111111111111111111111111111111111111111111111111111111111111111111
111111111111111111111111111111111111111111111111111111111111111111111111111111111111111111111111111111111111111111111111
111111111111111111111111111111111111111111111111111111111111111111111111111111111111111111111111111111111111111111111111
111111111111111111111111111111111111111111111111111111111111111111111111111111111111111111111111111111111111111111111111
111111111111111111111111111111111111111111111111111000000000000000000111111111111111111111111111111111111111111111111111
111111111111111111111111111111111111111111111111100000000000000000000001111000001111111111111111111111111111111111111111
111111111111111111111111111111111111111111111111000000000000000000000000000000001111111111111111111111111111111111111111
111111111111111111111111111111111111111111111110000000000000000000000000000000000111111111111111111111111111111111111111
111111111111111111111111111111111111111111111110000000000000000000000000000000000011111111111111111111111111111111111111
111111111111111111111111111111111111111111111110000000000000000000000000000000010001111111111111111111111111111111111111
111111111111111111111111111111111111111111111100000000000000000000000000000000011111111111111111111111111111111111111111
111111111111111111111111111111111111111111100000000000000000000000000000000110011111111111111111111111111111111111111111
111111111111111111111111111111111111111111100000000000000000000000000000000001111111111111111111111111111111111111111111
111111111111111111111111111111111111111111111010000000000000000000000000001111111111111111111111111111111111111111111111
111111111111111111111111111111111111111111111111000000000000000000000000011111111111111111111111111111111111111111111111
111111111111111111111111111111111111111111111100000000000000000000000000011111111111111111111111111111111111111111111111
111111111111111111111111111111111111111111111110000000000000000000000000011111111111111111111111111111111111111111111111
111111111111111111111111111111111111111111111111111000000000000000000111111111111111111111111111111111111111111111111111
111111111111110001111111111111111111111111111111111111110000000011111111111111111111111111111111111111111111111111111111
111111111111000000001111111111111111111111111111000000000000000000000001111111111111111111111111111111100111111111111111
111111111000000000000000111111111111111111111000000000000000000000000000000111111111111111111111111100000011111111111111
111111100000000000000000001111111111111111110000000000000000000000000000000011111111111111111110000000000000111111111111
111100000000000000000000000001111111111111100000000000000000000000000000000001111111111111100000000000000000001111111111
100000000000000000000000000000000001111111000000000000000000000000000000000000000000000000000000000000000000000111111111
000000000000000000000000000000000000000000000000000000000000000000000000000000000000000000000000000000000000000001111111
000000000111001110000000000000000000000000000000000000000000000000000000000000000000000000000000000000000000000000001111
000000001111111111110000000000000000000111100000000000000000000000000000000011100000000000000000000000000000000000000011
111110111111111111111111111111000001111111111000000000000000000000000000000111111100000111111000011111111111000000000000
111111111111111111111111111111111111111111110000000000000000000000000000000111111111111111111111111111111111100000000000
111111111111111111111111111111111111111111110000000000000000000000000000000111111111111111111111111111111111111011111111
111111111111111111111111111111111111111111110000000000000000000000000000000111111111111111111111111111111111111111111111
111111111111111111111111111111111111111111110000000000000000000000000000000111111111111111111111111111111111111111111111
111111111111111111111111111111111111111111111111100000000000000000000001111111111111111111111111111111111111111111111111
111111111111111111111111111111111111111111111111100000000000000000000001111111111111111111111111111111111111111111111111
111111111111111111111111111111111111111111111110000000000000000000000000011111111111111111111111111111111111111111111111
111111111111111111111111111111111111111111111111000000000000000000000000011111111111111111111111111111111111111111111111
111111111111111111111111111111111111111111111111000000000000000000000000011111111111111111111111111111111111111111111111
111111111111111111111111111111111111111111111111000000000000000000000000001111111111111111111111111111111111111111111111
111111111111111111111111111111111111111111111100000000000000000000000000000111111111111111111111111111111111111111111111
