000000000000000000000000000000000000000000000000000000000000000000000000000000000000000000000000000000000000000000000000
000000000000000000000000000000000000000000000000000000000000000000000000000000000000000000000000000000000000000000000000
000000000000000000000000000000000000000000000000000000000000000000000000000000000000000000000000000000000000000000000000
000000000000000000000000000000000000000000000000000000000000000000000000000000000000000000000000000000000000000000000000
000000000000000000000000000000000000000000000000000000000000000000000000000000000000000000000000000000000000000000000000
000000000000000000000000000000000000000000000000000000000000000000000000000000000000000000000000000000000000000000000000
000000000000000000000000000000000000000000000000000000000000000000000000000000000000000000000000000000000000000000000000
000000000000000000000000000000000000000000000000000000000000000000000000000000000000000000000000000000000000000000000000
000000000000000000000000000000000000000000000000000000000000000000000000000000000000000000000000000000000000000000000000
000000000000000000000000000000000000000000000000000000000000000000000000000000000000000000000000000000000000000000000000
000000000000000000000000000000000000000000000000000000000000000000000000000000111110000000000000000000000000000000000000
000000000000000000000000000000000000000000000000000000000000000000000000000011111110000000000000000000000000000000000000
000000000000000000000000000000000000000000000000000000000000000000000000011111111111110000000000000000000000000000000000
000000000000000000000000000000000000000000000000000000000000000000000000000011111111111110000000000000000000000000000000
000000000000000000000000000000000000000000000000000000000000000000000000000011111111111100000000000000000000000000000000
000000000000000000000000000000000000000000000000000000000000000000000000000011111111110000000000000000000000000000000000
000000000000000000000000000000000000000000000000000000000000000000000000000011111111000011000000000000000000000000000000
000000000000000000000000000000000000000000000000000000000000000000000000000011111111111111000000000000000000000000000000
000000000000000000000000000000000000000000000000000000000000000000000000000000111111111110111111000000000000000000000000
000000000000000000000000000000000000000000000000000000000000000000000000000000111111111111111111111000000000000000000000
000000000000000000000000000000000000000000000000000000000000000000000000000011111111111111111111111110000000000000000000
000000000000000000000000000000000000000000000000000000000000000000000011111111111111111111111111111110000000000000000000
000000000000000000000000000000000000000000000000000000000000000000000001111111111111111111111111111111000000000000000000
000001000000000000000000000000000000000000000000000000000000000000000000001111111100111111111111111111000000000000000000
000001000000000000000000000000000000000000000000000000000000000000000000000000011000011111111111111100000000000000000000
000111111000000000000000000000000000000000000000000000000000000000000000000000000000011100000010000000000000000000000000
000111111100000000000000000000000000000000000000000000000000000000000000000000000000000000000000000000000000000000000000
111111111111000000000000000000000000000000000000000000000000000000000000000000000000000000000000000000000000000000000000
111111111111111000000000000000000000011111000000000000000000000000000000000000000000000000000000000000000000000000000000
111111111111111111000000000000000000111111100000000000000000000000000000000000000000000000000000000000000000000000000000
111111111111111111000000000000000000011111100000000000000000000000000000000000000000000000000000000000000000000000000000
111111111111111111111111111111111000011111100000000000000000000000000000000000000000000000000000000000000000000000000000
111111111111111111111111111111111111111111100000000000000000000000000000000000000000000000000000000000000000000000000000
111111111111111111111111111111111111111111100000000000000000000000000000000000000000000000000000000000000000000000000000
111111111111111111111111111111111111111111100000000000000000000000000000000000000000000000000000000000000000000000000000
111111111111111111111111111111111111111111100000000000000000000000000000000000000000000000000000000000000000000000000000
111111111111111111111111111111111111111111100000000000000000000000000000000000000000000000000000000000000000000000000000
111111111111111111111111111111111111111111100000000000000000000000000000000000000000000000000000000000000000000000000000
111111111111111111111111111111111111111111100000000000000000000000000000000000000000000000000000000000000000000000000000
111111111111111111111111111111111111111111100000000000000000000000000000000000000000000000000000000000000000000000000000
