000000000000000000000000000000000000000000000000000000000000000000000000000000000000000000000000000000000000000000000000
000000000000000000000000000000000000000000000000000000000000000000000000000000000000000000000000000000000000000000000000
000000000000000000000000000000000000000000000000000000000000000000000000000000000000000000000000000000000000000000000000
000000000000000000000000000000000000000000000000000000000000000000000000000000000000000000000000000000000000000000000000
000000000000000000000000000000000000000000000000000000000000000000000000000000000000000000000000000000000000000000000000
000000000000000000000000000000000000000000000000000000000000000000000000000000000000000000000000000000000000000000000000
000000000000000000000000000000000000000000000000000000000000010000000111111000000000000000000000000000000000000000000000
000000000000000000000000000000000000000000000000000000000000111100001111111100000000000000000000000000000000000000000000
000000000000000000000000000000000000000000000000000000000000111000111111111000000000000000000000000000000000000000000000
000000000000000000000000000000000000000000000000000000000001110000001111111000000000000000000000000000000000000000000000
000000000000000000000000000000000000000000000000000000000001110000000011111110000000000000000000000000000000000000000000
000000000000000000000000000000000000000000000000000000000001100000000011111110111100000000000000000000000000000000000000
000000000000000000000000000000000000000000000000000000000001100000000001111100000000000000000000000000000000000000000000
000000000000000000000000000000000000000000000000000000000001100000000001111100000000000000000000000000000000000000000000
000000000000000000000000000000000000000000000000000000000001100000000011111110000000000000000000000000000000000000000000
000000000000000000000000000000000000000000000000000000000000100000001111111111000000000000000000000000000000000000000000
000000000000000000000000000000000000000000000000000000000001100000011111111111100000000000000000000000001110000000000000
000000000000000000000000000000000000000000000000000000000001000001111111111111100000000000000000000000011110000000000000
000000000000000000000000000000000000000000000000000000000000100111111111111111100000000000000000000001111100000000000000
000000000000000000000000000000000000000000000000000000000000000111111111111111000000000000000111111111110000000000000000
000000000000000000000000000000000000000000000000000000000000001111111111111111000000011111111111111111100000000000000000
000011111111111111111111111111111111110000000000000000000000000000000111111111111111111111111111111111000000000000000000
000001111111111111111111111111111111111111111111111111111110110000011111111111111111111111111111111100000000000000000000
000000001111111111111111111111111111111111111111111111111111111111111111111111111111111111111111111000000000000000000000
000000000111111111111111111111111111111111111111111111111111111111111111111111111111111111111111100000000000000000000000
000000000000011111111111111111111111111111111111111111111111111111111111111111111111111111111111000000000000000000000000
000000000000000000000111111111111111111111111111111111111111111111111111111111111111111111111100000000000000000000000000
000000000000000000000000111111111111111111111111111111111111111111111111111111111111111111111000000000000000000000000000
000000000000000000000000000111111111111111111111111111111111111111111111111111111111111111000000000000000000000000000000
000000000000000000000000000000001111111111110000000000111111111111111111111111111111111100000000000000000000000000000000
000000000000000000000000000000000000000000000000000000000000000000000011111111111111110000000000000000000000000000000000
000000000000000000000000000000000000000000000000000000000000000000000000000000011111000000000000000000000000000000000000
000000000000000000000000000000000000000000000000000000000000000000000000000000000000000000000000000000000000000000000000
000000000000000000000000000000000000000000000000000000000000000000000000000000000000000000000000000000000000000000000000
000000000000000000000000000000000000000000000000000000000000000000000000000000000000000000000000000000000000000000000000
000000000000000000000000000000000000000000000000000000000000000000000000000000000000000000000000000000000000000000000000
000000000000000000000000000000000000000000000000000000000000000000000000000000000000000000000000000000000000000000000000
000000000000000000000000000000000000000000000000000000000000000000000000000000000000000000000000000000000000000000000000
000000000000000000000000000000000000000000000000000000000000000000000000000000000000000000000000000000000000000000000000
000000000000000000000000000000000000000000000000000000000000000000000000000000000000000000000000000000000000000000000000
