000000000000000000000000000000000000000000000000000000000000000000000000000000000000000000000000000000000000000000000000
000000000000000000000000000000000000000000000000000000000000000000000000000000000000000000000000000000000000000000000000
000000000000000000000000000000000000000000000000000000000000000000000000000000000000000000000000000000000000000000000000
000000000000000000000000000000000000000000000000000000000000000000000000000000000000000000000000000000000000011000000000
000000000000000000000000000000000000000000000000000000000000000000000000000000000000000000000000000000001001100000000000
000000000001111111100000000000000000000000000000000000000000000000000000000000000000000000000001111111111110000000000000
000000000001111111111111100000000000000000000000000000000000000000000000000000000000000000000011111111111100000000000000
000000000011111111111111110000000000000000000000000000000000000000000000000000000000000000000111111111111110000000000000
000000000000011111111111110000000000000000000000000000000000000000000000000000000000000000001111111111111110000000000000
000000000000011111111111111000000000000000000000000000000000000000000000000000000000000000000111111111111110000000000000
000000000000011111111111111100000000000000000000000000000000000000000000000000000000000000000111111111111110000000000000
000000000000011111111111110000000000000000000000000000000000000000000000000000000000000000011111111111111111000000000000
000000000000011111111111111100000000000000000000000000000000000000000000000000000000000001111111111111111111110000000000
000000000000111111111111111111100000000000000000000000000000000000000000000000000000000111111111111111111111111110000000
000000000001111111111111111111110000000000000000000000000000000000000000000000000000011111111111111111111111111111111000
000000000111111111111111111111111110000000000000000000000000000000000000000000000000111111111111111111111111111111111111
000000011111111111111111111111111111000000000000000000000000000000000000000000000000011111111111111111111111111111111111
000000111111111111111111111111111110000000000000000000000000000000000000000000000000011111111111111111000111111111111111
000011111111111111111101111111111110000000000000000000000000000000000000000000000000011111111111110111100000000000111111
000011111111111111111001111111111110000000000000000000000000000000000000000000000000011111111111110011110000000000000111
000011111111111111110011111111111110000000000000000000000000000000000000000000000000011111111111110011110000000000000001
000111111111101111100011111111111110000000000000000000000000000000000000000000000000111111111111111111110000000000000000
000111111111000111000111111111111111000000000000000000000000000000000000000000000000111111111111111111111000000000000000
000111111100000110001111111111111111000000000000000000000000000000000000000000000000111111111111111111111100000000000000
000000000000001110000111111111111111100000000000000000000000000000000000000000000001111111111111111111111110000000000000
000000000000011111001111111111111111100000000000000000000000000000000000000000000001111111111111111111111111000000000000
000000000000011000111111111111111111110000000000000000000000000000000000000000000011111111111111111111111111110000000000
000000000000010001111111111111111111110000000000000000000000000000000000000000000011111111111111111111111111111100000000
000000000000000111111111111111111111111000000000000000000000000000000000000000000111111111111111111111111111111111000000
000000000000011111111111111111111111111000000000000000000000000000000000000000000111111111111111111111111111111111000000
000000000000111111111111111111111111111100000000000000000000000000000000000000001111111111111111111111111111111111100000
000000000011111111111111111111111111111100000000000000000000000000000000000000000111111111111111111111111111111111110000
000000000111111111111111111111111111111110000000000000000000000000000000000000001111111111111111111111111111111111110000
000000011111111111111111111111111111111110000000000000000000000000000000000000001111111111111111111111111111111111111000
000000111111111111111111111111111111111110000000000000000000000000000000000000001111111111111111111111111111111110010000
000000111111111111111111111111111111111110000000000000000000000000000000000000001111111111111111111111111111111000000000
000000101111111111111111111111111111111110000000000000000000000000000000000000000001111111111111111111111000000000000000
000000000000001111111111111111111111110000000000000000000000000000000000000000000000000011111111111000000000000000000000
000000000000000000001111111111110011000000000000000000000000000000000000000000000000000001110001111000000000000000000000
000000000000000000001111000111100000000000000000000000000000000000000000000000000000000001110001111000000000000000000000
