111111111111111111111111111111111111111111111111111111111111111111111111111111111111111111111111111111111111111111111111
111111111111111111111111111111111111111111111111111111111111111111111111111111111111111111111111111111111111111111111111
111111111111111111111111111111111111111111111111111111111111111111111111110000000111111111111111111111111111111111111111
111111111111111111111111111111111111111111111111111111111111111111111111100000000001111111111111111111111111111111111111
111111111111111111111111111111111111111111111111111111111111111111111111100000000000011111111111111111111111111111111111
111111111111111111111111111111111111111111111111111111111111111111111111110000000000000000000011111111111111111111111111
111111111111111111111111111111111111111111111111111111111111111111111110000000000000000000000000111111111111111111111111
111111111111111111111111111111111111111111111111111111111111111111100000000000000000000000000000011111111111111111111111
111111111111111111111111111111111111111111111111111111111111111110000000000000000000000000000000001111111111111111111111
111111111111111111111111111111111111111111111111111111111111111000000000000000000000000000000000001111111111111111111111
111111111111111111111111111111111111111111111111111111111111110000000000000000000000000000000000000111111111111111111111
111111111111111111111111111111111111111111111111111111111111100000000000000000000000000000000000000011111111111111111111
111111111111111111111111111111111111111111111111111111111111100000000000000000000000000000000000000011111111111111111111
111111111111111111111111111111111111111111111111111111111111100000000000000000000000000000000000000001111111111111111111
111111111111111111111111111111111111111111111111111111111111110000000000000000000000000000000000000001111111111111111111
111111111111111111111111111111111111111111111111111111111111111100000000000000000000000000000000000000111111111111111111
111111111111111111111111111111111111111111111111111111111111111111100000000000000000000000000000000000111111111111111111
111111111111111111111111111111111111111111111111111111111111111111000000000000000000000000000000000000111111111111111111
111111111111111111111111111111111111111111111111111111111111111111100000000000000000000000000000000000111111111111111111
111111111111111111111111111111111111111111111111111111111111111111110000000000000000000000000000000000011111111111111111
111111111111111111111111111111111111111111111111111111111111111111111100000000000000000000000000000000011111111111111111
111111111111111111111111111111111111111111111111111111111111111111111110000000000000000000000000000000011111111111111111
111111111111111111111111111111111111111111111111111111111111111111111110000000000000000000000000000000011111111111111111
111111111111111111111111111111111111111111111111111111111111111111111111000000000000000000000000001000011111111111111111
111111111111111111111111111111111111111111111111111111111111111111111111000000000000000000000000001001111111111111111111
111111111111111111111111111111111111110110001111111111111111111111111111000000000000000000000000001111111111111111111111
111111111111111111111111111111111110000000000011111111111111111111111110000000000000000000000001011111111111111111111111
111111111111111111111111111111111000000000000001111111111111111111100100000000000000000000000001111111111111111111111111
111111111111111111111111111111111000000000000001111111111111111111000000000000000000000000000000111111111111111111111111
111111111111111111111111111111111000000000000000111111111111111111000000000000000000000000001000111111111111111111111111
111111111111111111111111111111111000000000000000000000011111111100000000000000000000000000000000011111111111111111111111
111111111111111111111111111111111110000000000000000000000000000000000000000000000000000000000000011111111111111111111111
111111111111111111111111111111111111100000000000000000000000000000000000000000000000000000000000011111111111111111111111
111111111111111111111111111111111111111111100000000000000000000000000000000000000000000000000000001111011111111111111111
111111111111111111111111111111111111111111100000000000000000000000000000000000000000000000000000000000011111111111111111
111111111111111111111111111111111111111111000000000000000000000000000000000000000000000000000000000111111111111111111111
111111111111111111111111111111111111111110000000000000000000000000000000000000000000000000000000000111111111111111111111
111111111111111111111111111111111111111110000000000000000000000000000000000000000000000000000000000111111111111111111111
111111111111111111111111111111111111111100000000000000000000000000000000000000000000000000000000000001111111111111111111
111111111111111111111111111111111111111000000000000000000000000000010000000000000000000000000000000000111111111111111111
