000000000000000000000000000000000000000000000000000000000000000000000000000000000000000000000000000000000000000000000000
000000000000000000000000000000000000000000000000000000000000000000000000000000000000000000000000000000000000000000000000
000000000000000000000000000000000000000000000000000000000000000000000000000000000000000000000000000000000000000000000000
000000000000000000000000000000000000000000000000000000000000000000000000000000000000000000000000000000000000000000000000
000000000000000000000000000000000000000000000000000000000000000000000000000000000000000000000000000000000000000000000000
000000000000000000000000000000000000000000000000000000000000000000000000000000000000000000000000000000000000000000000000
000000000000000000000000000000000000000000000000000000000000000000000000000000111000000000000000000000000000000000000000
000000000000000000000000000000000000000000000000000000000000000000000000000011111100000000000000000000000000000000000000
000000000000000000000000000000000000000000000000000000000000000000000000000111111110000000000000000000000000000000000000
000000000000000000000000000000000000000000000000000000000000000000000001111111111111000000000000000000000000000000000000
000000000000000000000000000000000000000000000000000000000000000000001111111111111111111111000000000000000000000000000000
000000000000000000000000000000000000000000000000000000000000000000000000001111111111111100000000000000000000000000000000
000000000000000000000000000000000000000000000000000000000000000000000000001111111111111000000000000000000000000000000000
000000000000000000000000000000000000000000000000000000000000000000000000011111111111100000000000000000000000000000000000
000000000000000000000000000000000000000000000000000000000000000000000000111111111111000011000000000000000000000000000000
000000000000000000000000000000000000000000000000000000000000000000000001111111111111111111000000000000000000000000000000
000000000000000000000000000000000000000000000000000000000000000000000000000111111111111111111111100000000000000000000000
000000000000000000000000000000000000000000000000000000000000000000000000000011111111111111111111111100000000000000000000
000000000000000000000000000000000000000000000000000000000000000000000000000011111111111111111111111111000000000000000000
000000000000000000000000000000000000000000000000000000000000000000000000011111111111111111111111111111110000000000000000
000000000000000000000000000000000000000000000000000000000000000000000000111111111111111111111111111111100000000000000000
000000000000000000000000000000000000000000000000000000000000000000000111111111111111111111111111111111100000000000000000
000000000000000000000000000000000000000000000000000000000000000000000011111111111111111111111111111111100000000000000000
000000000000000000000000000000000000000000000000000000000000000000000000000111110000111111111111111111000000000000000000
000000000000000000000000000000000000000000000000000000000000000000000000000011110000111110111110111110000000000000000000
000000000110000000000000000000000000000000000000000000000000000000000000000001100000011110000110000000000000000000000000
000000000110000000000000000000000000000000000000000000000000000000000000000000000000000000000000000000000000000000000000
000000111111100000000000000000000000000000000000000000000000000000000000000000000000000000000000000000000000000000000000
000000111111100000000000000000000000000000000000000000000000000000000000000000000000000000000000000000000000000000000000
000000111111100000000000000000000000000000000000000000000000000000000000000000000000000000000000000000000000000000000000
011111111111111111000000000000000000000000000000000000000000000000000000000000000000000000000000000000000000000000000000
111111111111111111100000000000000000000000000000000000000111000000000000000000000000000000000000000000000000000000000000
111111111111111111100000000000000000000000000000000000001111110000000000000000000000000000000000000000000000000000000000
111111111111111111100010000000000000000000000000000000011111110000000000000000000000000000000000000000000000000000000000
111111111111111111100111000000000000000000000000000000011111110000000000000000000000000000000000000000000000000000000000
111111111111111111111111110000000000000000000000000000011111110000000000000000000000000000000000000000000000000000000000
111111111111111111111111111000000000000000000000000000001111110000000000000000000000000000000000000000000000000000000000
111111111111111111111111111111111111111111111111111100011111110000000000000000000000000000000000000000000000000000000000
111111111111111111111111111111111111111111111111111111011111110000000000000000000000000000000000000000000000000000000000
111111111111111111111111111111111111111111111111111111111111110000000000000000000000000000000000000000000000000000000000
