000000000000000000000000000000000000000000000000000000000000000000000000000000000000000000000000000000000000000000000000
000000000000000000000000000000000000000000000000000000000000000000000000000000000000000000000000000000000000000000000000
000000000000000000000000000000000000000000000000000000000000000000000000000000000000000000000000000000000000000000000000
000000000000000000000000000000000000000000000000000000000000000000000000000000000000000000000000000000000000000000000000
000000000000000000000000000000000000000000000000000000000000000000000000000000000000000000000000000000000000000000000000
000000000000000000000000000000000000000000000000000000111111111000000000000000000000000000000000000000000000000000000000
000000000000000000000000000000000000000000000000000111111111111111111111000000000000000000000000000000000000000000000000
000000000000000000000000000000000000000000000000011111111111111111111000000000000000000000000000000000000000000000000000
000000000000000000000000000000000000000000000000111111111111111111111000000000000000000000000000000000000000000000000000
000000000000000000000000000000000000000000000000111111111111111111111100000000000000000000000000000000000000000000000000
000000000000000000000000000000000000000000000000111111111111111111111100000000000000000000000000000000000000000000000000
000000000000000000000000000000000000000000000011111111111111111111110000000000000000000000000000000000000000000000000000
000000000000000000000000000000000000000000000110111111111111111111111000000000000000000000000000000000000000000000000000
000000000000000000000000000000000000000000000001111111111111111111110000000000000000000000000000000000000000000000000000
000000000000000000000000000000000000000000000011111111111111111111100000000000000000000000000000000000000000000000000000
000000000000000000000001111111111111111111111111111111111111111111000000000000000000000000000000000000000000000000000000
000000000000000001111111111111110000000111111111111111111111111110000000000000000000000000000000000000000000000000000000
111111111111111111111110000000000000000000000000011111111111111111000000000000000000000000000000000000000000000000000000
111111111111111111100000000000000000000000000000000001111111111111111111110000000000000000000000000000000000000000000000
111111111111000000000000000000000000000000000000000001111111111111111111111111000000000000000000000000000000000000000000
111111111111000000000000000000000000000000000000000001111111111111111111111111110000000000000000000000000000000000000000
111111111111000000000000000000000000000000000000000000111111111111111111111111111111000000000000000000000000000000000000
111111111111000000000000000000000000000000000000000000111111111111111111111110001111111110000000000000000000000000000000
111111111111000000000000000000000000000000000000000000111111111111111111111111000001111111110000000000000000000000000000
111111111111000000000000000000000000000000000000000000011111111111111111111110000001111111111000000000000000000000000000
111111111111000000000000000000000000000000000000000000011111111111111111111111111111111111111110000000000000000000000000
111111111111000000000000000000000000000000000000000000011111111111111111111111111111111110001111110000000000000000000000
111111111111000000000000000000000000000000000000000000011111111111111111111111111111111100000011111100000000000000000000
111111111111000000000000000000000000000000000000000000001111111111110000000000000000000000000000111110000000000000000000
111111111111000000000000000000000000000000000000000000011111111111110000000000000000000000000000001111100000000000000000
111111111111000000000000000000000000000000000000000000111111111111111000000000000000000000000000000011110000000000000000
111111111111000000000000000000000000000000000000000001111111111111111000000000000000000000000000000001111100000000000000
111111111111000000000000000000000000000000000000000011111111111111111000000000000000000000000000000000011110000000000000
111111111111000000000000000000000000000000000000001111111111111111111100000000000000000000000000000000001111100000000000
111111111111000000000000000000000000000000000000011111111111111111111100000000000000000000000000000000000111110000000000
111111111111100000000000000000000000000000000000111111111111111111111100000000000000000000000000000000000001111111100000
111111111111100000000000000000000000000000000001111111111111111111111100000000000000000000000000000000000000111111110000
111111111111100000000000000000000000000000000001111111111111111111111100000000000000000000000000000000000000001111111000
011111111111110000000000000000000000000000000011111111111111111111111110000000000000000000000000000000000000000011111000
001111111111110000000000000000000000000000000111111111111111111111111110000000000000000000000000000000000000000000000000
