000000000000000000000000000000000000000000000000000000000000000000000000000000000000000000000000000000000000000000000000
000000000000000000000000000000000000000000000000000000000000000000000000000000000000000000000000000000000000000000000000
000000000000000000000000000000000000000000000000000000000000000000000000000000000000000000000000000000000000000000000000
000000000000000000000000000000000000000000000000000000000000000000000000000000000000000000000000000000000000000000000000
000000000000000000000000000000000000000000000000000001111111110000000000000000000000000000000000000000000000000000000000
000000000000000000000000000000000000000000000000011111111111111110001111100000000000000000000000000000000000000000000000
000000000000000000000000000000000000000000000011111111111111111111111111000000000000000000000000000000000000000000000000
000000000000000000000000000000000000000000000111111111111111111111111000000000000000000000000000000000000000000000000000
000000000000000000000000000000000000000000000111111111111111111111111000000000000000000000000000000000000000000000000000
000000000000000000000000000000000000000000000111111111111111111111111110000000000000000000000000000000000000000000000000
000000000000000000000000000000000000000000000111111111111111111111111110000000000000000000000000000000000000000000000000
000000000000000000000000000000000000000000111111111111111111111111111000000000000000000000000000000000000000000000000000
000000000000000000000000000000000000000001111111111111111111111111110000000000000000000000000000000000000000000000000000
000000000000000000000000000000000000000000000111111111111111111111111000000000000000000000000000000000000000000000000000
000000000000000000000000000000000000000000011111111111111111111111110000000000000000000000000000000000000000000000000000
000000000000000000000000111111111100000000111111111111111111111111000000000000000000000000000000000000000000000000000000
000000000000011111111111111111111111111111111111111111111111111111000000000000000000000000000000000000000000000000000000
000000001111111111111111111111111111111111111111111111111111111110000000000000000000000000000000000000000000000000000000
111111111111111000000000000000000000000000001111111111111111111000000000000000000000000000000000000000000000000000000000
111111111110000000000000000000000000000000000000001111111111111111100000000000000000000000000000000000000000000000000000
111111000000000000000000000000000000000000000000001111111111111111111111111000000000000000000000000000000000000000000000
100000000000000000000000000000000000000000000000001111111111111111111111111111100000000000000000000000000000000000000000
000000000000000000000000000000000000000000000000000111111111111111111111111111111000000000000000000000000000000000000000
000000000000000000000000000000000000000000000000000011111111111111111111111111111111000000000000000000000000000000000000
000000000000000000000000000000000000000000000000000111111111111111111111111111111111111100000000000000000000000000000000
000000000000000000000000000000000000000000000000000011111111111111111111111111000011111111111100000000000000000000000000
000000000000000000000000000000000000000000000000000011111111111111111111111111100000001111111110000000000000000000000000
000000000000000000000000000000000000000000000000000011111111111111111111111111000000111111111111000000000000000000000000
000000000000000000000000000000000000000000000000000001111111111111111111111111111111111111111111111000000000000000000000
000000000000000000000000000000000000000000000000000001111111111111111111111111111111111111110011111110000000000000000000
000000000000000000000000000000000000000000000000000001111111111111111111111111111111111111000000011111100000000000000000
000000000000000000000000000000000000000000000000000001111111111111110000000000000011111111000000000111111000000000000000
000000000000000000000000000000000000000000000000000001111111111111110000000000000000000000000000000001111100000000000000
000000000000000000000000000000000000000000000000000011111111111111110000000000000000000000000000000000011111000000000000
000000000000000000000000000000000000000000000000000111111111111111110000000000000000000000000000000000001111100000000000
000000000000000000000000000000000000000000000000011111111111111111111000000000000000000000000000000000000011111000000000
000000000000000000000000000000000000000000000000111111111111111111111000000000000000000000000000000000000001111100000000
000000000000000000000000000000000000000000000001111111111111111111111100000000000000000000000000000000000000111111000000
000000000000000000000000000000000000000000000111111111111111111111111100000000000000000000000000000000000000001111100000
000000000000000000000000000000000000000000000111111111111111111111111100000000000000000000000000000000000000000111110000
