111111111111111111111111111111111111111111111111111111111111111111111111111111111111111111111111111111111111111111111111
111111111111111111111111111111111111111111111111111111111111111111111111111111111111111111111111111111111111111111111111
111111111111111111111111111111111111111111111111111111111111111111111111111111111111111111111111111111111111111111111111
111111111111111111111111111111111111111111111111111111111111111111111111111111111111111111111111111111111111111111111111
111111111111111111111111111111111111111111111111111111111111111111111111111111111111111111111111111111111111111111111111
111111111111111111111111111111111111111111111111111111111111111111111111111111111111111111111111111111111111111111111111
111111111111111111111111111111111111111111111111111111111111111111111111111111111111111111111111111111111111111111111111
111111111111111111111111111111111111111111111111111111111111111111111111111111111111111111111111111111111111111111111111
111111111111111111111111111111111111111111111111111111111111111111111111111111111111111111111111111111111111111111111111
111111111111111111111111111111111111111111111111111111111111111111111111111111111111111111111111111111111111111111111111
111111111111111111111111111111111111111111111111111111111111111111111111111111111111111111111111111111111111111111111111
111111111111111111111111111111111111111111111111111111111111111111111111111111111111111111111111111111111111111111111111
111111111111111111111111111111111111111111111111111111000001111111111111111111111111111111111111111111111111111111111111
111111111111111111111111111111111111111111111111111110000000111111111111111111111111111111111111111111111111111111111111
111111111111111111111111111111111111111111111111111111000000011111111111111111111111111111111111111111111111111111111111
111111111111111111111111111111111111111111111111111111100001111111111111111111111111111111111111111111111111111111111111
111111111111111111111111111111111111111111111111111110000000111111111111111111111111111111111111111111111111111111111111
111111111111111111111111111111111111111111111111111100000000111111111111111111111111111111111111111111111111111111111111
111111111111111111111111111111111111111111111111111110000000111111111111111111111111111111111111111111111111111111111111
111111111111111111111111111111111111111111111111111110000000111111111111111111111111111111111111111111111111111111111111
111111111111111111111111111111111111111111111111111100000001111111111111111111111111111111111111111111111111111111111111
111111111111111111111111111111111111111111111111111000000001111111111111111111111111111111111111111111111111111111111111
111111111111111111111111111111111111111111111111111000000000111111111111111111111111111111111111111111111111111111111111
111111111111111111111111111111111111111111111111111000000000111111111111111111111111111111111111111111111111111111111111
111111111111111111111111111111111111111111111111110000000000011111111111111111111111111111111111111111111111111111111111
111111111111111111111111111111111111111111111111110000000000011111111111111111111111111111111111111111111111111111111111
111111111111111111111111111111111111111111111111110000000000011111111111111111111111111111111111111111111111111111111100
111111111111111111111111111111111111111111111111110000000000011111111111111111111111111111111111111111111111111111000000
111111111111111111111111111111111111111111111111100000000000001111111111111111111111111111111111111111111111111111000000
111111111111111111111111111111111111111111111111111000000000011111111111111111111111111111111111111111111111111111111100
111111111111111111111111111111111111111111111111111111100001111111111111111111111111111111111111111111111111111111111111
111111111111111111111111111111111111111111111111110000000000111111111111111111111111111111111111111111111111111111111111
111111111111111111111111111111111111111111111111111111111111111111111111111111111111111111111111111111111111111111111111
111111111111111111111111111111111111111111111111111111111111111111111111111111111111111111111111111111111111111111111111
111111111111111111111111111111111111111111111111111111111111111111111111111111111111111111111111111111111111111111111111
111111111111111111111111111111111111111111111111111111111111111111111111111111111111111111111111111111111111111111111111
111111111111111111111111111111111111111111111111111111111111111111111111111111111111111111111111111111111111111111111111
111111111111111111111111111111111111111111111111111111111111111111111111111111111111111111111111111111111111111111111111
111111111111111111111111111111111111111111111111111111111111111111111111111111111111111111111111111111111111111111111111
111111111111111111111111111111111111111111111111111111111111111111111111111111111111111111111111111111111111111111111111
