000111111111111111111111111111111111111111111111111111111111111111111111111111111111111111111111111111111111111111100111
011111111111111111111111111111111111111111111111111111111111111111111111111111111111111111111111111111111111111111110001
111111111111111111111111111111111111111111111111111111111111111111111111111111111111111111111111111111111111111111111000
111111111111111111111111111111111111111111111111111111111111111111111111111111111111111111111111111111111111111111111100
111111111111111111111111111111111111111111111111111111111111111111111111111111111111111111111111111111111111111111111100
111111111111111111111111111111111111111111111111111111111111111111111111111100000000000011111111111111111111111111111110
111111111111111111111111111111111111111111111111111111111111111111111111110000000000000000111111111111111111111111111110
111111111111111111111111111111111111111111111111111111111111111111111111100000000000000000001111111111111111111111111110
111111111111111111111111111111111111111111111111111111111111111111111111100000000000000000001111111111111111111111111110
111111111111111111111111111111111111111111111111111111111111111111111111100000000000000000001111111111111111111111111110
111111111111111111111111111111111111111111111111111111111111111111111111110000000000000000001111111111111111111111111100
111111111111111111111111111111111111111111111111111111111111111111111111111000000000000000111111111111111111111111111100
111111111111111111111111111111111111111111111111111111111111111111111111111111000000000011111111111111111111111111111000
111111111111111111111111111111111111111111111111111111111111111111111111111111111111111111111111111111111111111111111000
111111111111111111111111111111111111111111111111111111111111111111111111111111111111111111111111111111111111111111100000
111111111111111111111111111111111111111111111111111111111111111111111111111111111111111111111111111111111111111111000000
111111111111111111111111111000000000000000000011111111111111111111111111111111111111111111111111111111111111111110000000
111111111111111111111000000000000000000000000000000011111111111111111111111111111111111111111111111111111111111000000000
111111111111111110000000000000000000000000000000000000001111111111111111111111111111111111111111111111111111100000000000
111111111111110000000000000000000000000000000000000000000001111111111111111111111111111111111111111111111110000000000000
111111111110000000000000000000000000000000000000000000000000001111111111111111111111111111111111111111110000000000000000
111111111000000000000000000000000000000000000000000000000000000001111111111111111111111111111111111110000000000000000000
111111100000000000000000000000000000000000000000000000000000000000000011111111111111111111111111100000000000000000000000
111111000000000000000000000000000000000000000000000000000000000000000000000000011111111100000000000000000000000000000000
111110000000000000000000000000000000000000000000000000000000000000000000000000000000000000000000000000000000000000000000
111000000000000000000000000000000000000000000000000000000000000000000000000000000000000000000000000000000000000000000000
110000000000000000000000000000000000000000000000000000000000000000000000000000000000000000000000000000000000000000000000
110000000000000000000000000000000000000000000000000000000000000000000000000000000000000000000000000000000000000000000000
100000000000000000000000000000001111111111100000000000000000000000000000000000000000000000000000000000000000000000000000
100000000000000000000000000000111111111111111000000000000000000000000000000000000000000000000000000000000000000000000000
000000000000000000000000000001111111111111111100000000000000000000000000000000000000000000000000000000000000000000000000
000000000000000000000000000001111111111111111100000000000000000000000000000000000000000000000000000000000000000000000000
000000000000000000000000000001111111111111111000000000000000000000000000000000000000000000000000000000000000000000000000
000000000000000000000000000000111111111111110000000000000000000000000000000000000000000000000000000000000000000000000000
100000000000000000000000000000000111111111000000000000000000000000000000000000000000000000000000000000000000000000000000
100000000000000000000000000000000000000000000000000000000000000000000000000000000000000000000000000000000000000000000000
110000000000000000000000000000000000000000000000000000000000000000000000000000000000000000000000000000000000000000000000
110000000000000000000000000000000000000000000000000000000000000000000000000000000000000000000000000000000000000000000000
011000000000000000000000000000000000000000000000000000000000000000000000000000000000000000000000000000000000000000000001
000000000000000000000000000000000000000000000000000000000000000000000000000000000000000000000000000000000000000000000111
