111111111111111111111111111111111111111111111111111111111111110000001111111111111111111111111111111111111111111111111100
111111111111111111111111111111111111111111111111111111111111100000001111111111111111111111111111111111111111111111111100
111111111111111111111111111111111111111111111111111111111111100000011111111111111111111111111111111111111111111111111100
111111111111111111111111111111111111111111111111111111111111100000011111111111111111111111111111111111111111111111111000
111111111111111111111111111111111111111111111111111111111111100000001111111111111111111111111111111111111111111111111000
111111111111111111111111111111111111111111111111111111111111000000000111111111111111111111111111111111111111111111111100
111111111111111111111111111111111111111111111111111111111111000000000111111111111111111111111111111111111111111111111110
111111111111111111111111111111111111111111111111111111111111100000000011111111111111111111111111111111111111111111111111
111111111111111111111111111111111111111111111111111111111111100000000011111111111111111111111111111111111111111111111111
111111111111111111111111111111111111111111111111111111111111100000000111111111111111111111111111111111111111111111111111
001111111111111111111111111111111111111111111111111111111111100000011111111111111111111111111111111111111111111111111111
001111111111111111111111111111111111111111111111111111111111111001111111111111111111111111111111111111111111111111111111
001111111111111111111111111111111111111111111111111111111111111111111111111111111111111111111111111111111111111111111111
001111111111111111111111111111111111111111111111111111111111111111111111111111111111111111111111111111111111111111111111
011111111111111111111111111111111111111111111111111111111111111111111111111111111111111111111111111111111111111111111111
111111111111111111111111111111111111111111111111111111111111111111111111111111111111111111111111111111111111111111111111
111111111111111111111111111111111111111111111111111111111111111111111111111111111111111111111111111111111111111111111111
111111111111111111111111111111111111111111111111111111111111111111111111111111111111111111111111111111111111111111111111
111111111111111111111111111111111111111111111111111111111111111111111111111111111111111111111111111111111111111111111111
111111111111111111111111111111111111111111111111111111111111111111111111111111111111111111111111111111111111111111111111
011111111111111111111111111111111111111111111111111111111111111111111111111111111111111111111111111111111111111111111111
011111111111111111111111111111111111111111111111111111111111111111111111111111111111111111111111111111111111111111111111
001111111111111111111111111111111111111111111111111111111111111111111111111111111111111111111111111111111111111111111111
001111111111111111111111111111111111111111111111111111111111111111111111111111111111111111111111111111111111111111111111
000111111111111111111111111111111111111111111111111111111111111000111111111111111111111111111111111111111111111111111111
000011111111111111111111111111111111111111111111111111111111110000011111111111111111111111111111111111111111111111111110
000001111111111111111111111111111111111111111111111111111111100000001111111111111111111111111111111111111111111111111100
000001111111111111111111111111111111111111111111111111111111100000011111111111111111111111111111111111111111111111111100
000000000111111111111111111111111111111111111111111111111111111111111111111111111111111111111111111111111111111111111000
000000000001111111111111111111111111111111111111111111111111111111111111111111111111111111111111111111111111111111110000
000000000001111111111111111111111111111111111111111111111111111111111111111111111111111111111111111111111111111111100000
000000000000011111111111111111111111111111111111111111111111111111111111111111111111111111111111111111111111111111100000
000000000000001111111111111111111111111111111111111111111111111111111111111111111111111111111111111111111111111111000000
000000000000000111111111111111111111111111111111111111111111111111111111111111111111111111111111111111111111110000000000
000000000000000001111111111111111111111111111111111111111111111111111111111111111111111111111111111111111110000000000000
000000000000000000011111111111111111111111111111111111111111111111111111111100111111111111111111111111111110000000000000
000000000000000000000000000000000000001111111111111111111111111111111111111100011111111111111111111111111110000000000000
000000000000000000000000000000000000000000111111111111111111111111111111111100000000000000000000000001111000000000000000
000000000000000000000000000000000000000000111111111111111111111111111111111100000000000000000000000000000000000000000000
000000000000000000000000000000000000000000111111111111111111111111111111111100000000000000000000000000000000000000000000
