000000000000000000000000000000000000000000000000000000000000111111111111111111111111111111111111111111111111111111111111
000000000000000000000000000000000000000000000000000000000000111111111111111111111111111111111111111111111111111111111111
000000000000000000000000000000000000000000000000000000000000111111111111111111111111111111111111111111111111111111111111
000000000000000000000000000000000000000000000000000000000000111111111111111111111111111111111111111111111111111111111111
000000000000000000000000000000000000000000000000000000000000111111111111111111111111111111111111111111111111111111111111
000000000000000000000000000000000000000000000000000000000000111111111111111111111111111111111111111111111111111111111111
000000000000000000000000000000000000000000000000000000000000111111111111111111111111111111111111111111111111111111111111
000000000000000000000000000000000000000000000000000000000000111111111111111111111111111111111111111111111111111111111111
000000000000000000000000000000000000000000000000000000000000111111111111111111111111111111111111111111111111111111111111
000000000000000000000000000000000000000000000000000000000000111111111111111111111111111111111111111111111111111111111111
000000000000000000000000000000000000000000000000000000000000111111111111111111111111111111111111111111111111111111111111
000000000000000000000000000000000000000000000000000000000000111011111111111111111111111111111111111111111111111111111111
000000000000000000000000000000000000000000000000000011000111000000000001110011111111111111111111111111111111111111111111
000000000000000000000000000000000000000000000000000011111111000000000000000011111111111111111111111111111111111111111111
000000000000000000000000000000000000000000000000000001111111000000000000000011111111111111111111111111111111111111111111
000000000000000000000000000000000000000000000000000001111111000000000000000111111111111111111111111111111111111111111111
000000000000000000000000000000000000000000000000000011111111000000000000000001111111111111111111111111111111111111111111
000000000000000000000000000000000000000000000000000111111111000000000000000001111111111111111111111111111111111111111111
000000000000000000000000000000000000000000000000001000111111000000000000000110111111111111111111111111111111111111111111
000000000000000000000000000000000000000000000000000101111111000000000000000110011111111111111111111111111111111111111111
000000000000000000000000000000000000000000000000000001101111000000000000111001111111111111111111111111111111111111111111
000000000000000000000000000000000000000000000000000000011110000000010000001111111111111111111111111111111111111111111111
000000000000000000000000000000000000000000000000000000111111000000000001111111111111111111111111111111111111111111111111
000000000000000000000000000000000000000000000000000011111111000000000000001111111111111111111111111111111111111111111111
000000000000000000000000000000000000000000000000001111111111000000000000001111111111111111111111111111111111111111111111
000000000000000000000000000000000000000000000000011111111111000000000000001111111111111111111111111111111111111111111111
000000000000000000000000000000000000000000000011111111111111000000000000000111111111111111111111111111111111111111111111
000000000000000000000000000000000000000000000011111111111111000000000000000011111111111111111111111111111111111111111111
000000000000000000000000000000000000000000000000011111111111000000000000000111111000111111111111111111111111111111111111
000000000000000000000000000000000000000000000000111111111111000000000000000111000000001111111111111111111111111111111111
000000000000000000000000000000000000000000000000111111111111000000000000000000000000011111111111111111111111111111111111
000000000000000000000000000000000000000000000001111111111111000000000000000000000000111111111111111111111111111111111111
000000000000000000000000000000000000000000000001111111111111000000000000000000000111111111111111111111111111111111111111
000000000000000000000000000000000000000000000000011111111111000000000000000000111111111111111111111111111111111111111111
000000000000000000000000000000000000000000000000011111111111000000000000000111111111111111111111111111111111111111111111
000000000000000000000000000000000000000000000000011111111111000000000000011111111111111111111111111111111111111111111111
000000000000000000000000000000000000000000000000011111111111000000000000011111111111111111111111111111111111111111111111
000000000000000000000000000000000000000000000000111111111111000000000000011111111111111111111111111111111111111111111111
000000000000000000000000000000000000000000000001111111111111000000000000001111111111111111111111111111111111111111111111
000000000000000000000000000000000000000000000001111111111111000000000000000111111111111111111111111111111111111111111111
