111111111111111111111111111111111111111111111111111111111111111111111111111111111111111111111111111111111111111111111111
111111111111111111111111111111111111111111111111111111111111111111111111111111111111111111111111111111111111111111111111
111111111111111111111111111111111111111111111111111111111111111111111111111111111111111111111111111111111111111111111111
111111111111111111111111111111111111111111111111111111111111111111111111111111111111111111111111111111111111111111111111
111111111111111111111111111111111111111111111111111111111111111111111111111111111111111111111111111111111111111111111111
111111111111111111111111111111111111111111111111111000000000000000001111111111111111111111111111111111111111111111111111
111111111111111111111111111111111111111111111111100000000000000000000001111100011111111111111111111111111111111111111111
111111111111111111111111111111111111111111111111000000000000000000000000000000001111111111111111111111111111111111111111
111111111111111111111111111111111111111111111110000000000000000000000000000000001111111111111111111111111111111111111111
111111111111111111111111111111111111111111111110000000000000000000000000000000000111111111111111111111111111111111111111
111111111111111111111111111111111111111111111110000000000000000000000000000000000001111111111111111111111111111111111111
111111111111111111111111111111111111111111111100000000000000000000000000000000111111111111111111111111111111111111111111
111111111111111111111111111111111111111111100000000000000000000000000000000000111111111111111111111111111111111111111111
111111111111111111111111111111111111111111100000000000000000000000000000000011111111111111111111111111111111111111111111
111111111111111111111111111111111111111111111000000000000000000000000000001011111111111111111111111111111111111111111111
111111111111111111111111111111111111111111111110000000000000000000000000111111111111111111111111111111111111111111111111
111111111111111111111111111111111111111111111100000000000000000000000000011111111111111111111111111111111111111111111111
111111111111111111111111111111111111111111111101000000000000000000000000011111111111111111111111111111111111111111111111
111111111111111111111111111111111111111111111111110000000000000000000011111111111111111111111111111111111111111111111111
111111111111100011111111111111111111111111111111111111110000000011111111111111111111111111111111111111111111111111111111
111111111110000000011111111111111111111111111111000000000000000000001111111111111111111111111111111111101111111111111111
111111111000000000000011111111111111111111111000000000000000000000000000001111111111111111111111111110000111111111111111
111111000000000000000000011111111111111111110000000000000000000000000000000111111111111111111110000000000001111111111111
111100000000000000000000000111111111111111100000000000000000000000000000000011111111111111100000000000000000111111111111
000000000000000000000000000000001111111111000000000000000000000000000000000000000111110000000000000000000000001111111111
000000000000000000000000000000000000000000000000000000000000000000000000000000000000000000000000000000000000000011111111
000000000110001100000000000000000000000000000000000000000000000000000000000000000000000000000000000000000000000000111111
000000011111011111000000000000000000001111100000000000000000000000000000000000000000000000000000000000000000000000001111
111101111111111111111111111110000001111111110000000000000000000000000000000111110000001111100000111111011110000000000001
111111111111111111111111111111111111111111110000000000000000000000000000000111111111111111111111111111111111000000000000
111111111111111111111111111111111111111111110000000000000000000000000000000111111111111111111111111111111111100000000000
111111111111111111111111111111111111111111110000000000000000000000000000000111111111111111111111111111111111111111111111
111111111111111111111111111111111111111111110000000000000000000000000000000111111111111111111111111111111111111111111111
111111111111111111111111111111111111111111111111100000000000000000000000011111111111111111111111111111111111111111111111
111111111111111111111111111111111111111111111111100000000000000000000011111111111111111111111111111111111111111111111111
111111111111111111111111111111111111111111111110000000000000000000000000111111111111111111111111111111111111111111111111
111111111111111111111111111111111111111111111111000000000000000000000000011111111111111111111111111111111111111111111111
111111111111111111111111111111111111111111111111000000000000000000000000111111111111111111111111111111111111111111111111
111111111111111111111111111111111111111111111110000000000000000000000000011111111111111111111111111111111111111111111111
111111111111111111111111111111111111111111111100000000000000000000000000001111111111111111111111111111111111111111111111
