000000000000000000000000000000000000000000011111111111111110001111111111111000000000000000000000000000000000000000000000
000000000000000000000000000000000000000000000001111111111110001111111111111111000000000000000000000000000000000000000000
000000000000000000000000000000000000000000000000000000000000001111111111111111110000000000000000000000000000000000000000
000000000000000000000000000000000000000000000000000000000000000111111111100001111100000000000000000000000000000000000000
000000000000000000000000000000000000000000000000000000000000000000111000000000001111000000000000000000000000000000000000
000000000000000000000000000000000000000000000000000000000000000000000000000000000011100000000000000000000000000000000000
000000000000000000000000000000000000000000000000000000000000000000000000000000000000111100000000000000000000000000000000
000000000000000000000000000000000000000000000000000000000000000000000000000000000000000111100000000000000000000000000000
000000000000000000000000000000000000000000000000000000000000000000000000000000000000000000001000000000000000000000000000
000000000000000000000000000000000000000000000000000000000000000000000000000000000000000000000000000000000000000000000000
000000000000000000000000000010000000000000000000000000000000000000000000000000000000000000000000000000000000000000000000
000000000000000000000000000011111111000000000000000000000000000000000000000000000000000000000000000000000000000000000000
000000000000000000000000000000000011111111000000000000000000000000000000000000000000000000000000000000000000000000000000
000000000000000000000000000000000000000001111111000000000000001111110000000000000000000000000000000000000000000000000000
000000000000000010000000000000000000000000000000011111000001111111111111000000000000000000000000000000000000000000000000
000000000000001111100000000000000000000000000000000000001111111111111111110000000000000000000000000000000000000000000000
000000000000001111100000000000000000000000000000000000000011111111111111111000000000000000000000000000000000000000000000
000000000000001111100000000000000000000000000000000000000000111111111111111100000000000000000000000000000000000000000000
000000000000011111100000000000000000000000000000000000000000001111111111111111110000000000000000000000000000000000000000
000000000000011111111000000000000000000000000000000000000000011111111111111100001110000000000000000000000000000000000000
000000000000111111111100000000000000000000000000000000000000011111111111110000000000000000000000000000000000000000000000
000000000000011111110000000000000000000000000000000000000000001111111110000000000000000000000000000000000000000000000000
000000000000011111110000000000000000000000000000000000000000001111111110000000000000000000000000000000000000000000000000
000000000000011111110000000000000000000000000000000000000000011111111110000000011100000000000000000000000000000000000000
000000000000111111111000000000000000000000000000000000000000111111111110000111111110000000000000000000000000000000000000
000000000000111111111000000000000000000000000000000000000000011111111111111111100000000000000000000000000000000000000000
000000000000111111101100000000000000000000000111111000110000111111111111111000000000000000000000000000000000000000000000
000000000000001111100000000000000000000000000000000001111111111111111111000000000000000000000000000000000000000000000000
001111111111111000000000000000000000000000000000000000000011111111111111110000000000000000000000000000000000000000000000
000000000000000000000000000000000000000000000000000000011111111111111111111111111111111000000000000000000000000000000000
000000000000000000000000000000000000000000000000001111111111111111111111111000000000000000000000000000000000000000000000
000000000000000000000000000000000000000000000011111110001111111111111111111111000000000000000000000000000000000000000000
000000000000000000000000000000000000000000111111000000011111111111111111111111110000000000000000000000000000000000000000
000000000000000000000000000000000000000000000000000000111111111111111111111111111100000000000000000000000000000000000000
000000000000000000000000000000000000000000000000000000111111111111111111111111111111000000000000000000000000000000000000
000000000000000000000000000000000000000000000000000011111111111111111111111111111111000000000000000000000000000000000000
000000000000000000000000000000000000000000000000001111111111111111111111111111111110000000000000000000000000000000000000
000000000000000000000000000000000000000000000000011111011111111111111111111111100000000000000000000000000000000000000000
000000000000000000000000000000000000000000000000111100000000111111110000011100000000000000000000000000000000000000000000
000000000000000000000000000000000000000000000001111000000000000000000000011110000000000000000000000000000000000000000000
