000000000000000000000000000000000111111111111111111111111111111111111111111111111100000000000000001111111111111111111111
000000000000000000000000000000000000011111111111111111111111111111111111111111100000000000000000000011111111111111111111
000000000000000000000000000000000000111111111111111111111111111111111111111100000000000000000000000000011111111111111111
000000000000000000000000000000000011111111111111111111111111111111111110000000000000000000000000000000000001111111111111
000000000000000000000000000000000011111111111111111111111111111100000000000000000000000000000000000000000000000011111111
000000000000000000000000000000000000111111111111111111111111000000000000000000000000000000000000000000000000000000000111
000000000000000000000000000000000000011111111111111111111111000000000000000000000000000000000000000000000000000000000000
000000000000000000000000000000000000000111111111111111111111000000000000000000000000000000000000000000000000000000000000
000000000000000000000000000000000000000001111111111111111111100000000000000000000000000000000000000000000000000000000000
000000000000000000000000000000000000000011111111111111111111110000000000000000000000000000000000000000000000000000000000
000000000000000000000000000000000000111111111111111111111111111000000000000000000000000000000000000000000000000000000000
000000000000000000000000000000001111111111111111111111111111111110000000000000000000000000000000000000000000000000000000
000000000000000000000000000000000111111111111111111111111111111111000000000000000000000000000000000000000000000000000001
000000000000000000000000000000000011111111111111111111111111111111110000000000000000000110000000000000000000000000000011
000000000000000000000000000000000011111111111111111111111111111111111110000000000000000110000000000000000000000000011111
001111000000000000000000000000000001111111111111111111111111111111111111110000000000001110000000000000000000000001111111
111111110000000000111111000000000001111111111111111111111111111111111111111111000000011111000000000000000000011111111111
111111111110000001111111111111000011111111111111111111111111111111111111111111111111111111110000000000011111111111111111
111111111111101111111111111111111111111111111111111111111111111111111111111111111111111111111111111111111111111111111111
111111111111111111111111111111111111111111111111111111111111111111111111111111111111111111111111111111111111111111111111
111111111111111111111111111111111111111111111111111111111111111111111111111111111111111111111111111111111111111111111111
111111111110001111111111111111111111111111111111111111111111111111111111111111111111111100011111111111111111111111111111
111111111100000011111111111111111111111111111111111111111111111111111111111111111111111000000001111111111100011111111111
111111111000000000111111111111111111111111111111111111111111111111111111111111111111110000000000000111110000000011111111
111111110000000000011111111111111111111111111111111000011111111111111111111111111111100000000000000000000000000001111111
111111100000000000000111111111111111111000000000000000111111111111100000000000011111100000000000000000000000000000011111
111111100000000000000011111111110000000000000000000011111111111111000000000000000000000000000000000000000000000000000000
111111100000000000000011111100000000000000000000000111111111111111100000000000000000000000000000000000000000000000000000
111111100000000000000011100000000000000000000000011111111111111111110000000000000000000000000000000000000000000000000000
000111110000000000000010000000000000000000000000111111111111111111111000000000000000000000000000000000000000000000000000
000000001100000000000000000000000000000000000011111111111111111111111110000000000000000000000000000000000000000000000000
000000000000000000000000000000000000000000001111111111111111111111111111000000000000000000000000000000000000000000000000
000000000000000000000000000000000000000000111111111111111111111111111111110000000000000000000000000000000000000000000000
000000000000000000000000000000000000001111111111111111111111111111111111000000000000000000000000000000000000000000000000
110000000000000000000000000000000111111111111111111111111111111111111100000000000000000000000000000000000000000000000000
111111000000000000000000000000000001111111111111111111111111111111100000000000000000000000000000000000000000000000000000
111110000000000000000000000000000000001111111111111111111111111111000000000000000000000000000000000000000000000000000000
100000000000000000000000000000000000000001111111111111111111111111100000000000000000000000000000000000000000000000000000
000001111110000000000000000000000000000000011111111111111111111111111100000000000000000000000000000000001011111110000000
011111111100000000000011000000000000000000001111111111111111111111111111100000000000000000000000000000011111111111100000
