000000000000000000000000000000000000000000000000000000000000000000000000000000000000000000000000000000000000000000000000
000000000000000000000000000000000000000000000000000000000000000000000000000000000000000000000000000000000000000000000000
000000000000000000000000000000000000000000000111111111110000000000000000000000000000000000000000000000000000000000000000
000000000000000000000000000000000000000001111111111111111110001111111110000000000000000000000000000000000000000000000000
000000000000000000000000000000000000001111111111111111111111111111111100000000000000000000000000000000000000000000000000
000000000000000000000000000000000001111111111111111111111111111111110000000000000000000000000000000000000000000000000000
000000000000000000000000000000000011111111111111111111111111111110000000000000000000000000000000000000000000000000000000
000000000000000000000000000000000011111111111111111111111111111111000000000000000000000000000000000000000000000000000000
000000000000000000000000000000000011111111111111111111111111111111111000000000000000000000000000000000000000000000000000
000000000000000000000000000000000011111111111111111111111111111111110000000000000000000000000000000000000000000000000000
000000000000000000000000000000000011111111111111111111111111111111111000000000000000000000000000000000000000000000000000
000000000000000000000000000000000111111111111111111111111111111111000000000000000000000000000000000000000000000000000000
000000000000000000000000000000011111111111111111111111111111111111000000000000000000000000000000000000000000000000000000
000000000000000000000000000001111111111111111111111111111111111111100000000000000000000000000000000000000000000000000000
111111111111111111111100000000110001111111111111111111111111111111000000000000000000000000000000000000000000000000000000
111111111111111111111111111111111001111111111111111111111111111110000000000000000000000000000000000000000000000000000000
111111111111111111111111111111111111111111111111111111111111111100000000000000000000000000000000000000000000000000000000
000000000000000000000011111111111111111111111111111111111111111000000000000000000000000000000000000000000000000000000000
000000000000000000000000000000011111111111111111111111111111110000000000000000000000000000000000000000000000000000000000
000000000000000000000000000000001111111111111111111111111111100000000000000000000000000000000000000000000000000000000000
000000000000000000000000000000001111111111111111111111111111000000000000000000000000000000000000000000000000000000000000
000000000000000000000000000000000011111111111111111111111111111110000000000000000000000000000000000000000000000000000000
000000000000000000000000000000000000001111111111111111111111111111111000000000000000000000000000000000000000000000000000
000000000000000000000000000000000000000000111111111111111111111111111111111000000000000000000000000000000000000000000000
000000000000000000000000000000000000000000111111111111111111111111111111111111100000000000000000000000000000000000000000
000000000000000000000000000000000000000000111111111111111111111111111111111111111100000000000000000000000000000000000000
000000000000000000000000000000000000000000001111111111111111111111110111111111111111000000000000000000000000000000000000
000000000000000000000000000000000000000000001111111111111111111111110111111111111111110000000000000000000000000000000000
000000000000000000000000000000000000000000001111111111111111111111111111111111111111111110000000000000000000000000000000
000000000000000000000000000000000000000000001111111111111111111111111111111111111111111111110000000000000000000000000000
000000000000000000000000000000000000000000001111111111111111111111111111111111110000111111111111000000000000000000000000
000000000000000000000000000000000000000000000111111111111111111111111111111111111000000111111111111000000000000000000000
000000000000000000000000000000000000000000000111111111111111111111111111111111111100000001111111111111000000000000000000
000000000000000000000000000000000000000000000011111111111111111111111111111111110000000011111111111111000000000000000000
000000000000000000000000000000000000000000000011111111111111111111111111111111111111111111111111111111100000000000000000
000000000000000000000000000000000000000000000011111111111111111111111111111111111111111111111111111111111000000000000000
000000000000000000000000000000000000000000000011111111111111111111111111111111111111111111111111100111111110000000000000
000000000000000000000000000000000000000000000011111111111111111111111111111111111111111111111100000001111111100000000000
000000000000000000000000000000000000000000000001111111111111111111111000000000001111111111111100000000011111110000000000
000000000000000000000000000000000000000000000001111111111111111111100000000000000000000111111000000000001111111100000000
