000000000000000000000000000000000000000000000000000000000000000000000000000000000000000000000000000000000000000000000000
000000000000000000000000000000000000000000000000000000000000000000000000000000000000000000000000000000000000000000000000
000000000000000000000000000000000000000000000000000000000000000000000000000000000000000000000000000000000000000000000000
000000000000000000000000000000000000000000000000000000000000000000000000000000000000000000000000000000000000000000000000
000000000000000000000000000000000000000000000000000000000000000000000000000000000000000000000000000000000000000000000000
000000000000000000000000000000000000000000000000000000000000000000000000000000000000000000000000000000000000000000000000
000000000000000000000000000000000000000000000000000000000000000000000000000000000000000000000000000000000000000000000000
000000000000000000000000000000000000000000000000000000000000000000000000000000000000000000000000000000000000000000000000
000000000000000000000000000000000000000000000000000000000000000000000000000000000000000000000000000000000000000000000000
000000000000000000000000000000000000000000000000000000000000000000000000000000000000000000000000000000000000000000000000
000000000000000000000000000000000000000000000000000000000000000001100111111000000000000000000000000000000000000000000000
000000000000000000000000000000000000000000000000000000000000000001001111111000000000000000000000000000000000000000000000
000000000000000000000000000000000000000000000000000000000000000011000111111000000000000000000000000000000000000000000000
000000000000000000000000000000000000000000000000000000000000000010000011111100000000000000000000000000000000000000000000
000000000000000000000000000000000000000000000000000000000000000010000011111100000000000000000000000000000000000000000000
000000000000000000000000000000000000000000000000000000000000000010000011111000000000000000000000000000000000000000000000
000000000000000000000000000000000000000000000000000000000000000010000011111100000000000000000000000000000000000000000000
000000000000000000000000000000000000000000000000000000000000000010000111111110000000000000000000000000000000000000000000
000000000000000000000000000000000000000000000000000000000000000000011111111111000000000000000110000000000000000000000000
000000000000000000000000000000000000000000000000000000000000000001111111111111000000000000001110000000000000000000000000
000000000000000000000000000000000000000000000000000000000000000001111111111111000000000000011110000000000000000000000000
000000000000000000000000011111111111111111111111111100000000000011111111111111000111111111111110000000000000000000000000
000000000000000000000000011111111111111111111111111111111111111111111111111111111111111111111000000000000000000000000000
000000000000000000000000001111111111111111111111111111111111111111111111111111111111111111110000000000000000000000000000
000000000000000000000000000001111111111111111111111111111111111111111111111111111111111111100000000000000000000000000000
000000000000000000000000000000011111111111111111111111111111111111111111111111111111111111000000000000000000000000000000
000000000000000000000000000000000000000001111111111111111111111111111111111111111111111110000000000000000000000000000000
000000000000000000000000000000000000000000001111111111111111111111111111111111111111111000000000000000000000000000000000
000000000000000000000000000000000000000000000001111111111111111111111111111111111111100000000000000000000000000000000000
000000000000000000000000000000000000000000000000000011110000000000000000000000000000000000000000000000000000000000000000
000000000000000000000000000000000000000000000000000000000000000000000000000000000000000000000000000000000000000000000000
000000000000000000000000000000000000000000000000000000000000000000000000000000000000000000000000000000000000000000000000
000000000000000000000000000000000000000000000000000000000000000000000000000000000000000000000000000000000000000000000000
000000000000000000000000000000000000000000000000000000000000000000000000000000000000000000000000000000000000000000000000
000000000000000000000000000000000000000000000000000000000000000000000000000000000000000000000000000000000000000000000000
000000000000000000000000000000000000000000000000000000000000000000000000000000000000000000000000000000000000000000000000
000000000000000000000000000000000000000000000000000000000000000000000000000000000000000000000000000000000000000000000000
000000000000000000000000000000000000000000000000000000000000000000000000000000000000000000000000000000000000000000000000
000000000000000000000000000000000000000000000000000000000000000000000000000000000000000000000000000000000000000000000000
000000000000000000000000000000000000000000000000000000000000000000000000000000000000000000000000000000000000000000000000
