111111111111111111111111111111111111111111111111111100000000000000000001111111111111111111111111111111111111111111111111
111111111111111111111111111111111111111111111111111100000000000000000001111111111111111111111111111111111111111111111111
111111111111111111111111111111111111111111111111111100000000000000000001111111111111111111111111111111111111111111111111
111111111111111111111111111111111111111111111111111110000000000000000000110110111000000111111111111111111111111111111111
111111111111111111111111111111111111111111111111111110000000000000000000110000100000000011111111111111111111111111111111
111111111111111111111111111111111111111111111111111111000000000000000000000000000000000011111111111111111111111111111111
111111111111111111111111111111111111111111111111111111000000000010000000000000000000000111111111111111111111111111111111
111111111111111111111111111111111111111111111111111111100000000010000000000000000000001111111111111111111111111111111111
111111111111111111111111111111111111111111111111111111100000000000000000000000000000011111111111111111111111111111111111
111111111111111111111111111111111111111111111111111111000000000000000000000000000001111111111111111111111111111111111111
111111111111111111111111111111111111111111111111111111000000000000000000000000000001111111111111111111111111111111111111
111111111111111111111111111111111111111111111111111111000000000000000000000000001111111111111111111111111111111111111111
111111111111111111111111111111111111111111111111111111000000000000000000000000111111111111111111111111111111111111111111
111111111111111111111111111111111111111111111111111111100000000000000000000001111111111111111111111111111111111111111111
111111111111111111111111111111111111111111111111111000000000000000000000000011111111111111111111111111111111111111111111
111111111111111111111111111111111111111111111110000000000000000000000000000000000001111111111111111111111111111111111111
111111111111111111111111111111111111111111110000000000000111110000000000000000000001111111111111111111111111111111111111
111111111111111111111111111111111111111111100000000011111111000000000000000000001111111111111111111111111111111111111111
111111111111111111111111111111111111111111100000011111111110000000000000000000111111111111111111111111111111111111111111
111111111111111111111111111111111111111111000000111111111000000000000000000111111111111111111111111111111111111111111111
111111111111111111111111111111111111111110000001111111000000000000000000000111111111111111111111111111111111111111111111
111111111111111111111111111111111111111100000001111100000000000000000000000011100011111111111111111111111111111111111111
111111111111111111111111111111111101110000000011110000000000000000000000000000000111111111111111111111111111111111111111
111111111111111111111111111111110000000001111111100000000000000000000000000000001111111111111111111111111111111111111111
111111111111111111111111111111111011111111111111110001111111111100000000000000011111111111111111111111111111111111111111
111111111111111111111111111111111111111111111111111111111111111111100000000000111111111111111111111111111111111111111111
111111111111111111111111111111111111111111111111111111111111111111111111111111111111111111111111111111111111111111111111
111111111111111111111111111111111111111111111111111111111111111111111111111111111111111111111111111111111111111111111111
111111111111111111111111111111111111111111111111111111111111111111111111111111111111111111111111111111111111111111111111
111111111111111111111111111111111111111111111111111111111111111111111111111111111111111111111111111111111111111111111111
111111111111111111111111111111111111111111111111111111111111111111111111111111111111111111111111111111111111111111111111
111111111111111111111111111111111111111111111111111111111111111111111111111111111111111111111111111111111111111111111111
111111111111111111111111111111111111111111111111111111111111111111111111111111111111111111111111111111111111111111111111
111111111111111111111111111111111111111111111111111111111111111111111111111111111111111111111111111111111111111111111111
111111111111111111111111111111111111111111111111111111111111111111111111111111111111111111111111111111111111111111111111
111111111111111111111111111111111111111111111111111111111111111111111111111111111111111111111111111111111111111111111111
111111111111111111111111111111111111111111111111111111111111111111111111111111111111111111111111111111111111111111111111
111111111111111111111111111111111111111111111111111111111111111111111111111111111111111111111111111111111111111111111111
111111111111111111111111111111111111111111111111111111111111111111111111111111111111111111111111111111111111111111111111
111111111111111111111111111111111111111111111111111111111111111111111111111111111111111111111111111111111111111111111111
