000000000000000000000000000000000000000000000000000000000000000000000000000000000000000000000000000000000000000000000000
000000000000000000000000000000000000000000000000000000000000000000000000000000000000000000000000000000000000000000000000
000000000000000000000000000000000000000000000000000000000000000000000000000000000000000000000000000000000000000000000000
000000000000000000000000000000000000000000000000000000000000000000000000000000000000000000000000000000000000000000000000
000000000000000000000000000000000000000000000000000000000000000000000000000000000000000000000000000000000000000000000000
000000000000000000000000000000000000000000000000000000000000000000000000000000000000000000000000000000000000000000000000
000000000000000000000000000000000000000000000000000000000000000000000000000000000000000000000000000000000000000000000000
000000000000000000000000000000000000000000000000000000000000000000000000000000000000000000000000000000000000000000000000
000000000000000000000000000000000000000000000000000000000000000000000000000000000000000000000000000000000000000000000000
000000000000000000000000000000000000000000000000000000000000000000000000000000000000000000000000000000000000000000000000
000000000000000000000000000000000000000000000000000000000000000000000000000000000000000000000000000000000000000000000000
000000000000000000000000000000000000000000000000000000000000000000000000000000000000000000000000000000000000000000000000
000000000000000000000000000000000000000000000000000000000000000000000000000000000000000000000000000000000000000000000000
000000000000000000000000000000000000000000000000000000000000000000000000000000000000000000000000000000000000000000000000
000000000000000000000000000000000000000000000000000000000000000000000000000000000000000000000000000000000000000000000000
000000000000000000000000000000000000000000000000000000000000000000000000000000000000000000000000000000000000000000000000
000000000000000000000000000000000000000000000000000000000000000000000000000000000000000000000000000000000000000000000000
000000000000000000000000000000000000000000000000000000000000000000000000000000000000000000000000000000000000000000000000
000000000000000000000000000000000000000000000000000000000000000000000000000000000000000000000000000000000000000000000000
000000000000000000000000000000000000000000000000000000000000000000000000000000000000000000000000000000000000000000000000
000000000000000000000000000000000000000000000000000000000000000000000000000000000000000000000000000000000000000000000000
000000000000000000000000000000000000000000000000000011100000000000000000000000000000000000000000000000000000000000000000
000000000000000000000000000000000000000000000000011111000000000000000000000000000000000000000000000000000000000000000000
000000000000000000000000000000000100001111111111111000000000000110000000000000000000000000000000000000000000000000000000
000000000000000000000000000000011111111111111110000000000000001111111000000000000000000000000000000000000000000000000000
000000000000000000000000000000111111111111100000000100000000001111111111110000000000000000000000000000000000000000000000
000000000000000000000000000000001110000000000000000111000000001111111111111111100000000000000000000000000000000000000000
000000000000000000000000000000001111110000000000000111100000001111111111111111100000000000000000000000000000000000000000
000000000000000000000000000000000111111100000000000011111100000111111111111111000000000000000000000000000000000000000000
000000000000000000000000000000000011111111100000000001111111000011111111111100000011110000000000000000000000000000000000
000000000000000000000000000000000001111111111100000001111111110000000000000000001111111110110000000000000000000000000000
000000000000000000000000000000000000011111111111100000111111111111111111110000111111111111100000000000000000000000000000
000000000000000000000000000000000000000011111111111110011111111111111111000011111111111111111000000000000000000000000000
000000000000000000000000000000000000000000111111111111111111111111111111101111111111111111111111100000000000000000000000
000000000000000000000000000000000000000000111111111111110111111111111111111111111111111111111110111000000000000000000000
000000000000000000000000000000000000000001111111111111110011111111111111111111111111111111111000011100000000000000000000
000000000000000000000000000000000000000001111111111111111001111111111111111111111111111110000011111000000000000000000000
000000000000000000000000000000000000000000111111111111111111111111111111111100000001111111111111100000000000000000000000
000000000000000000000000000000000000000000111111111111111111111000111110000000000000000000000000000000000000000000000000
000000000000000000000000000000000000000000001111111111111111111000000000000000000000000000000000000000000000000000000000
