111000000000000000000000011111111111111111111111111111111111000000000000000000000000000000000000000000000000000000000000
111000000000000000000000001111111111111111111111111111111111000000000000000000000000000000000000000000000000000000000000
111100000000000000000000001111111111111111111111111111111111000000000000000000000000000000000000000000000000000000000000
111110000000000000000000111111111111111111111111111111111111000000000000000000000000000000000000000000000000000000000000
111111000000000000000111111111111111111111111111111111111111000000000000000000000000000000000000000000000000000000000000
111111000000000000011111111111111111111111111111111111111111000000000000000000000000000000000000000000000000000000000000
111111000000000000111111111111111111111111111111111111111111000000000000000000000000000000000000000000000000000000000000
111110000000000001111111111111111111111111111111111111111111000000000000000000000000000000000000000000000000000000000000
111111000000000000011111111111111111111111111111111111111111000000000000000000000000000000000000000000000000000000000000
111111100000000000111111111111111111111111111111111111111111000000000000000000000000000000000000000000000000000000000000
111111110000000001111111111111111111111111111111111111111111000000000000000000000000000000000000000000000000000000000000
111111110000000000000000111111111111111111111111111111111111000000000000000000000000000000000000000000000000000000000000
111111111000000000000110000111111111111111111111111111111111000000000000000000000000000000000000000000000000000000000000
111111111000000011111111100000111111111111111111111111111111000000000000000000000000000000000000000000000000000000000000
111100000000000000000011111111111111111111111111111111111111000000000000000000000000000000000000000000000000000000000000
111100000000000000000001111111111111111111111111111111111111000000000000000000000000000000000000000000000000000000000000
111111110000000000000001111111111111111111111111111111111111000000000000000000000000000000000000000000000000000000000000
111111111000000001111111111111111111111111111111111111111111000000000000000000000000000000000000000000000000000000000000
111111111110000111111111111111111111111111111111111111111111000000000000000000000000000000000000000000000000000000000000
111111111111111111111111111111111111111111111111111111111111000000000000000000000000000000000000000000000000000000000000
111111111111111111111111111111111111111111111111111111111111000000000000000000000000000000000000000000000000000000000000
111111111111111111111111111111111111111111111111111111111111000000000000000000000000000000000000000000000000000000000000
111111111111111111111111111111111111111111111111111111111111000000000000000000000000000000000000000000000000000000000000
111111111111111111111111111111111111111111111111111111111111000000000000000000000000000000000000000000000111111110000000
111111111111111111111111111111111111111111111111111111111111000000000000000000000000000000000000000000111111111100000000
111111111111111111111111111111111111111111111111111111111111000000000000000000000000000000000000000000011111111100000000
111111111111111111111111111111111111111111111111111111111111000000000000000000000000000000000000000000111111111100000000
111111111111111111111111111111111111111111111111111111111111000000000000000000000000000000000000001111111111111100000000
111111111111111111111111111111111111111111111111111111111111000000000000000000000000000000000000011111111111111111100000
111111111111111111111111111111111111111111111111111111111111000000000000000000000000000000000001111111111111111111000000
111111111111111111111111111111111111111111111111111111111111000000000000000000000000000000000011111111111111111111100000
111111111111111111111111111111111111111111111111111111111111000000000000000000000000000000000000000011111111111111100000
111111111111111111111111111111111111111111111111111111111111000000000000000000000000000000000000000001111111111111100000
111111111111111111111111111111111111111111111111111111111111000000000000000000000000000000000000000000011111111111100000
111111111111111111111111111111111111111111111111111111111111000000000000000000000000000000000000000000000011111111100000
111111111111111111111111111111111111111111111111111111111111000000000000000000000000000000000000000000000111111111100000
111111111111111111111111111111111111111111111111111111111111000000000000000000000000000000000000000000000111111111100000
111111111111111111111111111111111111111111111111111111111111000000000000000000000000000000000000000000000111111111110000
111111111111111111111111111111111111111111111111111111111111000000000000000000000000000000000000000000001111111111110000
111111111111111111111111111111111111111111111111111111111111000000000000000000000000000000000000000000001111111111110000
