000000000000000000000000000000000000000000000000000000000000000000000000000000000000000000000000000000000000000000000000
000000000000000000000000000000000000000000000000000000000000000000000000000000000000000000000000000000000000000000000000
000000000000000000000000000000000000000000000000000000000000000000000000000000000000000000000000000000000000000000000000
000000000000000000000000000000000000000000000000000000000000000000000000000000000000000000000000000000000000000000000000
000000000000000000000000000000000000000000000000000000000000000000000000000000000000000000000000000000000000000000000000
000000000000000000000000000000000000000000000000000000011111111111000000000000000000000000000000000000000000000000000000
000000000000000000000000000000000000000000000000011111111111111111111000000000000000000000000000000000000000000000000000
000000000000000000000000000000000000000000000000111111111111111111111100000000000000000000000000000000000000000000000000
000001111111110000000000000000000000000000000011111111111111111111111000000000000000000000000000000000000000000000000000
000000011111111111111000000000000000000000001111111111111111111111111000000000000000000000000000000000000000000000000000
000000111111111111111111100000000000000000011111111111111111111111111000000000000000000000000000000000000000000000000000
000000111111111111100000011111111000000001111111111111111111111111111000000000000000000000000000000000000000000000000000
000001111111111111100000000000000111111111111111111111111111111111110000000000000000000000000000000000000000000000000000
000001111111111111000000000000000000000001111111111111111111111111100000000000000000000000000000000000000000000000000000
000011111111111110000000000000000000000000000111011111111111111111111111000000000000000000000000000000000000000000000000
000011111111111110000000000000000000000000000000011111111111111111111111111000000000000000000000000000000000000000000000
000011111111111100000000000000000000000000000000011111111111111111111111111111111111100000000000000000000000000000000000
000111111111111100000000000000000000000000000000001111111111111111111111111000000001111111111111111110000000000000000000
000111111111111000000000000000000000000000000000000000001111111111111111111100000000000000001111111111111111111111111000
000111111111111000000000000000000000000000000000000000001111111111111111111111000000000000001111111100000000011111111111
000111111111111000000000000000000000000000000000000000011111111111111111111111000000000111111111110000000000000000000000
000111111111111000000000000000000000000000000000000000111111111111111111111111101111111111111111000000000000000000000000
000111111111111000000000000000000000000000000000000001111100111111111111111111111111111111100000000000000000000000000000
000011111111111000000000000000000000000000000000000001111110011111111111111111111111110000000000000000000000000000000000
000011111111111000000000000000000000000000000000000000111111111111111111111100000000000000000000000000000000000000000000
000011111111111000000000000000000000000000000000000000000111111111111111111100000000000000000000000000000000000000000000
000001111111111000000000000000000000000000000000000000000000111111111111111100000000000000000000000000000000000000000000
000001111111111100000000000000000000000000000000000000000000011111111111111110000000000000000000000000000000000000000000
000000111111111100000000000000000000000000000000000000000000111111111111111111000000000000000000000000000000000000000000
000000111111111110000000000000000000000000000000000000000011111111111111111111000000000000000000000000000000000000000000
000000011111111111000000000000000000000000000000000000001111111111111111111111100000000000000000000000000000000000000000
000000001111111111100000000000000000000000000000000000111111111111111111111111111000000000000000000000000000000000000000
000000000111111111110000000000000000000000000000000111111111111111111111111111111110000000000000000000000000000000000000
000000000001111111110000000000000000000000000000111111111111111111111111111111111111000000000000000000000000000000000000
000000000000111111111000000000000000000000000011111111111111111111111111111111111100000000000000000000000000000000000000
000000000000011111111100000000000000000000011111111111111111111111111111111111111100000000000000000000000000000000000000
000000000000011111111100000000000000000001111111111111111111111111111111111111111110000000000000000000000000000000000000
000000000000001111111000000000000000000111111111111111111111111111111111111111111110000000000000000000000000000000000000
000000000000001111110000000000000000111111111111111111111111111111111111111111111111000000000000000000000000000000000000
000000000000001111110000000000000001111111111111111111111111111111111111111111111111000000000000000000000000000000000000
