000000000000000000000000000000000000000000000000000000000000000000000000000000000000000000000000000000000000000000000000
000000000000000000000000000000000000000000000000000000000000000000000000000000000000000000000000000000000000000000000000
000000000000000000000000000000000000000000000000000000000001000000000000000000000000000000000000000000000000000000000000
000000000000000000000000000000000000000000000000000000011111110000000000000000000000000000000000000000000000000000000000
000000000000000000000000000000000000000000000000000000011111111100000000000000000000000000000000000000000000000000000000
000000000000000000000000000000000000000000000000001111111111111100000000000000000000000000000000000000000000000000000000
000000000000000000000000000000000000000000000000001111111111111110000000000000000000000000000000000000000000000000000000
000000000000000000000000000000000000000000000001111111111111111111000000000000000000000000000000000000000000000000000000
000000000000000000000000000000000000000000000011111111111111111111110000000000000000000000000000000000000000000000000000
000000000000000000000000000000000000000000000011111111111111111111111000000000000000000000000000000000000000000000000000
000000000000000000000000000000000000000000000111111111111111111111111000000000000000000000000000000000000000000000000000
000000000000000000000000000000000000000000000011111111111111111111111100000000000000000000000000000000000000000000000000
000000000000000000000000000000000000000000000000001111111111111111111100000000000000000000000000000000000000000000000000
000000000000000000000000000000000000000000000000001111111111111111111110000000000000000000000000000000000000000000000000
000000000000000000000000000000000000000000000000000011111111111111111110000000000000000000000000000000000000000000000000
000000000000000000000000000000000000000000000000000000011111111111111110000000000000000000000000000000000000000000000000
000000000000000000000000000000000000000000000000000001111111111111111110000000000000000000000000000000000000000000000000
000000000000000000000000000000000000000000000000000011111111111111111111000000000000000000000000000000000000000000000000
000000000000000000000000000000000000000000000000000111111111111111111111100000000000000000000000000000000000000000000000
000000000000000000000000000000000000000000000000111111111111111111111111110000000000000000000000000000000000000000000000
000000000000000000000000000000000000000000000001111111111111111111111111111000000000000000000000000000000000000000000000
000000000000000000000000000000000000000000000011111111111111111111111111111000000000000000000000000000000000000000000000
000000000000000000100111111110010100000000000111111111111111111111111111111100000000000000000000000000000000000000000000
000000000000000000111111111111111111111110001111111111111111111111111111111100000000000000000000000000000000000000000000
000000000000000000000000000001111111111111111111111111111111111111111111111100000000000000000000000000000000000000000000
000000000000000000000000000000011111111111111111000111111111111111111111111000000000000000000000000000000000000000000000
000000000000000000000000000000000000000000111100000111111111111111111111111000000000000000000000000000000000000000000000
000000000000000000000000000000000000000000000000000111111111111111111111111100000000000000000000000000000000000000000000
000000000000000000000000000000000000000000000000000111111111111111111111111000000000000000000000000000000000000000000000
000000000000000000000000000000000000000000000000000111111111111111111111110000000000000000000000000000000000000000000000
000000000000000000000000000000000000000000000000000011111111111111111111100000000000000000000000000000000000000000000000
000000000000000000000000000000000000000000000000000011111111111111111111100000000000000000000000000000000000000000000000
000000000000000000000000000000000000000000000000000111111111111111111111000000000000000000000000000000000000000000000000
000000000000000000000000000000000000000000000000000011111111111111111111000000000000000000000000000000000000000000000000
000000000000000000000000000000000000000000000000000011111111111111111110000000000000000000000000000000000000000000000000
000000000000000000000000000000000000000000000000000111111111111111111110000000000000000000000000000000000000000000000000
000000000000000000000000000000000000000000000000000111111111111111111110000000000000000000000000000000000000000000000000
000000000000000000000000000000000000000000000000000111111111111111111100000000000000000000000000000000000000000000000000
000000000000000000000000000000000000000000000000000111111111111111111100000000000000000000000000000000000000000000000000
000000000000000000000000000000000000000000000000001111111111111111111100000000000000000000000000000000000000000000000000
