000000000000000000000000000000000001111111111111111111111111111100000000000000000000000000000000011111111111111111111111
000000000000000000000000000000000011111111111111111111110000000000000000000000000000000000000000000011111111111111111111
000000000000000000000000000000000000111111111111111111100000000000000000000000000000000000000000000000111111111111111111
000000000000000000000000000000000000000111111111111111100000000000000000000000000000000000000000000000000111111111111111
000000000000000000000000000000000000000001111111111111110000000000000000000000000000000000000000000000000000111111111111
000000000000000000000000000000000000000000011111111111110000000000000000000000000000000000000000000000000000000011111111
000000000000000000000000000000000000000000111111111111111000000000000000000000000000000000000000000000000000000000001111
000000000000000000000000000000000000001111111111111111111100000000000000000000000000000000000000000000000000000000000011
000000000000000000000000000000000001111111111111111111111110000000000000000000000000000000000000000000000000000000000011
000000000000000000000000000000000000111111111111111111111111000000000000000000000000000000000000000000000000000000000111
000000000000000000000000000000000000011111111111111111111111110000000000000000000000000000000000000000000000000000001111
000000000000000000000000000000000000001111111111111111111111111100000000000000001000000000000000000000000000000000111111
000000000000000000000000000000000000000111111111111111111111111111000000000000011000000000000000000000000000000011111111
100000000000000000000000000000000000000011111111111111111111111111111000000000111000000000000000000000000000001111111111
110000001110000000000000111111110000000011111111111111111111111111111111110111111000000000000000000000000001111111111111
111111111111110000000001111111111111111111111111111111111111111111111111111111111100000000000000000000011111111111111111
111111111111111110000111111111111111111111111111111111111111111111111111111111111111111111111111111111111111111111111111
111111111111111111111111111111111111111111111111111111111111111111111111111111111111111111111111111111111111111111111111
111111111111111111111111111111111111111111111111111111111111111111111111111111111111111111111111111111111111111111111111
111111111111111111111111111111111111111111111111111111111111111111111111111111111111111111111001111111111111111111111111
111111100011111111111111111111111111111111111111000111111111111111111111111111111111111111100000001111111111111111111111
111111000000111111111111111111111111111111000000001111111111111111111111111111111111111111000000000001111111111111111111
111110000000001111111111111111111111000000000000011111111111111111111000000000000111111100000000000000001111000000111111
111110000000000001111111111111100000000000000000111111111111111111111000000000000000000000000000000000000000000000001111
111100000000000000111111111100000000000000000001111111111111111111111100000000000000000000000000000000000000000000000111
111100000000000000001111100000000000000000000011111111111111111111111110000000000000000000000000000000000000000000000111
111100000000000000001110000000000000000000000111111111111111111111111111000000000000000000000000000000000000000000000000
111110000000000000001000000000000000000000001111111111111111111111111111100000000000000000000000000000000000000000000000
111111000000000000000000000000000000000000111111111111111111111111111111110000000000000000000000000000000000000000000000
000001110000000000000000000000000000000011111111111111111111111111111111110000000000000000000000000000000000000000000000
000000000000000000000000000000000000001111111111111111111111111111111110000000000000000000000000000000000000000000000000
000000000000000000000000000000000001111111111111111111111111111111100000000000000000000001100000000000000000000000000000
000000000000000000000000000000001111111111111111111111111111111110000000000000000011111111111100000000000000000000000000
000000000000000000000000000000000000000111111111111111111111111111000000000000000011111111111111000000000000000000000000
111111000000000000000000000000000000000000111111111111111111111111110000000000000101111111111111100000000000000000000001
111111100000000000000000000000000000000000000111111111111111111111111100000000000111111111111111111000000000000000000000
111110000000000000000000000000000000000000000001111111111111111111111111100000000111111111111111111111000000000000000000
100000001111000000000000110000000000000000000000001111111111111111111111111100000111111111111111111111111111000000000001
000001111111100000000000011100000000000000000000000011111111111111111111111100000011111111111111111111111111111111111111
001111111111100000000000001111100000000000000000000001111111111111111111110000000000011111111111111111111111111111111111
