111111111111111111111100000000000000000000001111111111111111111101111111111111111111111111111111111111111111111111111111
111111111111111111110000000000000000000000000111111111111111100000111111111111111111111111111111111111111111111111111111
111111111111111111111000000000000000000000000111111111111000011111111111111111111111111111111111111111111111111111111111
111111111111111111110000000000000000000000001111111110000111111111111111111111111111111111111111111111111111111111111111
111111111111111111111000000000000000000000000111000001111111111001000011100110111111111111111111111111111111111111111111
111111111111111111111110000000000000000000000000111111111111100000000000000000001111111111111111111111111111111111111111
111111111111111111111100000000000000000000000111111100000000000000000000010000011111111111111111111111111111111111111111
111111111111111111111100000000000000000000000000000000000000000000000000011111111111111111111111111111111111111111111111
111111111111111110000000000000000000000000000000000000000000000000000000011111111111111111111111111111111111111111111111
111111111111110000000000000000000000000000000000000000000000000000000011111111111111111111111111111111111111111111111111
111111111111100000000000000000000000000000000000000000000000000000011111111111111111111111111111111111111111111111111111
111111111111100000000001000000000000000000000000000000000000000011111111111111111111111111111111111111111111111111111111
111111111111100000000000000000000000000000000000000000000000011111111111111111111111111111111111111111111111111111111111
111111111111000000000000000000000000000000000000000000111111111111111111111111111111111111111111111111111111111111111111
111111111111000000000000000000000000000000000000000111111111111111111111111111111111111111111111111111111111111111111111
111111111111000000000000000000000000000000000000011111111111111111111111111111111111111111111111111111111111111111111111
111111111110000000000000000000000000000000000000111111111111111111111111111111111111111111111111111111111111111111111111
111111111111000000001100000000000000000000000000011111111111111111111111111111111111111111111111111111111111111111111111
111111111111111111111111110000000000000000000000011111111111111111111111111111111111111111111111111111111111111111111111
111111111111111111111111111100000000000000000000011111111111111111111111111111111111111111111111111111111111111111111111
111111111111111111111111111110000000000000000000011111111111111111111111111111111111111111111111111111111111111111111111
111111111111111111111111111110000000000000000000001111111111111111111111111111111111111111111111111111111111111111111111
111111111111111111111111111111000000000000000000001111111111111111111111111111111111111111111111111111111111111111111111
111111111111111111111111111111000000000000000000001111111111111111111111111111111111111111111111111111111111111111111111
111111111111111111111111111111100000000000000000001111111111111111111111111111111111111111111111111111111111111111111111
111111111111111111111111111111100000000000000000111111111111111111111111111111111111111111111111111111111111111111111111
111111111111111111111111111110000000000000000000011111111111111111111111111111111111111111111111111111111111111111111111
111111111111111111111111111100000000000000000000001111111111111111111111111111111111111111111111111111111111111111111111
111111111111111111111111111000000000000000000000000111111111111111111111111111111111111111111111111111111111111111111111
111111111111111111111111110000000000000000000000000111111111111111111111111111111111111111111111111111111111111111111111
111111111111111111111111100000000000000000000000000011111111111111111111111111111111111111111111111111111111111111111111
111111111111111111111111100000000000000000000000000011111111111111111111111111111111111111111111111111111111111111111111
111111111111111111111111000000000000000000000000000001111111111111111111111111111111111111111111111111111111111111111111
111111111111111111111110000000000000000000000000000000111111111111111111111111111111111111111111111111111111111111111111
111111111111111111111100000000000000000000000000000000111111111111111111111111111111111111111111111111111111111111111111
111111111111111111111000000000000000000000000000000000011111111111111111111111111111111111111111111111111111111111111111
111111111111111111110000000000000000000000000000000000001111111111111111111111111111111111111111111111111111111111111111
111111111111111111100000000000000000000000000000000000001111111111111111111111111111111111111111111111111111111111111111
111111111111111111000000000000000000000000000000000000000111111111111111111111111111111111111111111111111111111111111111
111111111111111100000000000000000000000000000000000000000011111111111111111111111111111111111111111111111111111111111111
