000000000000000000000000000000000000000000000000000000000000000111111111000000000000011111111111111111111100000000000000
000000000000000000110000000000000000000000000000000000000000000000011111110011111111111111111111111111111100000000000000
000000000000000000001100000000000000000000000000000000000000000000000111111111111111111111111111111111111000000000000000
000000000000000000000011100000000000000000000000000000000000000000000001111111111111111111111111111111110000000000000000
000000000000000000000000011000000000000000000000000000000000000000000000000111110000000000000011111100000000000000000000
000000000000000000000000000111000000000000000000000000000000000000000000000000000000000000000000000000000000000000000000
000000000000000000000000000000111000000000000000000000000000000000000000000000000000000000000000000000000000000000000000
000000000000000000000000000000000110000000000000000000000000000000000000000000000000000000000000000000000000000000000000
000000000000000000000000000000000000110000111111111111111000000000000000000000000000000000000000000000000000000000000000
000000000000000000000000000000000000001111111111111111111000000000000000000000000000000000000000000000000000000000000000
000000000000000000000000000000000000000011111111111111111000000000000000000010000000000000000000000000000000000000000000
000000000000000000000000000000000000000001111111111111100000000000000000000000000000000000000000000000000000000000000000
000000000000000000000000000000000000000000111111111110000000000000000000000000000000000000000000000000000000000000000000
000000000000000000000000000000000000000000001111111111000000000000000000000000000000000000000000000000000000000000000000
000000000000000111100000000000000000000000111111111111100000000000000000000000000000000000000000000000000000000000000000
000000000000001111110000000000000000000001111111111111011100000000000000000000000000000000000000000000000001100000000000
000000000000001111110000000000000000000000111111111100000111000000000000000000000000000000000000000000000000000000000000
000000000000001111110000000000000000000001111111111110000000000000000000000000000000000000000000000000000000000000000000
000000000000001111110000000000000000000111101111111110000000000000000000000000000000000000000000000000000000000000000000
000000000000011111111100000000000000001110001111111111000000000001110000000000000000000000000000000000000000000000000000
000000000000111111111110000000000000011100001111111111000000111111000000000000000000000000000000000000000000000000000000
000000000000000111111000000111111000111100001111111111111111100000000000000000000000000000000000000000000000000000000000
000000000000000111111100000000000001111111111111111111111000000000000000000000000000000000000000000000000000000000000000
000000000000001111111100000000000000000100111111111111111100000000000000000000000000000000000000000000000000000000000000
000000000000001111111100000000100000001111111111111111111111111111111111100000000000000000000000000000000000000000000000
000000000000011111111100000000011111111100111111111111111110000000000000000000000000000000000000000000000000000000000000
000000000000011111110010001111111100000000111111111111111111000000000000000000000000000000000000000000000000000000000000
000000000000001110111000000000000000000000111111111111111111110000000000000000000000000000000000000000000000000000000000
011111111110000000000000000000000000000001111111111111111111111100000000000000000000000000000000000000000000000000000000
000000000000000000000000000000000000000001111111111111111111111110000000000000000000000000000000000000000000000000000000
000000000000000000000000000000000000000001111111111111111111111110000000000000000000000000000000000000000000000000000000
000000000000000000000000000000000000000001111111111111111111111100000000000000000000000000000000000000000000000000000000
000000000000000000000000000000000000000000111111111111111111000000000000000000000000000000000000000000000000000000000000
000000000000000000000000000000000000000000000111110000001111000000000000000000000000000000000000000000000000000000000000
000000000000000000000000000000000000000000001111000000000111100000000000000000000000000000000000000000000000000000000000
000000000000000000000000000000000000000000001111000000000111100000000000000000000000000000000000000000000000000011000000
000000000000000000000000000000000000000000001111000000000011110000000000000000000000000000000000000000000000000000000000
000000000000000000000000000000000000000000001111000000000001110000000000000000000000000000000000000000000000000000000000
000000000000000000000000000000000000000000000111000000000001111000000000000000000000000000000000000000000000000000000000
000000000000000000000000000000000000000000001111000000000000111000000000000000000000000000000000000000000000000000000000
