000000000000000000000000000000000000000000000000000000000000000000000000000000000000000000000000000000000000111111111111
000000000000000000000000000000000000000000000000000000000000000000000000000000000000000000000000000000000000000000000000
000000000000000000000000000000000000000000000000000000000000000000000000000000000000000000000000000000000000000000000000
000000000000000000000000000000000000000000000000000000000000000000000000000000000000000000000000000000000000000000000000
000000000000000000000000000000000000000000000000000000000000000000000000000000000000000000000000000000000000000000000000
000000000000000000000000000000000000000000000000000000000000000000000000000000000000000000000000000000000000000000000000
000000000000000000000000000000000000000000000000000000000000000000000000000000000000000000000000000000000000000000000000
000000000000000000000000000000000000000000000000000000000000000000000000000000000000000000000000000000000000000000000000
000000000000000000000000000000000000000000000000000000000000000000000000000000000000000000000000000000000000000000000000
000000000000000000000000000000000000000000000000000000000000000000000000000000000000000000000000000000000000000000000000
000000000000000000000000000000000000000000000000000000000000000000000000000000000000000000000000000000000000000000000000
000000000000000000000000000000000000000000000000000000000000000000000000000000000000000000000000000000000000000000000000
000000000000000000000000000000000000000000000000000000000000000000000000000000000000000000000000000000000000000000000001
000000000000000000000000000000000000000000000000000000000000000011111111100000000000000000000000000000000000000000111111
000000000000000000000000000000000000000000000000000000000000111111111111111111000000000000000000000000000000000011111111
000000000000000000000000000000000000000000000000000000000111111111111111111111111110000000000000000000000000011111111111
000000000000000000000000000000000000000000000000000001111111111111111111111111111111111100000000000000001111111111111111
000000000000000000000000000000000000000000000000000111111111111111111111111111111111111111111000000011111111111111111111
000000000000000000000000000000000000000000000000001111111111000011111000011111111111111111111111111111111111111111111111
000000000000000000000000000000000000000000000000111111111111000011110000000111111111111111111111111111111111111111111111
000000000000000000000000000000000000000000000000111111111111000111100000000001111111111111111111111111111111111111111111
000000000000000000000000000000000000000000000001111111100011111110000000000000011111111111111111111111111111111111111111
000000000000000000000000000000000000000000000000111111110011111111000000000000000011111111111111111111111111111111110001
000000000000000000000000000000000000000000000000001101110011111111000000000000000000111111111111111111111111100000000000
000000000000000000000000000000000000000000000000000000011111111111000000000000000000000011111111111110000000000000000000
000000000000000000000000000000000000000000000000000000000011111111000000000000000000000000000000000000000000000000000000
000000000000000000000000000000000000000000000000000000000011111110000000000000000000000000000000000000000000000000000000
000000000000000000000000000000000000000000000000000000000001111111000000000000000000000000000000000000000000000000000000
000000000000000000000000000000000000000000000000000000000001111111000000000000000000000000000000000000000000000000000000
000000000000000000000000000000000000000000000000000000000001111111110000000000000000000000000000000000000000000000000000
000000000000000000000000000000000000000000000000000000000011111111100000000000000000000000000000000000000000000000000000
000000000000000000000000000000000000000000000000000000000000000000000000000000000000000000000000000000000000000000000000
000000000000000000000000000000000000000000000000000000000000000000000000000000000000000000000000000000000000000000000000
000000000000000000000000000000000000000000000000000000000000000000000000000000000000000000000000000000000000000000000000
000000000000000000000000000000000000000000000000000000000000000000000000000000000000000000000000000000000000000000000000
000000000000000000000000000000000000000000000000000000000000000000000000000000000000000000000000000000000000000000000000
000000000000000000000000000000000000000000000000000000000000000000000000000000000000000000000000000000000000000000000000
000000000000000000000000000000000000000000000000000000000000000000000000000000000000000000000000000000000000000000000000
000000000000000000000000000000000000000000000000000000000000000000000000000000000000000000000000000000000000000000000000
000000000000000000000000000000000000000000000000000000000000000000000000000000000000000000000000000000000000000000000000
