111111111111111111111111111111111111111111111111111111111111111111111111111111111111111100000111111111111111111111111111
111111111111111111111111111111111111111111111111111111111111111111111111111111111111110000011111111111111111111111111111
111111111111111111111111111111111111111111111111111111111111111111111111111111100001100000111111111111111111111111111111
111111111111111111111111111111111111111111111111111111111111111111111111111000000000000001111111111111111111111111111111
111111111111111111111111111111111111111111111111111111111111111111111111111000000000000011111111111111111111111111111111
111111111111111111111111111111111111111111111111111111111111111111111111111000000000000111111111111111111111111111111111
111111111111111111111111111111111111100000111111111111111111111111111111111110000000001111111111111111111111111111111111
111111111111111111111111111111111111111000011111111111111111111111111111111000000000011111111111111111111111111111111111
111111111111111111111111111111111111111100000001111111111111111111111111000000000001111111111111111111111111111111111111
111111111111111111111111111111111111111111000000011111111111111111111000000000000000011111111111111111111111111111111111
111111111111111111111111111111111111111111100000000000000000000000000000000000000000000111111111111111111111111111111111
111111111111111111111111111111111111111111111000000000000000000000000000000000000000000111111111111111111111111111111111
111111111111111111111111111111111111111111111111100000000000000000000000000000000000000111111111111111111111111111111111
111111111111111111111111111111111111111111111111110000000000000000000000000000000000001111111111111111111111111111111111
111111111111111111111111111111111111111111111111100000000000000000000000000000000000001111111111111111111111111111111111
111111111111111111111111111111111111111111111111100000000000000000000000000000010000011111111111111111111111111111111111
111111111111111111111111111111111111111111111111100000000000000000000000000000011111111111111111111111111111111111111111
111111111111111111111111111111111111111111111111100000000000000000000000000000011111111111111111111111111111111111111111
111111111111111111111111111111111111111111111111110000000000000000000000000000011111111111111111111111111111111111111111
111111111111111111111111111111111111111111111111111000000000000000000000000000011111111111111111111111111111111111111111
111111111111111111111111111111111111111111111111111000000000000000000000000000111111111111111111111111111111111111111111
111111111111111111111111111111111111111111111111111000000000000000000000000001111111111111111111111111111111111111111111
111111111111111111111111111111111111111111111111110000000000000000000000000001111111111111111111111111111111111111111111
111111111111111111111111111111111111111111111111110000000000000000000000000011111111111111111111111111111111111111111111
111111111111111111111111111111111111111111111111110000000000000000000000000111111111111111111111111111111111111111111111
111111111111111111111111111111111111111111111111100000000000000000000000000001111111111111111111111111111111111111111111
111111111111111111111111111111111111111111111111100000000000000000000000000000111111111111111111111111111111111111111111
111111111111111111111111111111111111111111111111100000000000000000000000000000011111111111111111111111111111111111111111
111111111111111111111111111111111111111111111111100000000000000000000000000000001111111111111111111111111111111111111111
111111111111111111111111111111111111111111111111100000000000000000000000000000001111111111111111111111111111111111111111
111111111111111111111111111111111111111111111111100000000000000000000000000000000111111111111111111111111111111111111111
111111111111111111111111111111111111111111111111100000000000000000000000000000000111111111111111111111111111111111111111
111111111111111111111111111111111111111111111111100000000000000000000000000000000011111111111111111111111111111111111111
111111111111111111111111111111111111111111111110000000000000000000000000000000000011111111111111111111111111111111111111
111111111111111111111111111111111111000000000000000000000000000000000000000000000011111111111111111111111111111111111111
111111111111111111111111111111111000000000000000000000000000000000000000000000000001111111111111111111111111111111111111
111111111111111111111111111111110000000000000000000000000000000000000000000000000001111111111111111111111111111111111111
111111111111111111111111111111100000000000000000000000000000000000000000000100000000111111111111111111111111111111111111
111111111111111111111111111111000000000000000000000000000000000000000000000110000000111111111111111111111111111111111111
111111111111111111111111111111000000000000000000000000000000000000000000001111000000011111111111111111111111111111111111
