111111111111111111111111111111111111111111111111111111111111111111111111111111100000000000000000000000000000111111111111
111111111111111111111111111111111111111111111111111111111111111111111111111000000000000000000000000000000000000111111111
111111111111111111111111111111111111111111111111111111111111111111111111100000000000000000000000000000000000000000111111
111111111111111111111111111111111111111111111111111111111111111111111110000000000000000000000000000000000000000000001111
111111111111111111111111111111111111111111111111111111111111111111111100000000000000000000000000000000000000000000000011
111111111111111111111111111111111111111111111111111111111111111111111100000000000000000000000000000000000000000000000001
111111111111111111111111111111111111111111111111111111111111111111111000000000000000000000000000000000000000000000000000
111111111111111111111111111111111111111111111111111111111111111110000000000000000000000000000000000000000000000000000000
111111111111111111111111111111111111111111111111111111111111111000000000000000000000000000000000000000000000000000000000
111111111111111111111111111111111111111111111111111111111111111000000000000000000000000000000000000000000000000000000000
111111111111111111111111111111111111111111111111111111110000000000000000000000000000000000000000000000000000000000000000
111111111111111111111111111111111111111111111111111111100000000000000000000000000000000000000000000000000000000000000000
111111111111111111111111111111111111111111111111111111110010000000000000000000000000000000000000000000000000000000000001
111111111111111111111111111111111111111111111111111111111111110000000000000000000000000000000000000000000000000000000001
111111111111111111111111111111111111111111111111111111111111111100000000000000000000000000000000000000000000000000000001
111111111111111111111111111111111111111111110111111111111111111111100000000000000000000000000000000000000000000000000000
111111111111111111111111111111111111111111110001111111111111111111110000000000000000000000000000000000000000000000000000
111111111111111111111111111111111111111111110000111111111111111111111000000000000000000000000000000000000000000000000000
111111111111111111111111111111111111111111110000111111111111111111111000000000000000000000000000000000000000000000000000
111111111111111111111111111111111111111111110000111111111111111111111000000000000000000000000000000000000000000000000000
111111111111111111111111111111111111111111110000111111111111111111111000000000000000000000000000000000000000000000000000
111111111111111111111111111111111111110000000000011111111111111111111000000000000000000000000000000000000000000000000000
111111111111111111111111111111111111000000000000001111111111111111111000000000000000000000000000000000000000000000000000
111111111111111111111111111111111110000000000000001111111111111111111000000001000000000000000000000000000000000000000000
111111111111111111111111111111111100000000000000000111111111111111111000000001111100000000000000000000000000000000000000
111111111111111111111111111111111100000000000000000111111111111111111000000001111100000000000000000000000000000000000000
111111111111111111111111111111111111100000000000001111111111111111111000000000110000000000000000000000000000000000000000
111111111111111111111111111111111111100000000000001111111111111111110000000000000000000000000000000000000000000000000001
111111111111111111111111111111111111110000000000000011111111111111110000000000000000000000000000000000000000000000000001
111111111111111111111111111111111111111000000000000000111111111111110000000000000000000000000000000000000000000000000001
111111111111111111111111111111111111111110000000000000011111111111110000000000000000000000000000000000000000000000000001
111111111111111111111111111111111111111111000000000000000111111111100000000000000000000000000000000000000000000000000001
111111111111111111111111111111111111111111110000000000000000000001000000000000000000000000000000000000000000000000000001
111111111111111111111111111111111111111111111100000000000000000000000000000000000000000000000000000000000000000000000001
111111111111111111111111111111111111111111111110000000000000000000000000000000000000000000000000000000000000000000000001
111111111111111111111111111111111111111111111111100000000000000000000000000000000000000000000000000000000000000000000001
111111111111111111111111111111111111111111111111110000000000000000000000000000000000000000000000000000000000000000000001
111111111111111111111111111111111111111111111111110000000000000000000000000000000000000000000000000000000000000000000001
111111111111111111111111111111111111111111111111100000000000000000000000000000000000000000000000000000000000000000000001
111111111111111111111111111111111111111111111111000000000000000000000000000000000000000000000000000000000000000000000000
