000000000000000000000000000000000000000000000000000000000011111111111111111111111111111111111111111111111111111111111111
000000000000000000000000000000000000000000000000000000000011111111111111111111111111111111111111111111111111111111111111
000000000000000000000000000000000000000000000000000000000011111111111111111111111111111111111111111111111111111111111111
000000000000000000000000000000000000000000000000000000000011111111111111111111111111111111111111111111111111111111111111
000000000000000000000000000000000000000000000000000000000011111111111111111111111111111111111111111111111111111111111111
000000000000000000000000000000000000000000000000000000000011111111111111111111111111111111111111111111111111111111111111
000000000000000000000000000000000000000000000000000000000000000111111111111111111111111111111111111111111111111111111111
000000000000000000000000000000000000000000000000000000001100000000000011111111111111111111111111111111111111111111111111
000000000000000000000000000000000000000000000000000001111100000000000001111111111111111111111111111111111111111111111111
000000000000000000000000000000000000000000000000000011111100000000000001111111111111111111111111111111111111111111111111
000000000000000000000000000000000000000000000000111111111100000000000000111111111111111111111111111111111111111111111111
000000000000000000000000000000000000000000111000001111111100000000000000011111111111111111111111111111111111111111111111
000000000000000000000000000000000000000001100000001111111100000000000000010111111111111111111111111111111111111111111111
000000000000000000000000000000000000000011100000011111111100000000000000000011111111111111111111111111111111111111111111
000000000000000000000000000000000000000011111001111111111100000000111000000001111111111111111111111111111111111111111111
000000000000000000001111111111111111111111111111111111111100000001111111000000011111111111111111111111111111111111111111
111111000000011111111111111111111111111111111111111111111100000011111111110000011111111111111111111111111111111111111111
111111111111111111111111111111111111111111111111111111111100000000111111000000000111111111111111111111111111111111111111
111000000011111111111111111110111000000001111111111111111100000000000000000000000111111111111111111111111111111111111111
000000000000000000000000010000000000000000000011111111111100000000000000000000001111111111111111111111111111111111111111
000000000000000000000000000000000000000000000011111111111100000000000000000000001111111111111111111111111111111111111111
000000000000000000000000000000000000000000000111111111111100111000000000000000001111111111111111111111111111111111111111
000000000000000000000000000000000000000000000111111111111101111111000000000000011111111111111111111111111111111111111111
000000000000000000000000000000000000000000000111111111111101111111100000000001111111111111111111111111111111111111111111
000000000000000000000000000000000000000000000111111111111101111111100000110000111111111111111111111111111111111111111111
000000000000000000000000000000000000000000001111111111111101111111100000111000011111111111111111111111111111111111111111
000000000000000000000000000000000000000000011111111111111100011111110000000000011111111111111111111111111111111111111111
000000000000000000000000000000000000000000011111111111111100000111110000100000000001111111111111111111111111111111111111
000000000000000000000000000000000000000000111111111111111100000011111111111000111111111111111111111111111111111111111111
000000000000000000000000000000000000000001111111111111111100000001111111111110001111111111111111111111111111111111111111
000000000000000000000000000000000000000001111111111111111100000000111111111111111111111111111111111111111111111111111111
000000000000000000000000000000000000000011111111111111111100000000111111111111111111111111111111111111111111111111111111
000000000000000000000000000000000000001111111111111111111100000000011111111111111111111111111111111111111111111111111111
000000000000000000000000000000000001111111111111111111111100000000001111111111111111111111111111111111111111111111111111
000000000000000000000000000000000011111111111111111111111100000000000111111111111111111111111111111111111111111111111111
000000000000000000000000000000000000111111111111111111111100000000001111111111111111111111111111111111111111111111111111
000000000000000000000000000000000000000011111111111111111100000000011111111111111111111111111111111111111111111111111111
000000000000000000000000000000000000000000001111111111100000000000001111111111111111111111111111111111111111111111111111
000000000000000000000000000000000000000000000111111111000010000000000111111111111111111111111111111111111111111111111111
000000000000000000000000000000000000000000000111111111000011000000000011111111111111111111111111111111111111111111111111
