111111111111111111111111111111111111111111111111111111111111111111111111111111111111111111111111111110000000000000000000
111111111111111111111111111111111111111111111111111111111111111111111111111111111111111111000000000000000000000000000000
111111111111111111111111111111111111111111111111111111111111111111111111111111111111110000000000000000000000000000000000
111111111111111111111111111111111111111111111111111111111111111111111111111111111100000000000000000000000000000000000000
111111111111111111111111111111111111111111111111111111111111111111111111111111110000000000000000000000000000000000000001
111111111111111111111111111111111111111111111111111111111111111111111111111111100000000000000000000000000000000000000000
111111111111111111111111111111111111111111111111111111111111111111111111111111000000000000000000000000000000000000000000
111111111111111111111111111111111111111111111111111111111111111111111111111110000000000000000000000000000000000000000000
111111111111111111111111111111111111111111111111111111111111111111111111111100000000000000000000000000000000000000000000
111111111111111111111111111111111111111111111111111111111111111111111111100000000000000000000000000000000000000000000000
111111111111111111111111111111111111111111111111111111111111111111000000000000000000000000000000000000000000000000000000
111111111111111111111111111111111111111111111111111111111111111110000000000000000000000000000000000000000000000000000000
111111111111111111111111111111111111111111111111111111111111111111100000000000000000000000000000000000000000000000000001
111111111111111111111111111111111111111111111111111111111111111111111111100000000000000000000000000000000000000000000011
111111111111111111111111111111111111111111111111111111111111111111111111110000000000000000000000000000000000000000000001
111111111111111111111111111111111111111111111111111111111111111111111111111100000000000000000000000000000000000000000000
111111111111111111111111111111111111111111111111111111111111111111111111111111110000000000000000000000000000000000000000
111111111111111111111111111111111111111111111111111111111111111111111111111111100000000000000000000000000000000000000000
111111111111111111111111111111111111111111111111111111111111111111111111111111111000000000000000000000000000000000000001
111111111111111111111111111111111111111111111111111111111111111111111111111111111110000000000000000000000000000000000000
111111111111111111111111111111111111111111111111111111111111111111111111111111111111000000000000000000000000000000000110
111111111111111111111111111111111111111111111111111111111111111111111111111111111111111010111000000000000000000011111110
111111111111111111111111111110000000000000000000001111111111111111111111111111111111111111110000000000000000111011111110
111111111111111111111111111110000000000000000000000000011111111111111111111111111111111111100000000000001111111111111100
111111111111111111111111111111100000000000000000000000000111111111111111111111111111111100000000000000000111111111111100
111111111111111111111111111111111000000000000000000000000001111111111111111111110000000000000000000000000011111111111000
111111111111111111111111111111111000000000000000000000000000111111111111111111100000000000000000000000000001111111110000
111111111111111111111111111111111111100000000000000000000000001111111111111010000000000000000000000000000000111111110000
111111111111111111111111111111111111111111111111000000000000000011111111111000000000000000000000000000000000111111100000
111111111111111111111111111111111111111111111111100000000000000000111111000000000000000000000000000000000000111110000000
111111111111111111111111111111111111111111111111111000000000000000010000000000000000000000000000000000000000000000000000
111111111111111111111111111111111111111111111111111100000000000000000000000000000000000000000000000000000000000000000000
111111111111111111111111111111111111111111111111111110000000000000000000000000000000000000000000000000000000000000000001
111111111111111111111111111111111111111111111111111111100000000000000000000000000000000000000000000000000000000000000011
111111111111111111111111111111111111111111111111111111110000000000000000000000000000000000000000000000000000000000000000
111111111111111111111111111111111111111111111111111111111000000000000000000000000000000000000000000000111110000000000000
111111111111111111111111111111111111111111111111111111111110000000000000000000000000000000000000000001111111111111100000
111111111111111111111111111111111111111111111111111111111111110000000000111100000000000000000000000011111111111111111000
111111111111111111111111111111111111111111111111111111111111111111111111111100000000000000000000000011111111111111111111
111111111111111111111111111111111111111111111111111111111111111111111111111100000000000000000000000111111111111111111111
