000000000000000000000000000000000000000000000000000000000000000000000000000000000000000000000000000000000000000000000000
000000000000000000000000000000000000000000000000000000000000000000000000000000000000000000000000000000000000000000000000
000000000000000000000000000000000000000000000011111111111111000000000000000000000000000000000000000000000000000000000000
000000000000000000000000000000000000000000001111111111111111110000000000000000000000000000000000000000000000000000000000
000000000000000000000000000000000000000000011111111111111111111111100000000000000000000000000000000000000000000000000000
000000000000000000000000000000000000000011111111111111111111111111000000000000000000000000000000000000000000000000000000
000000000000000000000000000000000000001111111111111111111111111111110000000000000000000000000000000000000000000000000000
000000000000000000000000000000000000111111111111111111111111111111111000000000000000000000000000000000000000000000000000
000000000000000000000000000000000001111111111111111111111111111111111000010000000001000000000000000000000000000000000000
000000000000000000000000000000001111111111111111111111111111111111111111000000000100011000000000000000000000000000000000
000000000000000000000000000000011111111111111111111111111111111111111110000000001111000000000000000000000000000000000000
000000000000000000000000000111111111111111111111111111111111111111101110000000010000000000010010000000000000000000000000
000000000000000000000000011111111111111111111111111111111111111111111010101001100000000000100100000000000000000000000000
000000000000000000000011111111111111111111111111111111111111111110111011111111000000000011110000001000000000000000000000
000000000000000000001111111111111111111111111111111111111111111111110011110010000000000010000000101000000000000000000000
000000000000000000001111111111111111111111111111111111111111100111111111000010000000011100000000111000000000110000000000
000000000000000000011111111111111111111111111111111111111111100011111100000100111100000000001100011000000001000000110000
000000000000000000011111111111111111111111111111111111111111110001111000001111100000000000000011111101000110000110000000
000000000000000000011111111111111111111111111111111111111111111001111001111000000000000000000001111000111100011100000000
000000000000000000111111111111111111111111111111111111111111111110111111000000000000111011111101011000111110000000000000
000000000000000111111111111111111111111111111111111111111111111111111110000000011100011000011100101111111111110110000000
000000000000011111111111111111111111111111111111111111111111111111111111101111101000000010100111111110000000000000000000
000000000000111111111111111111111111111111111111111111111111111111111111111000100000000010111111000000000000000000000000
000000000001111111111111111111111111111111111111111111111111111111111111110000011000011111110000000000000000000000000000
000000000011111111111111111111111111111111111111111111111111111111111111111000001111100010000000011111000000000000000000
000000000001111111111111111111111111111111111111111111111111111111111011111111111000011000000111111111100000000000000000
000000000000111111111111111111111111111111111111111111111111111111111101111110001001110000111111111111100000000000000000
000000000000011111111111111111111111111111111111111111111111111111111111111100011100000000111111101111100000000000000000
000000000000011111111111111111111111111111111111111111111111111111100111111111100000000000000000001111110000000000000000
000000000000000111111111111111111111111111111111111111111111111111100011111101110000000000000000001111111100000000000000
000000000000000001111111111111111111111111111111111111111111000001111111111000011100000000000000001111111100000000000000
000000000000000000000001101111111111111111111111111111111110000000001111110000000000000000000000001111111100000000000000
000000000000000000000000000001111111000000000111100000000000000000001111110000000000000000000000001111110110000000000000
000000000000000000000000000000000000000000000000000000000000000000001111110000000000000000000000011111111001100000000000
000000000000000000000000000000000000000000000000000000000000000000011111110000000000000000000000011111111000000000000000
000000000000000000000000000000000000000000000000000000000000000000111111111000000000000000000000111111111100000000000000
000000000000000000000000000000000000000000000000000000000000000000111111111000000000000000000000000111111100000000000000
000000000000000000000000000000000000000000000000000000000000000001111111111000000000000000000000000011100000000000000000
000000000000000000000000000000000000000000000000000000000000000001111111110000000000000000000000000011110000000000000000
000000000000000000000000000000000000000000000000000000000000000001111111110000000000000000000000000001110000000000000000
