000000000000000001111111111111111111111011111100000000111111111000000000000111111111111111111111111111100000111111111000
000000000000000111111111111111111111111111111110000000111111111000000000001111111111111111111111111111100011111111111100
000000000000011111111111111111111111111111111100000000111111110000001110001111111111111111111111111111100111111111111100
000000000000111111111111111111111111111111111110000000111111100000011111001111111111111111111111111111101111111111111100
000000000001111111111111111111111111111111111110000000111111000000011111111111111111111111111111111111111111111111111000
000000111011111111111111111111111111111111111110000000111111000000011111111111111111111111111111111111111111111111111000
000111111111111111111111111111111111111111111111000000111110000000011111111111111111111111111111111111111111111111111000
001111111111111111111111111111111111111111111111110001111100000000011111111111111111111111111111111111111111111111111000
001111111111111111111111111111111111111111111111111011111100000001111111111111111111111111111111111111111111111111111000
001111111111111111111111111111111111111111111111111111111000000001111111111111111111111111111111111111111111111111111000
001111111111111111111111111111111111111111111111111111111111111111111111111111111111111111111111111111111111011111111000
000111111111111111111111111111111111111111111111111111111111111100001111111111111111111111111111111111111100001111111000
000111111111111111111111111111111111111111111111111111111111111100001111111111111111111111111111111111111000001111111000
000111111111111111111111111111111111111111111111111111111111111000000111111111111111111111111111111111111100001111110000
000011111111111111111111111111111111111111111111111110111111100000000011111111111111111111111111111111111111111000000000
000001111111111111111111111111111111111111111111111100001110000000000011111111111111111111111111111111111111111100000000
000000011111111111111111111111111111111111111111110000000000000000111111111111111111111111111111111111111111111100000000
000000001111111111111111111111111111111111111111111000000000000000111111111111111111111111111111111111111111111100000000
000000001111111111111111111111111111111111111111111111111111110111111111111111111111111111111111111111111111111000000000
000000011111111111111111111111111111111111111111111111111111111111111111111111111111111111111111111111111111111000000000
000001111111111111111111111111111111111111111111111111111111111111111111111111111111111111111111111111111111110000000000
000111111111111111111111111111111111111111111111111111111111111111111111111111111111111111111111111111111111100000000000
000111111111111111111111111111111111111111111111111111111111111111111111111111111111111111111111111111111111000000000000
000000011111111111111111111111111111111111111111111111111111111111111111111111111111111111111111111111111100000000000000
000000000011111111111111111111111111111111111111111111111111111111111111111111111111111111111111111111110000000000000000
000000000000011111111111111111111111111111111111111111111111111111111111111111111111111111111111111111100000000000000000
000000000000011111111111111111111111111111111111111111111111111111111111111111111111111111111111111111111000000000000000
000000000000000111111111111111111111111111111111111111111111111111111111111111111111111111111111111111111000000000000000
000000000000000011111111111111111111111111111111111111111111111111111111111111111111111111111111111111100000000000000000
000000000000000001111111111111111111111111111111111111111111111111111111111111111111111111111111111110000000000000000000
000000000000000000011111111111111111110000011111111111111111111111111111111100111111111111111111111000000000000000000000
000000000000000000000001111111111111111000011111111111111111111111111111111100111111111111111111100000000000000000000000
000000000000000000000000111111111111111000011111111111111111111111111111111101111111111111111000000000000000000000000000
000000000000000000000001111111111111111000011111111111111111111111111111111101111111111111111000000000000000000000000000
000000000000000000000001111111111111111100111111111111111111111111111111111101111111111111111000000000000000000000000000
000000000000000000000000111111111111111111111111111111111111111111111111111111111111111111111000000000000000000000000000
000000000000000000000000011111111111111111111111111111111111111111111111111111111111111111110000000000000000000000000000
000000000000000000000000000111111111111111111111111111111111111111111111111111111111111111100000000000000000000000000000
000000000000000000000000000011111111111111111111111111111111111111111111111111111111111111000000000000000000000000000000
000000000000000000000000000011111111111111111111111111111111111111111111111111111111111110000000000000000000000000000000
