000000000000000000000111111111111111111111111111111111111111111111111111111111111111111111111111111000000000000000000001
000000000000000000011111111111111111111111111111111111111111111111111111111111111111111111111111111110000000000000000000
000000000000000001111111111111111111111111111111111111111111111111111111111111111111111111111111111111110000000000000000
000000000000000111111111111111111111111111111111111111111111111111111111111111111111111111111111111111111100000000000000
000000000000011111111111111111111111111111111111111111111111111111111111111111111111111111111111111111111110000000000000
000000000001111111110000000000000000000000111111111111111111111111111111111111111111111111111111111111111111100000000000
000000000011111100000000000000000000000000000001111111111111111111111111111111111111111111111111111111111111110000000000
000000000111100000000000000000000000000000000000001111111111111111111111111111111111111111111111111111111111111100000000
000000001100000000000000000000000000000000000000000011111111111111111111111111111111111111111111111111111111111110000000
000000010000000000000000000000000000000000000000000000111111111111111111111111111111111111111111111111111111111111000000
000000000000000000000000000000000000000000000000000000001111111111111111111111111111111111111111111111111111111111100000
000000000000000000000000000000000000000000000000000000000111111111111111111111111111111111111111111111111111111111110000
000000000000000000000000000000000000000000000000000000000011111111111111111111111111111111111111111111111111111111110000
000000000000000000000000000000000000000000000000000000000001111111111111111111111111111111111111111111111111111111111000
000000000000000000000000000000000000000000000000000000000000111111111111111111111111111111111111111111111111111111111000
000000000000000000000000000111111111100000000000000000000000111111111111111111111111111111111111111111111111111111111100
000000000000000000000000001111111111110000000000000000000000011111111111111111111111111111111111111111111111111111111100
000000000000000000000000011111111111111000000000000000000000011111111111111111111111111111111111111111111111111111111100
010000000000000000000000011111111111111000000000000000000000011111111111111111111111111111111111111111111111111111111110
110000000000000000000000000111111111110000000000000000000000111111111111111111111110000000000111111111111111111111111110
110000000000000000000000000001111110000000000000000000000000111111111111111111111000000000000001111111111111111111111110
110000000000000000000000000000000000000000000000000000000000111111111111111111111000000000000000111111111111111111111110
110000000000000000000000000000000000000000000000000000000000111111111111111111111000000000000000111111111111111111111101
110000000000000000000000000000000000000000000000000000000000111111111111111111111000000000000001111111111111111111111101
110000000000000000000000000000000000000000000000000000000000111111111111111111111100000000000011111111111111111111111111
111000000000000000000000000000000000000000000000000000000000011111111111111111111111110000111111111111111111111111111111
111000000000000000000000000000000000000000000000000000000000001111111111111111111111111111111111111111111111111111111111
111100000000000000000000000000000000000000000000000000000000000111111111111111111111111111111111111111111111111111111111
111110000000000000000000000000000000000000000000000000000000000011111111111111111111111111111111111111111111111111011111
111111000000000000000000000000000000000000000000000000000000000001111111111111111111111111111111111111111111111110011111
111111100000000000000000000000000000000000000000000000000000000000011111111111111111111111111111111111111111111000111111
111111110000000000000000000000000000000000000000000000000000000000000111111111111111111111111111111111111111100001111111
111111111000000000000000000000000000000000000000000000000000000000000001111111111111111111111111111111111100000111111111
111111111100000000000000000000000000000000000000000000000000000000000000000111111111111111111111111111100000001111111111
111111111111000000000000000000000000000000000000000000000000000000000000000000001111111111111111100000000000011111111111
111111111111100000000000000000000000000000000000000000000000000000000000000000000000000000000000000000000001111111111111
111111111111111000000000000000000000000000000000000000000000000000000000000000000000000000000000000000000111111111111111
111111111111111110000000000000000000000000000000000000000000000000000000000000000000000000000000000000011111111111111111
011111111111111111100000000000000000000000000000000000000000000000000000000000000000000000000000000001111111111111111111
011111111111111111111000000000000000000000000000000000000000000000000000000000000000000000000000000111111111111111111111
