110000000000000000000000001111111111111111111111111111111111000000000000000000000000000000000000000000000000000000000000
111000000000000000000000001111111111111111111111111111111111000000000000000000000000000000000000000000000000000000000000
111000000000000000000000011111111111111111111111111111111111000000000000000000000000000000000000000000000000000000000000
111100000000000000000011111111111111111111111111111111111111000000000000000000000000000000000000000000000000000000000000
111110000000000000001111111111111111111111111111111111111111000000000000000000000000000000000000000000000000000000000000
111110000000000000111111111111111111111111111111111111111111000000000000000000000000000000000000000000000000000000000000
111100000000000001111111111111111111111111111111111111111111000000000000000000000000000000000000000000000000000000000000
111100000000000001111111111111111111111111111111111111111111000000000000000000000000000000000000000000000000000000000000
111110000000000000111111111111111111111111111111111111111111000000000000000000000000000000000000000000000000000000000000
111111000000000001111111111111111111111111111111111111111111000000000000000000000000000000000000000000000000000000000000
111111100000000011111111111111111111111111111111111111111111000000000000000000000000000000000000000000000000000000000000
111111100000000000000000111111111111111111111111111111111111000000000000000000000000000000000000000000000000000000000000
111111110000000000000100000111111111111111111111111111111111000000000000000000000000000000000000000000000000000000000000
111111100000000011111111100000111111111111111111111111111111000000000000000000000000000000000000000000000000000000000000
111000000000000000000111111111111111111111111111111111111111000000000000000000000000000000000000000000000000000000000000
111000000000000000000001111111111111111111111111111111111111000000000000000000000000000000000000000000000000000000000000
111111000000000000000001111111111111111111111111111111111111000000000000000000000000000000000000000000000000000000000000
111111110000000011111111111111111111111111111111111111111111000000000000000000000000000000000000000000000000000000000000
111111111000001111111111111111111111111111111111111111111111000000000000000000000000000000000000000000000000000000000000
111111111111111111111111111111111111111111111111111111111111000000000000000000000000000000000000000000000000000000000000
111111111111111111111111111111111111111111111111111111111111000000000000000000000000000000000000000000000000000000000000
111111111111111111111111111111111111111111111111111111111111000000000000000000000000000000000000000000000000000000000000
111111111111111111111111111111111111111111111111111111111111000000000000000000000000000000000000000000000000000000000000
111111111111111111111111111111111111111111111111111111111111000000000000000000000000000000000000000000000011111111000000
111111111111111111111111111111111111111111111111111111111111000000000000000000000000000000000000000000111111111100000000
111111111111111111111111111111111111111111111111111111111111000000000000000000000000000000000000000000001111111100000000
111111111111111111111111111111111111111111111111111111111111000000000000000000000000000000000000000000011111111110000000
111111111111111111111111111111111111111111111111111111111111000000000000000000000000000000000000001111111111111110000000
111111111111111111111111111111111111111111111111111111111111000000000000000000000000000000000000011111111111111111000000
111111111111111111111111111111111111111111111111111111111111000000000000000000000000000000000001111111111111111111100000
111111111111111111111111111111111111111111111111111111111111000000000000000000000000000000000001111111111111111111100000
111111111111111111111111111111111111111111111111111111111111000000000000000000000000000000000000000001111111111111100000
111111111111111111111111111111111111111111111111111111111111000000000000000000000000000000000000000001111111111111100000
111111111111111111111111111111111111111111111111111111111111000000000000000000000000000000000000000000001111111111100000
111111111111111111111111111111111111111111111111111111111111000000000000000000000000000000000000000000000011111111110000
111111111111111111111111111111111111111111111111111111111111000000000000000000000000000000000000000000000011111111110000
111111111111111111111111111111111111111111111111111111111111000000000000000000000000000000000000000000000111111111110000
111111111111111111111111111111111111111111111111111111111111000000000000000000000000000000000000000000000111111111111000
111111111111111111111111111111111111111111111111111111111111000000000000000000000000000000000000000000001111111111111000
111111111111111111111111111111111111111111111111111111111111000000000000000000000000000000000000000000001111111111111000
