111111111111111111111111111111111111111111111111111111111111111111111111111111111111111111111111111111111111111111111111
111111111111111111111111111111111111111111111111111111111111111111111111111111111111111111111111111111111111111111111111
111111111111111111111111111111111111111111111111111111111111111111111111111111111111111111111111111111111111111111111111
111111111111111111111111111111111111111111111111111111111111111111111111111111111111111111111111111111111111111111111111
111111111111111111111111111111111111111111111111111111111111111111111111111111111111111111111111111111111111111111111111
111111111111111111111111111111111111111111111111111111111111111111111111111111111111111111111111111111111111111111111111
111111111111111111111111111111111111111111111111111111111111111111110011111111111111111111111111111111101111111111111111
111111111111111111111111111000111111111111111111111111111111111100000000111111111111111111111111111111000000011111111111
111111111111111111111111110000011111111111111111111111111111111110000000011111111111111111111111111100000000011111111111
111111111111111111111110000000000111111111111111111111111111111100000000111111111111111111111111111100000000001111111111
111111111111111111111111000000000111111111111111111111111111111100000001111111111111111111111111111110000000011101111111
111111111111111111111111000000000111111111111111111111111111111000000000111111111111111111111111111110000000000000000011
111111111111111111111111100000000011111111111111111111111111110000000000011111111111111111111111111100000000000000000000
111111111111111111111111110000000111111111111111111111111111111000000000000011111111111111111111111100000000000111000001
111111111111111111111111100000000011111111111111111111111111111000000000000001111111111111111111111110000000000111111111
111111111111111111111111100000000011111111111111111111111111111000000111111100011111111111111111111111100000000111111111
111000000000011111110000000000000011111111111111111111111111110000000011111111111111111111111111111111000000001111111111
110000000000000000000111111000000001111111111111111111111111110000000001111111111111111111111111111111000000001111111111
111110000000000000000000000000000001111111111111111111111111110000000000111111111111111111111111111100000000001111111111
111111111100000000000000000000000000011111111111111111111111100000000000011111111111111111111111111000000000001111111111
111111111111110000000000000000000000001111111111111111111111100000000000001111111111111111111111110000000000001111111111
111111111111111111000000000000000000000111111111111111111111000000000000001111111111111111111111000000000000000111111111
111111111111111111111110000000000000000011111111111111111111000000000001111111111111111111111111000000000000000011111111
111111111111111111111111111000000000000001111111111111111111110001111001111111111111111111111111100000000000000011111111
111111111111111111111111110000000000011111111111111111111111110011111001111111111111111111111111111000011000111111111111
111111111111111111111111110000000111111111111111111111111111110011111001111111111111111111111111110000111000111111111111
111111111111111111111111111000000111111111111111111111111111100011111000111111111111111111111111100011110001111111111111
111111111111111111111111111111000001111111111111111111111111100000000000001111111111111111111111001111110011111111111111
111111111111111111111111111111100000111111111111111111111111111000000001111111111111111111111100011111100111111111111111
111111111111111111111111111110000000011111111111111111111111111000000000000111111111111111111100011111000111111111111111
111111111111111111111111111100000000001111111111111111111111111111000000000111111111111111111100000000000000000111111111
111111110000000011111111110000000000000001111111111111111111111111111111111110001111111111111111100000000000000011111111
111100000000000000000011111000000000000011111111111111111111111111111111111111111111111111111111111000000000000111111111
111111100000000000000011111000000000111111111111111111111111111111111111111111111111111111111111111100000000000000111111
111111111100000000000000000000000001111111111111111111111111111111111111111111111111111111111111111100011110000000000011
111111111111000000000000000000011111111111111111111111111111111111111111111111111111111111111111111110011111111110000001
111111111111111000000000000000001111111111111111111111111111111111111111111111111111111111111111111111001111111111111111
111111111111111111000000000000000001111111111111111111111111111111111111111111111111111111111111111111111101111111111111
111111111111111111110000000000000001111111111111111111111111111111111111111111111111111111111111111111111111111111111111
111111111111111111111110000000011111111111111111111111111111111111111111111111111111111111111111111111111111111111111111
