111111111111111111111111111111111111111111111111111111111111111111111110000000000001111111111111111111111111111111111111
111111111111111111111111111111111111111111111111111111111111111111111110000000000000011111111111111111111111111111111111
111111111111111111111111111111111111111111111111111111111111111111111110000000000000000110000111111111111111111111111111
111111111111111111111111111111111111111111111111111111111111111111111111000000000000000000000000011111111111111111111111
111111111111111111111111111111111111111111111111111111111111111111111000000000000000000000000000000111111111111111111111
111111111111111111111111111111111111111111111111111111111111111110000000000000000000000000000000000011111111111111111111
111111111111111111111111111111111111111111111111111111111111111000000000000000000000000000000000000001111111111111111111
111111111111111111111111111111111111111111111111111111111111100000000000000000000000000000000000000001111111111111111111
111111111111111111111111111111111111111111111111111111111110000000000000000000000000000000000000000000111111111111111111
111111111111111111111111111111111111111111111111111111111110000000000000000000000000000000000000000000011111111111111111
111111111111111111111111111111111111111111111111111111111100000000000000000000000000000000000000000000001111111111111111
111111111111111111111111111111111111111111111111111111111000000000000000000000000000000000000000000000000111111111111111
111111111111111111111111111111111111111111111111111111111100000000000000000000000000000000000000000000000111111111111111
111111111111111111111111111111111111111111111111111111111100000000000000000000000000000000000000000000000011111111111111
111111111111111111111111111111111111111111111111111111111110000000000000000000000000000000000000000000000011111111111111
111111111111111111111111111111111111111111111111111111111111100000000000000000000000000000000000000000000011111111111111
111111111111111111111111111111111111111111111111111111111111111110000000000000000000000000000000000000000001111111111111
111111111111111111111111111111111111111111111111111111111111111100000000000000000000000000000000000000000001111111111111
111111111111111111111111111111111111111111111111111111111111111100000000000000000000000000000000000000000001111111111111
111111111111111111111111111111111111111111111111111111111111111111000000000000000000000000000000000000000001111111111111
111111111111111111111111111111111111111111111111111111111111111111110000000000000000000000000000000000000001111111111111
111111111111111111111111111111111111111111111101111111111111111111111000000000000000000000000000000000000001111111111111
111111111111111111111111111111111111111111111100000000111111111111111100000010000000000000000000000000000001111111111111
111111111111111111111111111111111111111110000000000000001111111111111100000000000000000000000000000000000001111111111111
111111111111111111111111111111111111111100000000000000000111111111111100000000000000000000000000000001000000111111111111
111111111111111111111111111111111111111000000000000000000111111111111110000000000000000000000000000000100000111111111111
111111111111111111111111111111111111111000000000000000000111111111111110000000000000000000000000000000110110111111111111
111111111111111111111111111111111111111100000000000000000011111111111110000000000000000000000000000011111011111111111111
111111111111111111111111111111111111111110000000000000000000111111111110000000000000000000000000000001111111111111111111
111111111111111111111111111111111111111111000000000000000000001100111100000000000000000000000000011001111111111111111111
111111111111111111111111111111111111111111110000000000000000000000000000000000000000000000000000001101111111111111111111
111111111111111111111111111111111111111111111111000000000000000000000000000000000000000000000000000111111111111111111111
111111111111111111111111111111111111111111111110000000000000000000000000000000000000000000000000000111111111111111111111
111111111111111111111111111111111111111111111100000000000000000000000000000000000000000000000000000011111111111111111111
111111111111111111111111111111111111111111111000000000000000000000000000000000000000000000000000000011111111111111111111
111111111111111111111111111111111111111111111000000000000000000000000000000000000000000000000000000001111111111111111111
111111111111111111111111111111111111111111111000000000000000000000000000000000000000000000000000000001111110001111111111
111111111111111111111111111111111111111111110000000000000000000000000000000000000000000000000000000000100000011111111111
111111111111111111111111111111111111111111110000000000000000000000000100000000000000000000000000000000000111111111111111
111111111111111111111111111111111111111111100000000000000000000000000100000000000000000000000000000000001111111111111111
