000000000000000000000000000000000000000000000000000000011111111111111111111111111111111111111111111111111000000000000000
000000000000000000000000000000000000000000000000000011111111111111111111111111111111111111111111111111111000000000000000
000000000000000000000000000000000000000000000000011111111111111111111111111111111111111111111111111111111000000000000000
000000000000000000000000000000000000000000000001111111111111111111111111111111111111111111111111111111111000000000000000
000000000000000000000000000000000000000000000111111111111111111111111111111111111111111111111111111111110000000000000000
000000000000000000000000000000000000000000011111111111111111111111111111111111111111111111111111111111110000000000000000
000000000000000000000000000000000000000000111111111111111111111111111111111111111111111111111111111111110000000000000000
000000000000000000000000000000000000000001111111111111111111111111111111111111111111111111111111111111100000000000000000
000000000000000000000000000000000000000011111111111111111111111111111111111111111111111111111111111111110000000000000000
000000000000000000000000000000000000001111111111111111111111111111111111111111111111111111111111111111110000000000000000
000000000000000000111111111111110011111111111111111111111111111111111111111111111111111111111111111111110000000000000000
000000000000000001111111111111111111111111111111111111111111111111111111111111111111111111111111111111110000000000000000
000000000000000000011000011111111111111111111111111111111111111111111111111111111111111111111111111111110000000000000000
000000000000000000000000001111111111111111111111111111111111111111111111111111111111111111111111111111110000000000000000
000000000000000000000000000000011111111111111111111111111111111111111111111111111111111111111111111111110000000000000000
000000000000000000000000000000111111111111111111111111111111111111111111111111111111111111111111111111110000000000000000
000000000000000000000000000001111111111111111111111111111111111111111111111111111111111111111111111111110000000000000000
000000000000000000000000000111111111111111111111111111111111111111111111111111111111111111111111111111100000000000000000
000000000000000000000000000000111111111111111111111111111111111111111111111111111111111111111111111111000000000000000000
000000000000000000000000000000111111111111111111111111111111111111111111111111111111111111111111111111000000000000000000
000000000000000000000000000000011111111111111111111111111111111111111111111111111111111111111111111111100000000000000000
000000000000000000000000000000001111111111111111111111111111111111111111111111111111111111111111111111100000000000000000
000000000000000000000000000000001111111111111111111111111111111111111111111111111111111111111111111111100000000000000000
000000000000000000000000000000000000111111111111111111110000000011111111111111111111111111111111111111100000000000000000
000000000000000000000000000000000000000110111111110000000000000000000011111111111111111111111111111111111000000000000000
000000000000000000000000000000000000000000011100000000000000000000000000001111111111111111111111111111111111000000000000
000000000000000000000000000000000000000000000000000000000000000000000000000000000000001111111111111111000111111100000000
000000000000000000000000000000000000000000000000000000000000000000000000000000000000000000011111111111000001111111000000
000000000000000000000000000000000000000000000000000000000000000000000000000000000000000000000111111110000000011111000000
000000000000000000000000000000000000000000000000000000000000000000000000000000000000000000000001111100000000000000000000
000000000000000000000000000000000000000000000000000000000000000000000000000000000000000000000000011110000000000000000000
000000000000000000000000000000000000000000000000000000000000000000000000000000000000000000000000000111000000000000000000
000000000000000000000000000000000000000000000000000000000000000000000000000000000000000000000000000000000000000000000000
000000000000000000000000000000000000000000000000000000000000000000000000000000000000000000000000000000000000000000000000
000000000000000000000000000000000000000000000000000000000000000000000000000000000000000000000000000000000000000000000000
000000000000000000000000000000000000000000000000000000000000000000000000000000000000000000000000000000000000000000000000
000000000000000000000000000000000000000000000000000000000000000000000000000000000000000000000000000000000000000000000000
000000000000000000000000000000000000000000000000000000000000000000000000000000000000000000000000000000000000000000001111
000000000000000000000000000000000000000000000000000000000000000000000000000000000000000000000000000000000000011111111111
000000000000000000000000000000000000000000000000000000000000000000000000000000000000000000000000000000000001111111111111
