000000000000000000000000000000000000000000000000000000000000000000000000000000000000000000000000000000000000000000000000
000000000000000000000000000000000000000000000000000000000000000000000000000000000000000000000000000000000000000000000000
000000000000000000000000000000000000000000000000000000000000000000000000000000000000000000000000000000000000000000000000
000000000000000000000000000000000000000000000000000000000000000000000000000000000000000000000000000000000000000000000000
000000000000000000000000000000000000000000000000000000000000000000000000000000000000000000000000000000000000000000000000
000000000000000000000000000010000000000000000000011111111111111110000000000000000000000000000000000000000000000000000000
000000000000000000000000000000000000000000000000111111111111111111100000000000000000000000000000000000000000000000000000
000000000000000000000000000000000000000000000001111111111111111111111100000000000000000000000000001000000000000000000000
000000000000000000000000000000000000000000000111111111111111111111111100000000000000000000000000000000000000000000000000
000000000000000000000000000000000001000000001111111111111111111111111110000000000000000000000000000000000000000000000000
000000000000000000000000000000000000000000001111111111111111111111111111000000000000000000000000000000000000000000000000
000000000000000000000000000000000000000000011111111111111111111111111111000000000000000100000000000000000000000000000000
000000000000000000000000000000000011111111111111111111111111111111111111110000000000010001000000000000000000000000000000
000000000000000000000000000000011111111111111111111111111111111111111111110000000000110000000000000000000000000000000000
000000000000000000000000000001111111111111111111111111111111111111111111101000000000000000000100000000000000000000000000
000000000000000000000000011111111111111111111111111111111111111111111111111100011000000000111010000000000000000000000000
000000000000000000000000111111111111111111111111111111111111111111111111110011010000000001110000000000000000000000000000
000000000000000000000001111111111111111111111111111111111111111111111110001100000000000011000000000000000000000000000000
000000000000000000000001111111111111111111111111111111111111111111111111111000110000011100100000000001010000000000000000
000000000000000000000001111111111111111111111111111111111111111111111111100001111100000000000001000000100000001000110000
000000000000000000000001111111111111111111111111111111111111111111111111100111000000000000000011100100100100011110000000
000000000000000000000111111111111111111111111111111111111111111111111111111100000000000001100100000001100111110000000000
000000000000000000111111111111111111111111111111111111111111111111111111111000000110011100001000000001111111000000000000
000000000000000001111111111111111111111111111111111111111111111111111111111111111100000000000000011111111110010000000000
000000000000000011111111111111111111111111111111111111111111111111111111111110000100000001001101111100000000000000000000
000000000000000111111111111111111111111111111111111111111111111111111111111110000010000111111111000000000000000000000000
000000000000000111111111111111111111111111111111111111111111111111111111111111000011110000110000000000000000000000000000
000000000000001111111111111111111111111111111111111111111111111111111111111111111111000110000000000000000000000000000001
000000000000001111111111111111111111111111111111111111111111111111111111111111100011111000000000000000011111110000001111
000000000000000111111111111111111111111111111111111111111111111111111111111111000110000000000000000000011111000000000111
000000000000001111111111111111111111111111111111111111111111111111111111111111111000000000000000000000000000000000000001
000000000000011111110011111111111111111111111111111111111111111111111110111111100000000000000000000000000000000000000111
000000000000011111111000000111111111111111111111111111111111111000000001111110000000000000000000000000000000000000000011
000000000001111111110000000000001111111000000000111111000000000000000001111100000000000000000000000000000000000000000001
000000000111111111100000000000000000000000000000000000000000000000000001111100000000000000000000000000000000000000000011
000000000000111111000000000000000000000000000000000000000000000000000011111110000000000000000000000000000000000000000111
000000000000111111000000000000000000000000000000000000000000000000000111111110000000000000000000000000000000000000000111
000000000000111111000000000000000000000000000000000000000000000000000111111110000000000000000000000000000000000000000001
000000000000111111000000000000000000000000000000000000000000000000000111111110000000000000000000000000000000000000000000
000000000000111111100000000000000000000000000000000000000000000000000111111110000000000000000000000000000000000000000000
