111111111111111111111111111111111111111111111111111111111111111111111111111111111111111111111111111111111111111111111111
111111111111111111111111111111111111111111111111111111111111111111111111111111111111111111111111111111111111111111111111
111111111111111111111111111111111111111111111111111111111111111111111111111111111111111111111111111111111111111111111111
111111111111111111111111111111111111111111111111111111111111111111111111111111111111111111111111111111111111111111111111
111111111111111111111111111111111111111111111111111111111111111111111111111111111111111111111111111111111111111111111111
111111111111111111111111111111111111111111111111111111111111111111111111111111111111111111111111111111111111111111111111
111111111111111111111111111111111111111111111111111111111111111111111111111111111111111111111111111111111111111111111111
011111111111111111111111111111111111111111111111111111111111111100001111111011111111111111111111111111111111111111111111
000011111111111111111111111111111111111111111111111111111111111110000000000000011111111111111111111111111111111111111111
000011111111111111111111111111111111111111111111111111111111111100000000000000011111111111111111111111111011111111111111
011111111111111111111111111111111111111111111111111111111111111000000000000000001111111111111111111111100000111111111111
011111111111111111111111111111111111111111111111111111111111100000000000000000000111111111000001111100000000011111111111
011111111111111111111111111111111111111111111111111111111111000000000000000000001111111110000000000000000000011111111111
001111111111111111111111111111111111111111111111111111111111111000000000000000001111110000000000000011100000011111111111
001111111111111111111111111111111111111111111111111111111111111100000000000000000000001110000000110011111111111111111111
011111111111111111111111111111111111111111111111111111111111111100000000000000001110000000000000000111111111111111111111
111111111111111111111111111111111111111111111111111111111111111100000000000000011100000000000000011111111111111111111111
111111111111111111111111111111111111111111111111111111111111111100000000000000000000000000000000001111111111111111111111
111111111111111111111111111111111111111111111111111111111111111000000000000000000000000000000000000111111111111111111111
111111111111111111111111111111111111111111111111111111111111111000000000000000000000000000000000000011111111111111111111
111111111111111111111111111111111111111111111111111111111111111110000000000000000000000001000000000111111111111111111111
111111111111111111111111111111111111111111111111111111111111111111000000000000000000001111111111111111111111111111111111
111111111111111111111111111111111111111111111111111111111111111111111000000000000000001111111111111111111111111111111111
111111111111111111111111111111111111111111111111111111111111111111111100000000000000001111111111111111111111111111111111
111111111111111111111111111111111111111111111111111111111111111111111100000000000000001111111111111111111111111111111111
111111111111111111111111111111111111111111111111111111111111111111111100000000000000011111111111111111111111111111111111
111111111111111111111111111111111111111111111111111111111111111111111100000000000000011111111111111111111111111111111111
111111111111111111111111111111111111111111111111111111111111111111111100000000000000111111111111111111111111111111111111
111111111111111111111111111111111111111111111111111111111111111111111000000000000000011111111111111111111111111111111111
111111111111111111111111111111111111111111111111111111111111111111110000000000000000001111111111111111111111111111111111
111111111111111111111111111111111111111111111111111111111111111111100000000000000000001111111111111111111111111111111111
111111111111111111111111111111111111111111111111111111111111111111100000000000000000000111111111111111111111111111111111
111111111111111111111111111111111111111111111111111111111111111111000000000000000000000011111111111111111111111111111111
111111111111111111111111111111111111111111111111111111111111111111000000000000000000000011111111111111111111111111111111
011111111111111111111111111111111111111111111111111111111111111111000000000000000000000001111111111111111111111111111111
011111111111111111111111111111111111111111111111111111111111111110000000000000000000000001111111111111111111111111111111
001111111111111111111111111111111111111111111111111111111111111110000000000000000000000000111111111111111111111111111111
000111111111111111111111111111111111111111111111111111111111111100000000000000000000000000111111111111111111111111111111
000011111111111111111111111111111111111111111111111111111111111000000000000000000000000000001111111111111111111111111111
000001111111111111111111111111111111111111111111111111111111111000000000000000000000000000000111111111111111111111111111
