111111111111111111111111111111111111111111111111111111111111111111111111111111111111111111111111111111111111111111111111
111111111111111111111111111111111111111111111111111111111111111111111111111111111111111111111111111111111111111111111111
111111111111111111111111111111111111111111111111111111111111111111111111111111111111111111111111111111111111111111111111
111111111111111111111111111111111111111111111111111111111111111111111111111111111111111111111111111111111111111111111111
111111111111111111111111111111111111111111111111111111111111111111111111111111111111111111111111111111111111111111111111
111111111111111111111111111111111111111111111111111111111111111111111111111111111011111111111111111111111111111111111111
111111111111111111111111111111111111111111111111111111100000000000000011111111000011111111111111111111111111111111111111
111111111111111111111111111111111111111111111111111000000000000000000000011000000001111111111111111111111111111111111111
111111111111111111111111111111111111111111111111110000000000000000000000000000000000011111111111111111111111111111111111
111111111111111111111111111111111111111111111111100000000000000000000000000000000000000111111111111111111111111111111111
111111111111111111111111111111111111111111111111100000000000000000000000000000000000011111111111111111111111111111111111
111111111111111111111111111111111111111111111111100000000000000000000000000000000001111111111111111111111111111111111111
111111111111111111111111111111111111111111111111100000000000000000000000000000000011111111111111111111111111111111111111
111111111111111111111111111111111111111111111110000000000000000000000000000001111111111111111111111111111111111111111111
111111111111111111111111111111111111111111110000000000000000000000000000000000011111111111111111111111111111111111111111
111111111111111111111111111111111111111111111000000000000000000000000000000001111111111111111111111111111111111111111111
111111111111111111111111111111111111111111111111110000000000000000000000000011111111111111111111111111111111111111111111
111111111111111111111111111111111111111111111111110000000000000000000000000001111111111111111111111111111111111111111111
111111111111111111111111111111111111111111111111110000000000000000000000000011111111111111111111111111111111111111111111
111111111111111111111111111111111111111111111111111100000000000000000000011111111111111111111111111111111111111111111111
111111111111111111111110001111111111111111111111111111110110000000001111111111111111111111111111111111111111111110111111
111111111111111111111000000001111111111111111111111111111000000000000111111111111111111111111111111111111111100000001111
111111111111111111100000000000001111111111111111110000000000000000000000000001111111111111111111111111111000000000000111
111111111111111100000000000000000001111111111111000000000000000000000000000000011111111111111111111110000000000000000001
111111111111100000000000000000000000011111111110000000000000000000000000000000001111111111111111000000000000000000000000
111111111100000000000000000000000000000000001100000000000000000000000000000000000000000000000000000000000000000000000000
111111000000000000000000000000000000000000000000000000000000000000000000000000000000000000000000000000000000000000000000
110000000000000000111001111000000000000000000000000000000000000000000000000000001111100000000000000000000000000000100000
111111111100000011111111111110000011000000000000000000000000000000000000000000011111111110000000011110000011111011110000
111111111111111111111111111111111111111000011111000000000000000000000000000000111111111111111011111111111111111111111000
111111111111111111111111111111111111111111111111000000000000000000000000000000111111111111111111111111111111111111111111
111111111111111111111111111111111111111111111110000000000000000000000000000000111111111111111111111111111111111111111111
111111111111111111111111111111111111111111111110000000000000000000000000000000111111111111111111111111111111111111111111
111111111111111111111111111111111111111111111110000000000000000000000000000000111111111111111111111111111111111111111111
111111111111111111111111111111111111111111111111111110000000000000000000000001111111111111111111111111111111111111111111
111111111111111111111111111111111111111111111111111110000000000000000000011111111111111111111111111111111111111111111111
111111111111111111111111111111111111111111111111111000000000000000000000001111111111111111111111111111111111111111111111
111111111111111111111111111111111111111111111111110000000000000000000000000111111111111111111111111111111111111111111111
111111111111111111111111111111111111111111111111100000000000000000000000000111111111111111111111111111111111111111111111
111111111111111111111111111111111111111111111111110000000000000000000000000011111111111111111111111111111111111111111111
