111111111111111111111111111111111111111111111111111111111111111111111111111111111111111111111111111111111111111111111111
111111111111111111111111111111111111111111111111111111111111111111111111111111111111111111111111111111111111111111111111
111111111111111111111111111111111111111111111111111111111111111111111111111111111111111111111111111111111111111111111111
111111111111111111111111111111111111111111111111111111111111111111111111111111111111111111111111111111111111111111111111
111111111111111111111111111111111111111111111111111111111111111111111111111111111111111111111111111111111111111111111111
111111111111111111111111111111111111111111111111111111111111111111111111111111111111111111111111111111111111111111111111
111111111111111111111111111111111111111111111111111111111111111111111111111111111111111111111111111111111111111111111111
111111111111111111111111111111111111111111111111111111111111111111111111111111111111111111111111111111111111111111111111
111111111111111111111111111111111111111111111111111111111111111111111111111111111111111111111111111111111111111111111111
111111111111111111111111111111111111111111111110111111111111111111111111111111111111111111111111111111111111111111111111
111111111111111111111111111111111111111111111110011111111111111111111111111111111111111111111111111111111111111111111111
111111111111111111111111111111111111111111111111011111111111111111111111111111111111111111111111111111111111111111111111
111111111111111111111111111111111111111111111111011111111000111111111111111111111111111111111111111111111111111111111111
111111111111111111111111111111111111111111111111001111100000001111111111111111111111111111111111111111111111111111111111
111111111111111111111111111111111111111111111111000011000000000111111111111111111111111111111111111111111111111111111111
111111111111111111111111111111111111111111111110000000000000000111111111111111111111111111111111111111111111111111111111
111111111111111111111111111111111111111111111111000110000000000111111111111111111111111111111111111111111111111111111111
111111111111111111111111111111111111111111111111101111000000000011111111111111111111111111111111111111111111111111111111
111111111111111111111111111111111111111111111111100000100000000011111111111111111111111111111111111111111111111111111111
111111111111111111111111111111111111111111111111100000000000000011111111111111111111111111111111111111111111111111111111
111111111111111111111111111111111111111111111111110000000000000111111111111111111111111111111111111111111111111111111111
111111111111111111111111111111111111111111111111110000000000000111111111111111111111111111111111111111111111111111111111
111111111111111111111111111111111111111111111111110011000000000111111111111111111111111111111111111111111111111111111111
111111111111111111111111111111111111111111111111110011000000000111111111111111111111111111111111111111111111111111111111
111111111111111111111111111111111111111111111111110001000000000011111111111111111111111111111111111111111111111111111111
111111111111111111111111111111111111111111111111110000000000000001111111111111111111111111111111111111111111111111111111
111111111111111111111111111111111111111111111111110000000000000001111111111111111111111111111111111111111111111111111111
111111111111111111111111111111111111111111111111110000000000000001111111111111111111111111111111111111111111111111111111
111111111111111111111111111111111111111111111111100000000000000001111111111111111111111111111111111111111111111111111111
111111111111111111111111111111111111111111111111100000000000000001111111111111111111111111111111111111111111111111111111
111111111111111111111111111111111111111111111111000000000000000011111111111111111111111111111111111111111111111111111111
111111111111111111111111111111111111111111111111000000000011111111111111111111111111111111111111111111111111111111111111
111111111111111111111111111111111111111111111111110000001111111111111111111111111111111111111111111111111111111111111111
111111111111111111111111111111111111111111111111111111111111111111111111111111111111111111111111111111111111111111111111
111111111111111111111111111111111111111111111111111111111111111111111111111111111111111111111111111111111111111111111111
111111111111111111111111111111111111111111111111111111111111111111111111111111111111111111111111111111111111111111111111
111111111111111111111111111111111111111111111111111111111111111111111111111111111111111111111111111111111111111111111111
111111111111111111111111111111111111111111111111111111111111111111111111111111111111111111111111111111111111111111111111
111111111111111111111111111111111111111111111111111111111111111111111111111111111111111111111111111111111111111111111111
111111111111111111111111111111111111111111111111111111111111111111111111111111111111111111111111111111111111111111111111
