000000000000000000000000000000000000000000000000000100000000000000000000000000000000000000000000000000000000000000000000
000000000000000000000000000000000000000001010000000000000000000000000000000000000000000000000000000000000000000000000000
000000000000000000000000000000001111111111111111111111100000000000000000000000110000000000000000000000000000000000000000
000000000000000000000000000111111111111111111111111111111000000000000000000000000000000000000000000000000000000000000000
000000000000000000010001111111111111111111111111111111100110000000000000000000000000000000000000000000000000000000000000
000000000000000000001111111111111111111111111111111111000000000000000000000000000000000000000000000000000000000000000000
000000000000000000111111111111111111111111111111100000000000000000000000000000000000000000000000000000000000000000000000
000000000000000001111111111111111111111111111111100000000000000000000000000000000000000000000000000000000000000000000000
000000000000000111111111111111111111111111111111000000000000000000000000000000000000000000000000000000000000000000000000
000000000000001111111111111111111111111111111111100000000000000000000000000000000000000000000000000000000000000000000000
000000000000011111111111111111111111111111111111110000000000000000000000000000000000000000000000000000000000000000000000
000000000000111111111111111111111111111111111111110000000000000000000000000000000000000000000000000000000000000000000000
000000000001111111111111111111111111111111111110000000000000000000000000000000000000000000000000000000000000000000000000
000000000011111111111111111111111111111111111100000000000000000000000000000000000000000000000000000000000000000000000000
000000000011111111111111111111011111111111010000000000000000000000000000000000000000000000000000000000000000000000000000
000000000011111111111111111110000011111111110000000000000000000000000000000000000000000000000000000000000000000000000000
000000000011111111111111111100000000011111111100000000000000000000000000000000000000000000000000000000000000000000000000
000000000011111111111111000000000000011111111111000000000000000000000000000000000000000000000000000000000000000000000000
000000000011111111110000000000000000111111111111110000000000000000000000000000000000000000000000000000000000000000000000
000000000001111111100000000000000000111111111111111000000000000000000000000000000000000000000000000000000000000000000000
000000000000110000000000000000000001111111111111110111000011000000000000000000000000000000000000000000000000000000000000
000000000000000000000000000000000011111111111111110111110001100000000000000000000000000000000000000000000000000000000000
000000000000000000000000000000001011111111111111111111111111000000000000000000000000000000000000000000000000000000000000
000000000000000000000000000000000011111111111111111110000000000000000000000000000000000000000000000000000000000000000000
000000000000000000000000000000000001111111111111110000000000000000000000000000000000000000000000000000000000000000000000
000000000000000000000000000000000000111111111111110000000000000000000000000000000000000000000000000000000000000000111000
000000000000000000000000000000000011111111111111111000000000000000000000000000000000000000000000000000000000000000000000
000000000000000000000000000000000111111111111111111000000000000000000000000000000000000000000000000000000000000000000000
000000000000000000000000000000011111111111111111111000000000000000000000000000000000000000000000000000000000000000000000
000000000000000000000000000011111111111111111111111000000000000000000000000000000000000000000000000000000000000000000000
000000000000000000000000001111111111111111111111111000000000000000000000000000000000001000000000000000000000000000000000
000000000000000000000011111111111111111111111111111000000000000000000000000000000000000000000000000000000000000000000000
000000000000000011111111111111111111111111111111111000000000000000000000000000000000000000000000000000000000010000000000
000000000000111111111111111111111111111111111111111000000000000000000000000000000000000000000000000000000000000001100000
000000000001111111111111111111111111111111111111111100000000000000000000000000000000000000000000000000000000000000000000
000000000011111111111111111111111111111111111111111100000000110000000000000000000000000000000000000000000000000000000000
000000000111111111111111111111111111111111111111111100000000000000000000000000000000000000000000000000000000000000000000
000000001111111111111111111111111111111111111111111100000000000000000000000000000000000000000000000000000000000000000000
000000000000000000000111111111111111111111111111111100000000000000000000000000000000000000000000000000000000000000000000
000000000000000000000000000011111111111111111111111100000000000000000000000000000000000000000000000000000000000000000000
