000000000000000000000000000000000000000000000000000000000000000000000000000000000000000000000000000000000000000000000000
000000000000000000000000000000000000000000000000000000000000000000000000000000000000000000000000000000000000000000000000
000000000000000000000000000000000000000000000000000000000000000000000000000000000000000000000000000000000000000000000000
000000000000000000000000000000000000000000000000000000000000000000000000000000000000000000000000000000000000000000000000
000000000000000000000000000000000000000000000000000000000000000000000000000000000000000000000000000000000000000000000000
000000000000000000000000000000000000000000000000000000000000000000000000000000000000000000000000000000000000000000000000
000000000000000000000000000000000000000000000000000000000000000000000000000000000000000000000000000000000000000000000000
000000000000000000000000000000000000000000000000000000000000000000000000000000000000000000000000000000000000000000000000
000000000000000000000000000000000000000000000000000000000000000000000000000000000000000000000000000000000000000000000000
000000000000000000000000000000000000000000000000000000000000000000000000000000000000000000000000000000000000000000000000
000000000000000000000000000000000000000000000000000000000000000000000000000000000000000000000000000000000000000000000000
000000000000000000000000000000000000000000000000000000000000000000000000000000000000000000000000000000000000000000000000
000000000000000000000000000000000000000000000000000000000000001111111111110000000000000000000000000000000000000000000000
000000000000000000000000000000000000000000000000000000011111111111111111111111110000000000000000000000000000000000000000
000000000000000000000000000000000000000000000000011111111111111111111111111111111111111110000000000000000000000000111111
000000000000000000000000000000000000000000000011111111111111111111111111111111111111111111111111000000000000011111111111
000000000000000000000000000000000000000000001111111111111111111111111111111111111111111111111111111100001111111111111111
000000000000000000000000000000000000000000111111111111111000001111100000011111111111111111111111111111111111111111111111
000000000000000000000000000000000000000001111111111111110000001110000000000011111111111111111111111111111111111111111111
000000000000000000000000000000000000000001111111111000111100111100000000000000011111111111111111111111111111111111111111
000000000000000000000000000000000000000000011101111000001111100000000000000000000011111111111111111111111111111111111111
000000000000000000000000000000000000000000001100111000001111111110000000000000000000011111111111111111111111111111111111
000000000000000000000000000000000000000000000000001000011111111110000000000000000000000011111111111111111111111111111111
000000000000000000000000000000000000000000000000000000011111111110000000000000000000000000001111111111111111111000000000
000000000000000000000000000000000000000000000000000000011111111110000000000000000000000000000000000000000000000000000000
000000000000000000000000000000000000000000000000000000001111111110000000000000000000000000000000000000000000000000000000
000000000000000000000000000000000000000000000000000000000111111110000000000000000000000000000000000000000000000000000000
000000000000000000000000000000000000000000000000000000000011111111000000000000000000000000000000000000000000000000000000
000000000000000000000000000000000000000000000000000000000011111111100000000000000000000000000000000000000000000000000000
000000000000000000000000000000000000000000000000000000000011111111110000000000000000000000000000000000000000000000000000
000000000000000000000000000000000000000000000000000000000000000000000000000000000000000000000000000000000000000000000000
000000000000000000000000000000000000000000000000000000000000000000000000000000000000000000000000000000000000000000000000
000000000000000000000000000000000000000000000000000000000000000000000000000000000000000000000000000000000000000000000000
000000000000000000000000000000000000000000000000000000000000000000000000000000000000000000000000000000000000000000000000
000000000000000000000000000000000000000000000000000000000000000000000000000000000000000000000000000000000000000000000000
000000000000000000000000000000000000000000000000000000000000000000000000000000000000000000000000000000000000000000000000
000000000000000000000000000000000000000000000000000000000000000000000000000000000000000000000000000000000000000000000000
000000000000000000000000000000000000000000000000000000000000000000000000000000000000000000000000000000000000000000000000
000000000000000000000000000000000000000000000000000000000000000000000000000000000000000000000000000000000000000000000000
000000000000000000000000000000000000000000000000000000000000000000000000000000000000000000000000000000000000000000000000
