000000000000000000000000000000000000000000000000000000000000000000000000000000000000000000000000000000000000000000000000
000000000000000000000000000000000000000000000000000000000000000000000000000000000000000000000000000000000000000000000000
000000000000000000000000000000000000000000000000000000110000000000000000000000000000000000000000000000000000000000000000
000000000000000000000000000000000000000000000000000001100000000000000000000000000000000000000000000000000000000000000000
000000000000000000000000000000000000000000000000000011100000000000110000000000000000000000000000000000000000000000000000
000000000000000000000000000000000000000000110000001111000000000000111100000000000000000000000000000000000000000000000000
000000000000000000000000000000000000000000011111111110000000000000111110000000000000000000000000000000000000000000000000
000000000000000000000000000000000000000000011111111110000000000000111111100000000000000000000000000000000000000000000000
000000000000000000000000000000000001111111111111111111000000000000000111111111111111100000000000000000000000000000000000
000000000000000000000000000000000111111111111111111100010000000000000011111111111111111000000000000000000000000000000000
000000000000000000000000000000011111111111111111111100000000000000001111111111111111111110000000000000000000000000000000
000000000000000000000000000000111111111111111111111110000000000000011111111111111111111111000000000000000000000000000000
000000000000000000000000000001111111111111111111111111000000000000111111111111111111111111100000000000000000000000000000
000000000000000000000000000001111111111111111111111111100000000000111111111111111111111111100000000000000000000000000000
000000000000000000000000000011111111111111111111111111100000000000111111111111111111111111110000000000000000000000000000
000000000000000000000000000011111111111111111111111111000000000000111111111111111111111111110000000000000000000000000000
000000000000000000000000000011111111111111111111000000000000000000000000111111111111111111110000000000000000000000000000
000000000000000000000000000111111111111111111110000000000000000000000000011111111111111111110000000000000000000000000000
000000000000000000000000000111111111111111100000000000000000000000000000000001111111111111111000000000000000000000000000
000000000000000000000000000111111111111111100000000000000000000000000000000001111111111111111000000000000000000000000000
000000000000000000000000001111111111111111111000000000000001100000000000000111111111111111111000000000000000000000000000
000000000000000000000000001111111111111111111100000000000111111000000000001111111111111111111100000000000000000000000000
000000000000000000000000011111111111111111111110000000000111111000000000011111111111111111111100000000000000000000000000
000000000000000000000000011111111111111111111110000000000111111000000000011111111111111111111100000000000000000000000000
000000000000000000000000011111111111111111111110000001111111111111100000011111111111111111111100000000000000000000000000
000000000000000000000000011111111111111111111111011111111111111111111110111111111111111111111100000000000000000000000000
000000000000000000000000011111111111111111111111111111001111111100111111111111111111111111111100000000000000000000000000
000000000000000000000000011111111111111111111111111000001111111100000111111111111111111111111100000000000000000000000000
000000000000000000000000001111111111111111111110000111111110011111111000011111111111111111111000000000000000000000000000
000000000000000000000000001111111111111111111111111111111100001111111111111111111111111111110000000000000000000000000000
000000000000000000000000000111111111111111111111111111100000000001111111111111111111111111110000000000000000000000000000
000000000000000000000000000011111111111111111111111000000000000000000111111111111111111111110000000000000000000000000000
000000000000000000000000000111111111111111111110000000000000000000000000111111111111111111111000000000000000000000000000
000000000000000000000000011111111111111111001110000000000000000000000000000011111111111111111111111000000000000000000000
000000000000000000000001111111111111111111100000000000000000000000000000000000111111111111111111111111111100000000000000
000000000000000000000011111111111111111111100000000000000000000000000000000001111111111111111111111111111111100000000000
000000000000000000001111111111111111111111100000000000000000000000000000000000111111111111111111111111111111111000000000
000000000000000000001111111111111111111111100000000000000000000000000000000000111111111111111111111111111111111110000000
000000000000000000011111111111111111111111110000000000000000000000000000000000111111111111111111111111111111111111000000
000000000000000000111111111111111111111111110000000000000000000000000000000000111111111111111111111111111111111111100000
