111111111111111111111111111111111111111111111111111111111111111111111111111111111111100000000000000000000000000000000000
111111111111111111111111111111111111111111111111111111111111111111111111111111111100000000000000000000000000000000000000
111111111111111111111111111111111111111111111111111111111111111111111111111111110000000000000000000000000000000000000000
111111111111111111111111111111111111111111111111111111111111111111111111111111100000000000000000000000000000000000000000
111111111111111111111111111111111111111111111111111111111111111111111111111111000000000000000000000000000000000000000000
111111111111111111111111111111111111111111111111111111111111111111111111111111000000000000000000000000000000000000000000
111111111111111111111111111111111111111111111111111111111111111111111111111110000000000000000000000000000000000000000000
111111111111111111111111111111111111111111111111111111111111111111111000000000000000000000000000000000000000000000000000
111111111111111111111111111111111111111111111111111111111111111111100000000000000000000000000000000000000000000000000000
111111111111111111111111111111111111111111111111111111111111111110000000000000000000000000000000000000000000000000000000
111111111111111111111111111111111111111111111111111111111111111100000000000000000000000000000000000000000000000000000000
111111111111111111111111111111111111111111111111111111111111111000000000000000000000000000000000000000000000000000000000
111111111111111111111111111111111111111111111111111111111111111110000000000000000000000000000000000000000000000000000000
111111111111111111111111111111111111111111111111111111111111111111110000000000000000000000000000000000000000000000000000
111111111111111111111111111111111111111111111111111111111111111111111000000000000000000000000000000000000000000000000000
111111111111111111111111111111111111111111111111111111111111111111111111100000000000000000000000000000000000000000000000
111111111111111111111111111111111111111111111111111111111111111111111111111000000000000000000000000000000000000000000000
111111111111111111111111111111111111111111111111110011111111111111111111111000000000000000000000000000000000000000000000
111111111111111111111111111111111111111111111111100011111111111111111111111000000000000000000000000000000000000000000000
111111111111111111111111111111111111111111111111110000111111111111111111111000000000000000000000000000000000000000000000
111111111111111111111111111111111111111111111111110000111111111111111111111000000000000000000000000000000000000000000000
111111111111111111111111111111111111111111111111110000111111111111111111111000000000000000000000000000000000000000000000
111111111111111111111111111111111111111111110011110000011111111111111111111000000001000000000000000000000000000000000000
111111111111111111111111111111111111111111000000000000011111111111111111110000000001100000000000000000000000000000000000
111111111111111111111111111111111111111100000000000000011111111111111111110000000001111000000000000000000000000000000000
111111111111111111111111111111111111111000000000000000011111111111111111110000000001111111100000000000000000000000000000
111111111111111111111111111111111111111100000000000000011111111111111111110000000001000000000000000000000000000000000000
111111111111111111111111111111111111111111000000000000011111111111111111100000000001000000000000000000000000000000000000
111111111111111111111111111111111111111111000000000000011111111111111111100000000000000000000000000000000000000000000000
111111111111111111111111111111111111111111100000000000011111111111111111000000000000000000000000000000000000000000000000
111111111111111111111111111111111111111111100000000000000111111111111111000000000000000000000000000000000000000000000000
111111111111111111111111111111111111111111110000000000000000111111111111000000000000000000000000000000000000000000000000
111111111111111111111111111111111111111111111000000000000000000000011110000000000000000000000000000000000000000000000000
111111111111111111111111111111111111111111111110000000000000000000000000000000000000000000000000000000000000000000000000
111111111111111111111111111111111111111111111111100000000000000000000000000000000000000000000000000000000000000000000000
111111111111111111111111111111111111111111111111110000000000000000000000000000000000000000000000000000000000000000000000
111111111111111111111111111111111111111111111111111100000000000000000000000000000000000000000000000000000000000000000000
111111111111111111111111111111111111111111111111111100000000000000000000000000000000000000000000000000000000000000000000
111111111111111111111111111111111111111111111111111100000000000000000000000000000000000000000000000000000000000000000000
111111111111111111111111111111111111111111111111111000000000000000000000000000000000000000000000000000000000000000000000
