000000000000000000000000000000000000000000000000000000000000000000000000000000000000000000000000000000000000000000000000
000000000000000000000000000000000000000000000000000000000000000000000000000000000000000000000000000000000000000000000000
000000000000000000000000000000000000000000000000000000000000000000000000000000000000000000000000000000000000000000000000
000000000000000000000000000000000000000000000000000000000000000000000000000000000000000000000000000000000000000000000000
000000000000000000000000000000000000000000000000000000000000000000000000000000000000000000000000000000000000000000000000
000000000000000000000000000000000000000000000000000000011111111000000000000000000000000000000000000000000000000000000000
000000000000000000000000000000000000000000000000000111111111111111111111000000000000000000000000000000000000000000000000
000000000000000000000000000000000000000000000000011111111111111111111000000000000000000000000000000000000000000000000000
000000000000000000000000000000000000000000000000111111111111111111111000000000000000000000000000000000000000000000000000
000000000000000000000000000000000000000000000000111111111111111111111100000000000000000000000000000000000000000000000000
000000000000000000000000000000000000000000000000111111111111111111111100000000000000000000000000000000000000000000000000
000000000000000000000000000000000000000000000011111111111111111111110000000000000000000000000000000000000000000000000000
000000000000000000000000000000000000000000000110111111111111111111111000000000000000000000000000000000000000000000000000
000000000000000000000000000000000000000000000001111111111111111111110000000000000000000000000000000000000000000000000000
000000000000000000000000000000000000000000000011111111111111111111100000000000000000000000000000000000000000000000000000
000000000000000000000001111111111111111111111111111111111111111111000000000000000000000000000000000000000000000000000000
000000000000000001111111111111100000000000111111111111111111111110000000000000000000000000000000000000000000000000000000
111111111111111111111110000000000000000000000000011111111111111111100000000000000000000000000000000000000000000000000000
111111111111111111100000000000000000000000000000000001111111111111111111110000000000000000000000000000000000000000000000
111111111111100000000000000000000000000000000000000001111111111111111111111111100000000000000000000000000000000000000000
111111111111100000000000000000000000000000000000000001111111111111111111111111111000000000000000000000000000000000000000
111111111111000000000000000000000000000000000000000000111111111111111111111111111111000000000000000000000000000000000000
111111111111000000000000000000000000000000000000000000111111111111111111111110001111111111000000000000000000000000000000
111111111111000000000000000000000000000000000000000000011111111111111111111111000001111111110000000000000000000000000000
111111111111000000000000000000000000000000000000000000011111111111111111111100000011111111111000000000000000000000000000
111111111111000000000000000000000000000000000000000000011111111111111111111111111111111111111111000000000000000000000000
111111111111000000000000000000000000000000000000000000011111111111111111111111111111111100001111110000000000000000000000
111111111111000000000000000000000000000000000000000000001111111111111111111111111111111000000001111100000000000000000000
111111111111000000000000000000000000000000000000000000001111111111110000000000000000000000000000011110000000000000000000
111111111111000000000000000000000000000000000000000000011111111111110000000000000000000000000000001111100000000000000000
111111111111000000000000000000000000000000000000000000111111111111111000000000000000000000000000000011111000000000000000
111111111111100000000000000000000000000000000000000001111111111111111000000000000000000000000000000000111100000000000000
111111111111100000000000000000000000000000000000000111111111111111111000000000000000000000000000000000011110000000000000
111111111111100000000000000000000000000000000000001111111111111111111100000000000000000000000000000000001111100000000000
111111111111100000000000000000000000000000000000011111111111111111111100000000000000000000000000000000000011110000000000
111111111111100000000000000000000000000000000000111111111111111111111100000000000000000000000000000000000001111111100000
011111111111110000000000000000000000000000000001111111111111111111111100000000000000000000000000000000000000111111110000
011111111111110000000000000000000000000000000001111111111111111111111100000000000000000000000000000000000000001111111000
001111111111111000000000000000000000000000000011111111111111111111111110000000000000000000000000000000000000000001110000
000111111111111000000000000000000000000000000011111111111111111111111110000000000000000000000000000000000000000000000000
