000000000000000000000000000000000000000000000000000000000000000000000000000000000000000000000000000000000000000000000000
000000000000000000000000000000000000000000000000000000000000010000000000000000000000000000000000000000000000000000000000
000000000000000000000000000000000000000000000000000000000111111100000000000000000000000000000000000000000000000000000000
000000000000000000000000000000000000000000000000000000001111111110000000000000000000000000000000000000000000000000000000
000000000000000000000000000000000000000000000000011111111111111111000000000000000000000000000000000000000000000000000000
000000000000000000000000000000000000000000000000011111111111111111000000000000000000000000000000000000000000000000000000
000000000000000000000000000000000000000000000000111111111111111111000000000000000000000000000000000000000000000000000000
000000000000000000000000000000000000000000000001111111111111111111110000000000000000000000000000000000000000000000000000
000000000000000000000000000000000000000000000011111111111111111111111000000000000000000000000000000000000000000000000000
000000000000000000000000000000000000000000000111111111111111111111111100000000000000000000000000000000000000000000000000
000000000000000000000000000000000000000000000011111111111111111111111100000000000000000000000000000000000000000000000000
000000000000000000000000000000000000000000000000011111111111111111111110000000000000000000000000000000000000000000000000
000000000000000000000000000000000000000000000000001111111111111111111110000000000000000000000000000000000000000000000000
000000000000000000000000000000000000000000000000000011111111111111111110000000000000000000000000000000000000000000000000
000000000000000000000000000000000000000000000000000000011111111111111110000000000000000000000000000000000000000000000000
000000000000000000000000000000000000000000000000000001111111111111111111000000000000000000000000000000000000000000000000
000000000000000000000000000000000000000000000000000111111111111111111111000000000000000000000000000000000000000000000000
000000000000000000000000000000000000000000000000011111111111111111111111000000000000000000000000000000000000000000000000
000000000000000000000000000000000000000000000000111111111111111111111111100000000000000000000000000000000000000000000000
000000000000000000000000111110000000000000000011111111111111111111111111110000000000000000000000000000000000000000000000
000000000000000000000001111111100000000000000111111111111111111111111111111000000000000000000000000000000000000000000000
000000000000000000000000001111000000000000000111111111111111111111111111111100000000000000000000000000000000000000000000
000000000000000000000111111111111111000000001111111111111111111111111111111110000000000000000000000000000000000000000000
000000000000000001111111111111111111111111011111111111111111111111111111111110000000000000000000000000000000000000000000
000000000000000000000000000000111111111111111111111111111111111111111111111110000000000000000000000000000000000000000000
000000000000000000000000000000000001111111111110000111111111111111111111111111000000000000000000000000000000000000000000
000000000000000000000000000000000000000000111000010011111111111111111111111111000000000000000000000000000000000000000000
000000000000000000000000000000000000000000000000010011111111111111111111111110000000000000000000000000000000000000000000
000000000000000000000000000000000000000000000000001111111111111111111111111110000000000000000000000000000000000000000000
000000000000000000000000000000000000000000000000001111111111111111111111111100000000000000000000000000000000000000000000
000000000000000000000000000000000000000000000000001111111111111111111111111100000000000000000000000000000000000000000000
000000000000000000000000000000000000000000000000001111111111111111111111111100000000000000000000000000000000000000000000
000000000000000000000000000000000000000000000000011111111111111111111111111000000000000000000000000000000000000000000000
000000000000000000000000000000000000000000000000011111111111111111111111110000000000000000000000000000000000000000000000
000000000000000000000000000000000000000000000000011111111111111111111111110000000000000000000000000000000000000000000000
000000000000000000000000000000000000000000000000011111111111111111111111110000000000000000000000000000000000000000000000
000000000000000000000000000000000000000000000000111111111111111111111111100000000000000000000000000000000000000000000000
000000000000000000000000000000000000000000000000111111111111111111111111100000000000000000000000000000000000000000000000
000000000000000000000000000000000000000000000000111111111111111111111111100000000000000000000000000000000000000000000000
000000000000000000000000000000000000000000000000011111111111111111111111100000000000000000000000000000000000000000000000
