000000000000000000000000000000000000000000000000001111111111111111111111111111111111111111111111111111111111111111111111
000000000000000000000000000000000000000000000000011111111111111111111111111111111111111111111111111111111111111111111111
000000000000000000000000000000000000000000000000111111111111111111111111111111111111111111111111111111111111111111111111
000000000000000000000000000000000000000000000000111111111111111111111111111111111000111111111111111111111111111111111111
000000000000000000000000000000000000000000000000011111111111111001111111111111000000011111111111111111111111111111111111
000000000000000000000000000000000000000000000000001111111111100001111111111110000000011111111111111111111111111111111111
000000000000000000000000000000000000000000000000000000000000000001111111111110000000011111111111111000000000111111111111
000000000000000000000000000000000000000000000000000000000000000011111111111100000000001111111111111000000000001111111111
000000000000000000000000000000000000000000000000000000000000000011111111111100000000001111111111111000000000000111111111
000000000000000000000000000000000000000000000000000000000000000011111111111100000000001111111111111000000000000011111111
000000000000000000000000000000000000000000000000000000000000000011111111111100000000001111111111111100000000000011111111
000000000000000000000000000000000000000000000000000000000000000011111111111000000000001111111111111000000000000001111111
000000000000000000000000000000000000000000000000000000000000000111111111111000000000011111111111111000000000000001111111
000000000000000000000000000000000000000000000000000000000000001111111111111000000000011111111111110000000000000000111111
000000000000000000000000000000000000000000000000000000000000011111111111110000000000011111111111100000000000000000011111
000000000000000000000000000000000000000000000000000000000000111111111111100000000000111111111111100000000000000000011111
000000000000000000000000000000000000000000000000000000000001111111111111000000000000111111111111100000000000000000001111
000000000000000000000000000000000000000000000000000000000011111111111110000000000001111111111111000000000000000000001111
000000000000000000000000000000000000000000000000000000000111111111111100000000000001111111111111000000000000000000001111
000000000000000000000000000000000000000000000000000000011111111111111000000000000011111111111111000000000000000000001111
000000000000000000000000000000000000000000000000000000111111111111110000000000000111111111111111000000000000000000000111
000000000000000000000000000000000000000000000000000001111111111111110000000000001111111111111111000000000000000000000111
000000000000000000000000000000000000000000000000000111111111111111100000000000001111111111111111000000000000000000000111
000000000000000000000000000000000000000000000000000011111111111111100000000000000111111111111111000000000000000000001111
000000000000000000000000000000000000000000000000000011111111111111100000000000001111111111111100000000000000000000011111
000000000000000000000000000000000000000000000111111111111111111111111111110000011111111111111100000000000000000000111111
000000000000000000000000111111111111111111111111111111111111111111111111111111111111111111111100000000000000000001111111
000000000000111111111111111111111111111111111111111111111111111111111111111111111111111111111111100000000000000001111111
001111111111111111111111111111111111111111111111111111111111111111111111111111111111111111111111111111110000000011111111
111111111111111111111111111111110000000000000000000000000000000000000000000000001111111111111111111111111111100011111111
111111111111111111000000000000000000000000000000000000000000000000000000000000000000000000000001111111111111111111111111
111111110000000000000000000000000000000000000000000000000000000000000000000000000000000000000000000000111111111111111111
100000000000000000000000000000000000000000000000000000000000000000000000000000000000000000000000000000000000111111111111
000000000000000000000000000000000000000000000000000000000000000000000000000000000000000000000000000000000000000111111111
000000000000000000000000000000000000000000000000000000000000000000000000000000000000000000000000000000000000000011111111
000000000000000000000000000000000000000000000000000000000000000000000000000000000000000000000000000000000000000011111111
000000000000000000000000000000000000000000000000000000000000000000000000000000000000000000000000000000000000000011111111
000000000000000000000000000000000000000000000000000000000000000000000000000000000000000000000000000000000000000001111111
000000000000000000000000000000000000000000000000000000000000000000000000000000000000000000000000000000000000000011111111
000000000000000000000000000000000000000000000000000000000000000000000000000000000000000000000000000000000000000011111111
