000000000000000000000000000000000000000000000000000000000000000000000000000000000000000000000000000000000011111111111111
000000000000000000000000000000000000000000000000000000000000000000000000000000000000000000000000000000000011111111111111
000000000000000000000000000000000000000000000000000000000000000000000000000000000000000000000000000000000000111111111111
000000000000000000000000000000000000000000000000000000000000000000000000000000000000000000000000000000000000011111111111
000000000000000000000000000000000000000000000000000000000000000000000000000000000000000000000000000000000000001111111111
000000000000000000000000000000000000000000000000000000000000000000000000000000000000000000000000000000000000000011111111
000000000000000000000000000000000000000000000000000000000000000000000000000000000000000000000000000000000000000000011111
000000000000000000000000000000000000000000000000000000000001100000000000000000000000000000000000000000000000000000000111
000000000000000000000000000000000000000000000000000000000011110000000000001000000000000000000000000000000000000000000000
000000000000000000000000000000000000000000000000000000000011110000000001111000000000000000000000000000000000000000000000
000000000000000000000000000000000000000000000000000000000011111000000111110000000000000000000000000000000000000000000000
000000000000000000000000000000000000000000000000000000000011111000001111100000000000000000000000000000000000000000000000
000000000000000000000000000000000000000000000000000000000111111000011111000000000000000000000000000000000000000000000000
000000000000000000000000000000000000000000000000000000000111111000111110000000111110000000000000000000000000000000000000
000000000000000000000000000000000000000000000000000000000111111011111100000111111000000000000000000000000000000000000000
000000000000000000000000000000000000000000000000000010000111111111111000011111100000000000000000000000000000000000000000
000000000000000000000000000000000000000000000000001111100111111111110001111110000000000000000000000000000000000000000000
000000000000000000000000000000000000000000000000001111111111111111110111111000000000000000000000000000000000000000000000
000000000000000000000000000000000000000000000000000111111111111111111111110011111111110000000000000000000000000000000000
000000000000000000000000000000000000000000000000000011111111111111111111111111111100000000000000000000000000000000000000
000000000000000000000000000000000000000000000000000001111111111111111111111110000000000000000000000000000000000000000000
000000000000000000000000000000000000000000000000000001111111111111111111100000000000000000000000000000000000000000000000
000000000000000000000000000000000000000000000000000011111111111111111111000000000000000000000000000000000000000000000000
000000000000000000000000000000000000000000000000000011111111111111111111000000000000000000000000000000000000000000000000
000000000000000000000000000000000000000000000000000011111111111111111110000000000000000000000000000000000000000000000000
000000000000000000000000000000000000000000000000000111111111111111111100000000000000000000000000000000000000000000000000
000000000000000000000000000000000000000000011111111111111111111111111000000000000000000000000000000000000000000000000000
000000000000000000000000000000000000000001111111111111111111111111100000000000000000000000000000000000000000000000000000
000000000000000000000000000000000000000111111111111111111111111110000000000000000000000000000000000000000000000000000000
000000000000000000000000000000000000011111111111111111111111111000000000000000000000000000000000000000000000000000000000
000000000000000000000000000000000000111111111111111111111111111110000000000000000000000000000000000000000000000000000000
000000000000000000000000000000000011111111111111111111111111111111100000000000000000000000000000000000000000000000000000
000000000000000000000000000000000111111111111111111111111111111111111000000000000000000000000000000000000000000000000000
000000000000000000000000000000011111111111111111111111111111111111111110000000000000000000000000000000000000000000000000
000000000000000000000000000001111111111111111111111111111111111111111111000000000000000000000000000000000000000000000000
000000000000000000000000000111111111111111111111111111111111111111111111110000000000000000000000000000000000000000000000
000000000000000000000000001111111111111111111111111111111111111111111111110000000000000000000000000000000000000000000000
000000000000000000000000111111111111111111111111111111111111111111111111100000000000000000000000000000000000000000000000
000000000000000000000011111111111111111111111111111111111111111111111111110000000000000000000000000000000000000000000000
000000000000000000000111111111111111111111111111111111111111111111111111100000000000000000000000000000000000000000000000
