111111101100000000000000000000000000000000000000000000000000000000000000000000000000000000000000000000000000000000000000
111111111111111111000000000000000000000000000000000000000000000000000000000000000000000000000000000000000000000000000000
111111111111100000000000000000000000000000000000000000000000000000000000000000000000000000000000000000000000000000000000
111111111111111110000000000000000000000000000000000000000000000000000000000000000000000000000000000000000000000000000000
111111111111111111100000000000000000000000000000000000000000000000000000000000000000000000000000000000000000000000000000
111111111111111111100000000000000000000000000000000000000000000000000000000000000000000000000000000000000000000000000000
111111111111111111111111000000000000000000000000000000000000000000000000000000000000000000000000000000000000000000000000
111111111111111111111111100000000000000000000000000000000000000000000000000000000000000000000000000000000000000000000000
111111111111111111111111110000000000000000000000000000000000000000000000000000000000000000000000000000000000000000000000
110000011111111111111111111000000000000000000000000000000000000000000000000000000000000000000000000000000000000000000000
011110000011111111111111111000000000000000000000000000000000000000000000000000000000000000000000000000000000000000000000
100000000111111111111111111100000000000000000000000000000000000000000000000000000000000000000000000000000000000000000000
111000001111111111111111111100000000000000000000000000000000000000000000000000000000000000000000000000000000000000000000
111110111111111111111111111110000000000000000000000000000000000000000000000000000000000000000000000000000000000000000000
111111111111111111111111111110000000000000000000000000000000000000000000000000000000000000000000000000000000000000000000
111111111111111111111111111111000000000000000000000000000000000000000000000000000000000000000000000000000000000000000000
111111111111111111111111111111111111000000000000000000000000000000000000000000000000000000000000000000000000000000000000
111111111111111111100111111111111111111111000000000000000000000000000000000000000000000000000000000000000000000000000000
111111111111111111111110000111111111111111111100000000000000000000000000000000000000000000000000000000000000000000000000
111111111111111111111111111110000000001111111111100000000000000000000000000000000000000000000000000000000000000000000000
111111111111111111111111111111111110000000011111111110000000000000000000001111111111111111111111110000000000000000000000
111111111111111111111111111111111000111111111111111111111110001111111111111111111111111111111111111111111111110000000000
111111111111111111111111111111111111000000001111111111111111111111111111111111111111111111111111111111111111111000000000
111111111111111111111111111111111111111111111111111111111111111111111111111111111111111111111111111111111111111111110000
111111111111111111111111111111111111111111111111111111111111111111111111111111111111111111111111111111111111111111100000
111111111111111111111111111111111111111111111111111111111111111111111111111111111111111111111111111111111111111111110000
111111111111111111111111111111111111111111111111111111111111111111111111111111111111111111111111111111111111111111111110
111111111111111111111111111111111111111111111111111111111111111111111111111111111111111111111111111111111111111111111111
111111111111111111111111111111111111111111111111111111111111111111111111111111111111111111111111111111111111111111111111
111111111111111111111111111111111111111111111111111111111111111111111111111111111111111111111111111111111111111111111111
111111111111111111111111111111111111111111111111111111111111111111111111111111111111111111111111111111111111111111111111
111111111111111111111111111111111111111111111111111111111111111111111111111111111111111111111111111111111111111111111111
111111111111111111111111111111111111111111111111111111111111111111111111111111111111111111111111111111111111111111111111
111111111111111111111111111111111111111111111111111111111111111111111111111111111111111111111111111111111111111111111111
111111111111111111111111111111111111111111000011111111111111111111111111111111111111111111111111111111111111111111111111
111111111111111111111111111111111111111110000000000011111111111111111111111111111111111111111111111111111111111111111111
111111111111111111111111111111111111111100000000000000000001111111111111111111111111111111111111111111111111111111111111
111111111111111111111111111111111111110000000000000000000000000000000011111111111111111111111111111111111111111111111000
000000000111111111111111111111111111100000000000000000000000000000000000000000000000111111111111111111111111111000000000
000000000000000011111111111111110000000000000000000000000000000000000000000000000000000000001111111111111111110010000000
