000000000000000000000000000000000000000000000000000000000000000000000000000000000000000000000000000000000000000000000000
000000000000000000000000000000000000000000000000000000000000000000000000000000000000000000000000000000000000000000000000
000000000000000000000000000000000000000000000000000000000000000000000000000000000000000000000000000000000000000000000000
000000000000000000000000000000000000000000000000000000111110000000000000000000000000000000000000000000000000000000000000
000000000000000000000000000000000000000000000000011111111111110000000000000000000000000000000000000000000000000000000000
000000000000000000000000000000000000000000000111111111111111111111111111000000000000000000000000000000000000000000000000
000000000000000000000000000000000000000000011111111111111111111111111100000000000000000000000000000000000000000000000000
000000000000000000000000000000000000000000111111111111111111111111110000000000000000000000000000000000000000000000000000
000000000000000000000000000000000000000000111111111111111111111111111000000000000000000000000000000000000000000000000000
000000000000000000000000000000000000000000111111111111111111111111111100000000000000000000000000000000000000000000000000
000000000000000000000000000000000000000000111111111111111111111111111100000000000000000000000000000000000000000000000000
000000000000000000000000000000000000000011111111111111111111111111111000000000000000000000000000000000000000000000000000
000000000000000000000000000000000000001111111111111111111111111111100000000000000000000000000000000000000000000000000000
000000000000000000000000000000000000000000111111111111111111111111110000000000000000000000000000000000000000000000000000
000000000000000000000000000000000000000011111111111111111111111111100000000000000000000000000000000000000000000000000000
000000000000000000000000000000000000000111111111111111111111111111000000000000000000000000000000000000000000000000000000
000000000001111111111111111111111111111111111111111111111111111110000000000000000000000000000000000000000000000000000000
000001111111111111111111111111111111111111111111111111111111111110000000000000000000000000000000000000000000000000000000
111111111111111100000000000000111111111111111111111111111111111000000000000000000000000000000000000000000000000000000000
111111110000000000000000000000000000000000011111111111111111111000000000000000000000000000000000000000000000000000000000
111100000000000000000000000000000000000000000000111111111111111111100000000000000000000000000000000000000000000000000000
000000000000000000000000000000000000000000000000111111111111111111111111111000000000000000000000000000000000000000000000
000000000000000000000000000000000000000000000000111111111111111111111111111111100000000000000000000000000000000000000000
000000000000000000000000000000000000000000000000111111111111111111111111111111111000000000000000000000000000000000000000
000000000000000000000000000000000000000000000000011111111111111111111111111111111111000000000000000000000000000000000000
000000000000000000000000000000000000000000000000011111111111111111111111111111111111111100000000000000000000000000000000
000000000000000000000000000000000000000000000000011111111111111111111111111111000111111111111000000000000000000000000000
000000000000000000000000000000000000000000000000001111111111111111111111111111100000011111111111000000000000000000000000
000000000000000000000000000000000000000000000000001111111111111111111111111111110000000111111111110000000000000000000000
000000000000000000000000000000000000000000000000000111111111111111111111111111100011111111111111111000000000000000000000
000000000000000000000000000000000000000000000000000111111111111111111111111111111111111111111111111110000000000000000000
000000000000000000000000000000000000000000000000000111111111111111111111111111111111111111111000111111100000000000000000
000000000000000000000000000000000000000000000000000111111111111111111111111111111111111111110000000111111000000000000000
000000000000000000000000000000000000000000000000000111111111111111110000000000000011111111100000000001111110000000000000
000000000000000000000000000000000000000000000000000111111111111111110000000000000000000000000000000000011111100000000000
000000000000000000000000000000000000000000000000000111111111111111110000000000000000000000000000000000000111111000000000
000000000000000000000000000000000000000000000000011111111111111111110000000000000000000000000000000000000011111100000000
000000000000000000000000000000000000000000000000111111111111111111110000000000000000000000000000000000000000111110000000
000000000000000000000000000000000000000000000011111111111111111111111000000000000000000000000000000000000000011111100000
000000000000000000000000000000000000000000000111111111111111111111111000000000000000000000000000000000000000000111110000
