000000011111111111111111110010000000000000000000000000000000001111111111111111111111111111111111111111111111111111111111
000001111110000000001111111100000000000000000000000000000000000111111111111111111111111111111111111111111111111111111111
000000000000000000001111111100000000000000000000000000000000000001111111111111111111111111111111111111111111111111111111
000000000000111111111111111111000000000000000000000000000000000000011111111111111111111111111111111111111111111111111111
000011111111111111111111111111000000000000000000000000000000000000000011111111111111111111111111111111111111111111111111
000111111111111111111111111100000000000000000000000000000000000000000000011111111111111111111111111111111111111111111111
000011111111111111111111111000000000000000000000000000000000000000000000000111111111111111111111111111111111111111111111
000001111111111111111111110000000000000000000000000000000000000000000000000000111111111111111111111111111111111111111111
000000111111111111111111000000000000000000000000000000000000000000000000000000001111111111111111111111111111111111111111
000000111111111111111111100000000000000000000000000000000000000000000000000000000111111111111111111111111111111111111111
000000111111111111111111000000000000000000000000000000000000000000000000000000000011111111111111111111111111111111111111
000000111111111111111110000000000000000000000000000000000000000000000000000000000011111111111111111111111111111111111111
111111111111111111111100000000000000000000000000000000000000000000000000000000000001111111111111111111111111111111111111
111111111111111111111111000000000000000000000000000000000000000000000000000000000001111111111111111111111111111111111111
111111111111111111111110000000000000000000000000000000000000000000000000000000000000111111111111111111111111111111111111
111111111111111111111111000000000000000000000000000000000000000000000000000000000000111111111111111111111111111111111111
111111111111111111111100000000000000000000000000000000000000000000000000000000000000111111111111111111111111111111111111
111111111111111111110000000000000000000000000000000000000000000000000000000000000000011111111111111111111111111111111111
111111111111111111111000000000000000000000000000000000000000000000000000000000000000011111111111111111111111111111111111
111111111111111111111000001110000000000000000000000000000000000000000000000000000000011111111111111111111111111111111111
111111111111111111111001111110000000000000000000000000000000000000000000000000000000001111111111111111111111111111111111
111111111111111111111111111100000000000000000000000000000000000000000000000000000000001111111111111111111111111111111111
111111111111111111111111111100000000000000000000000000000000000000000000000000000000001111111111111111111111111111111111
111111111111111111111111111100000000000000000000000000000000000000110000000000000000000111111111111111111111111111111111
111111111111111111111111111111100000000000000000000000000000000011100000000000000000000111111111111111111111111111111111
111111111111111111111111111111000000000000000000000000000000001111000000000000000000000111111111111111111111111111111111
111111111111111111111111111111100000000000000000000000000000011110000000000000000000000011111111111111111111111111111111
111111111111111111111111111110000000000000000000000000000000111111101000000000000000000011111111111111111111111111111111
111111111111111111111111111111111000000000000000000000000000111111111110000000000000000001111111111111111111111111111111
111111111111111111111111111111110000000000000000000000000001111111111110000000000000000001111111111111111111111111111111
111111111111111111111111111111110000000000000000000000000011111111111111111000000000000001111111111111111111111111111111
111111111111111111111111111111100000000000000000000000000111111111111111111110000000000000111111111111111111111111111111
111111111111111111111111111111011000000000000000000000001111111111111111111110010000000100011111111111111111111111111111
111111111111111111111111111111110000000000000000000000011111111111111111111111111000000100011111111111111111111111111111
111111111111111111111111111111100000000000000000000000011111111111111111111111111110000110001111111111111111111111111111
111111111111111111111111111111000000000000000000000000111111111111111111111111111111010111001111111111111111111111111111
111111111111111111111111111110111000000000000000000001111111111111111111111111111111111111110111111111111111111111111111
111111111111111111111111111111110000000000000000000011111111111111111111111111111111111111111111111111111111111111111111
111111111111111111111111111111100000000000000000000111111111111111111111111111111111111111111111111111111111111111111111
111111111111111111111111111111001110000000000000001111111111111111111111111111111111111111111111111111111111111111111111
