111111111111111111111111111111111111111111111111111111111111111111111111111111111111111111111111111111111111111111111111
111111111111111111111111111111111111111111111111111111111111111111111111111111111111111111111111111111111111111111111111
111111111111111111111111111111111111111111111111111111111111111111111111111111111111111111111111111111111111111111111111
111111111111111111111111111111111111111111111111111111111111111111111111111111111111111111111111111111111111111111111111
111111111111111111111111111111111111111111111111111111111111111111111111111111111111111111111111111111111111111111111111
111111111111111111111111111111111111111111111111111111111111111111111111111111111111111111111111111111111111111111111111
111111111111111111111111111111111111111111111111111111111111111111111111111111111111111111111111111111111111111111111111
111111111111111111111111111111111111111111111111111111111111111111111111111111111111111111111111111111111111111111111111
111111111111111111111111111111111111111111111111111111111111111111111111111111111111111111111111111111111111111111111111
111111111111111111111111111111111111111111111111011111111111111111111111111111111111111111111111111111111111111111111111
111111111111111111111111111111111111111111111111011111111111111111111111111111111111111111111111111111111111111111111111
111111111111111111111111111111111111111111111111011111111111111111111111111111111111111111111111111111111111111111111111
111111111111111111111111111111111111111111111111011111111111111111111111111111111111111111111111111111111111111111111111
111111111111111111111111111111111111111111111111001111111000111111111111111111111111111111111111111111111111111111111111
111111111111111111111111111111111111111111111111001111100000001111111111111111111111111111111111111111111111111111111111
111111111111111111111111111111111111111111111111000011000000000111111111111111111111111111111111111111111111111111111111
111111111111111111111111111111111111111111111111000000000000000111111111111111111111111111111111111111111111111111111111
111111111111111111111111111111111111111111111111000000000000000111111111111111111111111111111111111111111111111111111111
111111111111111111111111111111111111111111111111100111000000000111111111111111111111111111111111111111111111111111111111
111111111111111111111111111111111111111111111111100111000000001111111111111111111111111111111111111111111111111111111111
111111111111111111111111111111111111111111111111100000000000001111111111111111111111111111111111111111111111111111111111
111111111111111111111111111111111111111111111111110100000000001111111111111111111111111111111111111111111111111111111111
111111111111111111111111111111111111111111111111110100000000000111111111111111111111111111111111111111111111111111111111
111111111111111111111111111111111111111111111111110110000000000111111111111111111111111111111111111111111111111111111111
111111111111111111111111111111111111111111111111110111000000000111111111111111111111111111111111111111111111111111111111
111111111111111111111111111111111111111111111111110011000000000011111111111111111111111111111111111111111111111111111111
111111111111111111111111111111111111111111111111110011000000000001111111111111111111111111111111111111111111111111111100
111111111111111111111111111111111111111111111111110000000000000001111111111111111111111111111111111111111111111111110000
000111111111111111111111111111111111111111111111100000000000000001111111111111111111111111111111111111111111111111100000
000001111111111111111111111111111111111111111111100000110000000001111111111111111111111111111111111111111111111111000000
000011111111111111111111111111111111111111111111100000000000000001111111111111111111111111111111111111111111111100000000
000111111111111111111111111111111111111111111111000000011000000011111111111111111111111111111111111111111111111100000000
001111111111111111111111111111111111111111111111000000001111111111111111111111111111111111111111111111111111111100000000
001111111111111111111111111111111111111111111110000000001111111111111111111111111111111111111111111111111111111100000000
000011111111111111111111111111111111111111111100000000000111111111111111111111111111111111111111111111111111111111111000
000111111111111111111111111111111111111111111111000000001111111111111111111111111111111111111111111111111111111111111111
011111111111111111111111111111111111111111111111111000111111111111111111111111111111111111111111111111111111111111111111
111111111111111111111111111111111111111111111111111111111111111111111111111111111111111111111111111111111111111111111111
111111111111111111111111111111111111111111111111111111111111111111111111111111111111111111111111111111111111111111111111
111111111111111111111111111111111111111111111111111111111111111111111111111111111111111111111111111111111111111111111111
