111111111111111111111111111111111111111111111111111111111111111111111111111111111111111111111111111111111111111111111111
111111111111111111111111111111111111111111111111111111111111111111111111111111111111111111111111111111111111111111111111
111111111111111111111111111111111111111111111111111111111111111111111111111111111111111111111111111111111111111111111111
111111111111111111111111111111111111111111111111111111111111111111111111111111111111111111111111111111111111111111111111
111111111111111111111111111111111111111111111111111111110000000000000000000011111110000001111111111111111111111111111111
111111111111111111111111111111111111111111111111111111000000000000000000000000000000000000111111111111111111111111111111
111111111111111111111111111111111111111111111111111100000000000000000000000000000000000000111111111111111111111111111111
111111111111111111111111111111111111111111111111111100000000000000000000000000000000000000001111111111111111111111111111
111111111111111111111111111111111111111111111111111000000000000000000000000000000000000000000111111111111111111111111111
111111111111111111111111111111111111111111111111111000000000000000000000000000000000000001111111111111111111111111111111
111111111111111111111111111111111111111111111111111100000000000000000000000000000000000001111111111111111111111111111111
111111111111111111111111111111111111111111111111110000000000000000000000000000000011100011111111111111111111111111111111
111111111111111111111111111111111111111111111110000000000000000000000000000000000000111111111111111111111111111111111111
111111111111111111111111111111111111111111111110000000000000000000000000000000000011111111111111111111111111111111111111
111111111111111111111111111111111111111111111111111000000000000000000000000000000111111111111111111111111111111111111111
111111111111111111111111111111111111111111111111111111000000000000000000000000000011111111111111111111111111111111111111
111111111111111111111111111111111111111111111111111110000000000000000000000000000011111111111111111111111111111111111111
111111111111111111111111111111111111111111111111111110000000000000000000000000001111111111111111111111111111111111111111
111111111111111111111111111111111111111111111111111111110000000000000000000001111111111111111111111111111111111111111111
111111111111111111111111100111111111111111111111111111111111100000000001111111111111111111111111111111111111111111111111
111111111111111111111110000011111111111111111111111111000000000000000000000011111111111111111111111111111111111111111111
111111111111111111111100000000000111111111111111111100000000000000000000000000000011111111111111111111111111111111111111
111111111111111111110000000000000000111111111111110000000000000000000000000000000001111111111111111111111111111111100000
111111111111111111000000000000000000000111111111100000000000000000000000000000000000111111111111111111111111111000000000
111111111111111100000000000000000000000000011110000000000000000000000000000000000000011111111111111111111110000000000000
111111111111100000000000000000000000000000000000000000000000000000000000000000000000001110000011111111000000000000000000
111111111100000000000000000000000000000000000000000000000000000000000000000000000000000000000000000000000000000000000000
111111100000000000000111101111000000000000000000000000000000000000000000000000000011110000000000000000000000000000000000
111100000000000000001111111111110001111110000000100000000000000000000000000000000001111111000000000000000000000000000000
111111111111111111111111111111111111111111110111100000000000000000000000000000000111111111111000000000000000000000000000
111111111111111111111111111111111111111111111111000000000000000000000000000000000111111111111111000000111111000000111111
111111111111111111111111111111111111111111111111000000000000000000000000000000000111111111111111111111111111111111111111
111111111111111111111111111111111111111111111111000000000000000000000000000000000111111111111111111111111111111111111111
111111111111111111111111111111111111111111111111110000000000000000000000000000001111111111111111111111111111111111111111
111111111111111111111111111111111111111111111111111110000000000000000000000011111111111111111111111111111111111111111111
111111111111111111111111111111111111111111111111111100000000000000000000000111111111111111111111111111111111111111111111
111111111111111111111111111111111111111111111111111000000000000000000000000001111111111111111111111111111111111111111111
111111111111111111111111111111111111111111111111110000000000000000000000000000111111111111111111111111111111111111111111
111111111111111111111111111111111111111111111111110000000000000000000000000001111111111111111111111111111111111111111111
111111111111111111111111111111111111111111111111111000000000000000000000000000111111111111111111111111111111111111111111
