111111111111111111111111111111111111111111111111111111111111111111111111111111111111111111111111000000000000000000000000
111111111111111111111111111111111111111111111111111111111111111111111111111111111111111111111000000000000000000000000000
111111111111111111111111111111111111111111111111111111111111111111111111111111111111111110000000000000000000000000000000
111111111111111111111111111111111111111111111111111111111111111111111111111111111111110000000000000000000000000000000000
111111111111111111111111111111111111111111111111111111111111111111111111111111111111100000000000000000000000000000000000
111111111111111111111111111111111111111111111111111111111111111111111111111111111110000000000000000000000000000000000000
111111111111111111111111111111111111111111111111111111111111111111111111111111111100000000000000000000000000000000000000
111111111111111111111111111111111111111111111111111111111111111111111111111111111000000000000000000000000000000000000000
111111111111111111111111111111111111111111111111111111111111111111111111111111111000000000000000000000000000000000000000
111111111111111111111111111111111111111111111111111111111111111111111111111111111000000000000000000000000000000000000000
111111111111111111111111111111111111111111111111111111101111111111111111111111110000000000000000000000000000000000000000
111111111111111111111111111111111111111111111111111111100011111111111111111111110000000000000000000000000000000000000000
111111111111111111111111111111111111111111111111111111110000111111111111111111111000000000000000000000000000000000000000
111111111111111111111111111111111111111111111111111111111000011111111111111111111100000000000000000000000000000000000000
111111111111111111111111111111111111111111111111111111111100001111111111111111111111000000000000000000000000000000000000
111111111111111111111111111111111111111111111111111111100000000000111111111111111111111000000000000000000000000000000000
111111111111111111111111111111111111111111111111111110000000000000011111111111111111111000000000000000000000000000000000
111111111111111111111111111111111111111111111111111110000000000000001111111111111111110000000000000000000000000000000000
111111111111111111111111111111111111111111111111111111000000000000001111111111111111111100000000000000000000000000000000
111111111111111111111111111111111111111111111111111110000000000000001111111111111111111110000000000000000000000000000000
111111111111111111111111111111111111111111111111111110000000000000000111111111111111111111100000000000000000000000000000
111111111111111111111111111111111111111111111111111100000000000000100011111111111111111111110000000000000000000000000000
111111111111111111111111111111111111111111111111111100000000000001110001111111111111111111111100000000000000000000000000
111111111111111111111111111111111111111111111111111100000000000011111100111111111111111111111111111110000000000000000000
111111111111111111111111111111111111111111111111111100000000001111111110011111111111111111111111111100000000000000000000
111111111111111111111111111111111111111111111111111000000000011111111111001111111111111111111111100000000000000000000000
111111111111111111111111111111111111111111111111111000000000001111111111111111111111111111111110000000000000000000000000
111111111111111111111111111111111111111111111111111000000000001111111111111111111111111111110000000000000000000000000000
111111111111111111111111111111111111111111111111111000000000000111111111111111111111000000000000000000000000000000000000
111111111111111111111111111111111111111111111111111100000000000111111111111111100000000000000000000000000000000000000000
111111111111111111111111111111111111111111111111111100000000000011111111111111000000000000000000000000000000000000000000
111111111111111111111111111111111111111111111111111100000000000011111111110000000000000000000000000000000000000000000000
111111111111111111111111111111111111111111111111111100000000000001111110000000000000000000000000000000000000000000000000
111111111111111111111111111111111111111111111111111100000000000001100000000000000000000000000000000000000000000000000000
111111111111111111111111111111111111111111111111111110000000000000000000000000000000000000000000000000000000000000000000
111111111111111111111111111111111111111111111111111110000000000000000000000000000000000000000000000000000000000000000000
111111111111111111111111111111111111111111111111111110000000000000000000000000000000000000000000000000000000000000000000
111111111111111111111111111111111111111111111111111110000000000000000000000000000000000000000000000000000000000000000000
111111111111111111111111111111111111111111111111111111000000000000000000000010000000000000000000000000000000000000000000
111111111111111111111111111111111111111111111111111111100000000000000011111111111000000000000000000000000000000000000000
