111111111111111111111111111111111111111111111111111111111111111111111111111111111111111111111111111111111111111111111111
111111111111111111111111111111111111111111111111111111111111111111111111111111111111111111111111111111111111111111111111
111111111111111111111111111111111111111111111111111111111111111111111111111111111111111111111111111111111111111111111111
111111111111111111111111111111111111111111111111111111111111111111111111111111111111111111111111111111111111111111111111
111111111111111111111111111111111111111111111111111111111111111111111111111111111111111111111111111111111111111111111111
111111111111111111111111111111111111111111111111111111111111111111111111111111111111111111111111111111111111111111111111
111111111111111111111111111111111111111111111111111100000000000000000000011111100000111111111111111111111111111111111111
111111111111111111111111111111111111111111111111110000000000000000000000000100000000011111111111111111111111111111111111
111111111111111111111111111111111111111111111111100000000000000000000000000000000000001111111111111111111111111111111111
111111111111111111111111111111111111111111111111100000000000000000000000000000000000000111111111111111111111111111111111
111111111111111111111111111111111111111111111111100000000000000000000000000000000000000001111111111111111111111111111111
111111111111111111111111111111111111111111111111100000000000000000000000000000000000111111111111111111111111111111111111
111111111111111111111111111111111111111111111111000000000000000000000000000000000000111111111111111111111111111111111111
111111111111111111111111111111111111111111110000000000000000000000000000000000111101111111111111111111111111111111111111
111111111111111111111111111111111111111111110000000000000000000000000000000000011111111111111111111111111111111111111111
111111111111111111111111111111111111111111111100000000000000000000000000000001111111111111111111111111111111111111111111
111111111111111111111111111111111111111111111111111000000000000000000000000011111111111111111111111111111111111111111111
111111111111111111111111111111111111111111111111110000000000000000000000000001111111111111111111111111111111111111111111
111111111111111111111111111111111111111111111111110000000000000000000000000001111111111111111111111111111111111111111111
111111111111111111111111011111111111111111111111111100000000000000000000011111111111111111111111111111111111111111111111
111111111111111111111100000111111111111111111111111111111110000000001101111111111111111111111111111111111111111111111111
111111111111111111110000000000111111111111111111111111110000000000000111111111111111111111111111111111111111111111100111
111111111111111110000000000000000111111111111111100000000000000000000000000001111111111111111111111111111111110000000001
111111111111111000000000000000000001111111111110000000000000000000000000000000011111111111111111111111111000000000000000
111111111111000000000000000000000000011111111100000000000000000000000000000000001111111111111111111110000000000000000000
111111110000000000000000000000000000000000000000000000000000000000000000000000000111100000000000000000000000000000000000
111110000000000000010001000000000000000000000000000000000000000000000000000000000000000000000000000000000000000000000000
111001111100000001111011111000000000000000000000000000000000000000000000000000000000000000000000000000000000000000000000
111111111111110011111111111100111111000000000000000000000000000000000000000000011111110000000000000000000000000000000000
111111111111111111111111111111111111110000111100000000000000000000000000000000011111111111000000001111000000011111011110
111111111111111111111111111111111111111111111100000000000000000000000000000000111111111111111111111111111011111111111111
111111111111111111111111111111111111111111111000000000000000000000000000000001111111111111111111111111111111111111111111
111111111111111111111111111111111111111111111000000000000000000000000000000001111111111111111111111111111111111111111111
111111111111111111111111111111111111111111110000000000000000000000000000000001111111111111111111111111111111111111111111
111111111111111111111111111111111111111111111100001000000000000000000000000001111111111111111111111111111111111111111111
111111111111111111111111111111111111111111111111111000000000000000000000011111111111111111111111111111111111111111111111
111111111111111111111111111111111111111111111111110000000000000000000000111111111111111111111111111111111111111111111111
111111111111111111111111111111111111111111111111100000000000000000000000001111111111111111111111111111111111111111111111
111111111111111111111111111111111111111111111111000000000000000000000000000111111111111111111111111111111111111111111111
111111111111111111111111111111111111111111111110000000000000000000000000001111111111111111111111111111111111111111111111
