000000000000000000000000000000000000000000000000000000000000000000000000000000000000000000000000000000000000000000000000
000000000000000000000000000000000000000000000000000000000000000000000000000000000000000000000000000000000000000000000000
000000000000000000000000000000000000000000000000000000000000000000000000000000000000000000000000000000000000000000000000
000000000000000000000000000000000000000000000000000000000000000000000000000000000000000000000000000000000000000000000000
000000000000000000000000000000000000000000000000000000000000000000000000000000000000000000000000000000000000000000000000
000000000000000000000000000000000000000000000000000000000000000000000000000000000000000000000000000000000000000000000000
000000000000000000000000000000000000000000000000000000000000000000000000000000000000000000000000000000000000000000000000
000000000000000000000000000000000000000000000000000000000000000000000000000000000000000000000000000000000000000000000000
000000000000000000000000000000000000000000000000000000000000000000000000000000000000000000000000000000000000000000000000
000000000000000000000000000000000000000000000000000000000000000000000000000000000000000000111110000000000000000000000000
000000000000000000000000000000000000000000000000000000000000000000000000000000000000011111100111100000000000000000000000
000000000000000000000000000000000000000000000000000000000000000000000000000000000000000000111011100000000000000000000000
000000000000000000000000000000000000000000000000000000000000000000000000000000000000000000001101110000000000000000000000
000000000000000000000000000000000000000000000000000000000000000000000000000000000000000000001111111110000000000000000000
000000000000000000000000000000000000000000000000000000000000000000000000000000000000000000111111111111100000000000000000
000000000000000000000000000000000000000000000000000000000000000000000000000000000000000000111111111111110000000000000000
000000000000000000000000000000000000000000000000000000000000000000000000000000000000000000011111111111110000000000000000
000000000000000000000000000000000000000000000000000000000000000000100000000000000000000000001111111111111000000000000000
000000000000000000000000000000000000000000000000000000000000000011111111111111111111111000001111111111111000000000000000
000000000000000000000000000000000000000000000000000000000000000001111111111111111111111111111111111111111000000000000000
000000000000000000000000000000000000000000000000000000000000000000000000000000000011111111111111111111111100000000000000
000000000000000000000000000000000000000000000000000000000000000000000000000000000000000000001111111111111100000000000000
000000000000000000000000000000000000000000000000000000000000000000000000000000000000000000000111111111111110000000000000
000000000000000000000000000000000000000000000000000000000000000000000000000000000000000000000111111111111111100000000000
000000000000000000000000000000000000000000000000000000000000000000000000000000000000000000000111111111111111100000000000
000000000000000000000000000000000000000000000000000000000000000000000000000000000000000000000111111111111111000000000000
000000000000000000000000000000000000000000000000000000000000000000000000000000000000000000001111111111111111100000000000
000000000000000000000000000000000000000000000000000000000000000000000000000000000000000000011111111111111111100000000000
000000000000000000000000000000000000000000000000000000000000000000000000000000000000000000111111111111111111100000000000
000000000000000000000000000000000000000000000000000000000000000000000000000000000000000000111111111111111111100000000000
000000000000000000000000000000000000000000000000000000000000000000000000000000000000000001111111111111111111100000000000
000000000000000000000000000000000000000000000000000000000000000000000000000000000000000011111111111111111111100000000000
000000000000000000000000000000000000000000000000000000000000000000000000000000000000000011111111111111111111100000000000
000000000000000000000000000000000000000000000000000000000000000000000000000000000000000000111111100111111110100000000000
000000000000000000000000000000000000000000000000000000000000000000000000000000000000000000111111000111111000000000000000
000000000000000000000000000000000000000000000000000000000000000000000000000000000000000001111110000111111000000000000000
000000000000000000000000000000000000000000000000000000000000000000000000000000000000000011111100000111111000000000000000
000000000000000000000000000000000000000000000000000000000000000000000000000000000000000111111000000111110000000000000000
000000000000000000000000000000000000000000000000000000000000000000000000000000000000000111110000000111110000000000000000
000000000000000000000000000000000000000000000000000000000000000000000000000000000000001111100000000111110000000000000000
