000000000000000000000000000000000000000000000000000000000000000000000000000000000000000000000111111111100000000000000000
000000000000000000000000000000000000000000000000000000000000000000000000000000000000000000011111111111110000000000000000
000000000000000000000000000000000000000000000000000000000000000000000000000000000000000000111111111111000000000000000000
000000000000000000000000000000000000000000000000000000000000000000000000000000000000000001111111111111100000000000000000
000000000000000000000000000000000000000000000000000000000000000000000000000000000000000011111111111111110000000000000000
000000000000000000000000000000000000000000000000000000000000000000000000000000000000011111111111111111111100000000000000
000000000000000000000000000000000000000000000000000000000000000000000000000000001111111111111111111111111111111111111110
000000000000000000000000000000000000000000000000000000000000000000000000000001111111111111111111111111111111111111111100
000000000000000000000000000000000000000000000000000000000000000000000000000011111111111111111111111111111111111111110000
000000000000000000000000000000000000000000000000000000000000000000000000000000000000001111111111111111111111111111100000
000000000000000000000000000000000000000000000000000000000000000000000000000000000000000111111111111111111111111111111100
000000000000000000000000000000000000000000000000000000000000000000000000000000000000000111111111111111111111111110000000
000000000000000000000000000000000000000000000000000000000000000000000000000000000000011111111111111111111111111000000000
000000000000000000000000000000000000000000000000000000000000000000000000011110000011111111111111111111111110000000000000
000000000000000000000000000000000000000000000000000000000000000000000001111111011111111111111111111111111100000000000000
000000000000000000000000000000000000000000000000000000000000000000000011111111111111111111111111111111111100000000000111
000000000000000000000000000000000000000000000000000000000000000000000000011111111011001011111111111111111100000111111111
000000000000000000000000000000000000000000000000000000000000000000000000001110000000000001111111111111111001111111111111
000000000000000000000000000000000000000000000000000000000000000000000000001110000000000000111111111111111111111111111111
000000000000000000000000000000000000000000000000000000000000000000000000000000000000000000111111111111111111111111111111
000000000000000000000000000000000000000000000000000000000000000000000000000000000000000000011111111111111111111111111111
000000000000000000000000000000000000000000000000000000000000000000000000000000000000000000001111111111111111111111111111
000000000000000000000000000000000000000000000000000000000000000000000000000000000000000000011111111111111111111111111111
000000000000000000000000000000000000000000000000000000000000000000000000000000000000000000111111111111111111111111111111
000000000000000000000000000000000000000000000000000000000000000000000000000000000000000001111111111111111111111111111111
000000000000000000000000000000000000000000000000000000000000000000000000000000000000001111111111111111111111111111111111
000000000000000000000000000000000000000000000000000000000000000000000000000000000001111111111111111111111111111111111111
000000000000000000000000000000000000000000000000000000000000000000000000000000000111111111111111111111111111111111111111
000000000000000000000000000000000000000000000000000000000000000000000000000000111111111111111111111111111111111111111111
000000000000000000000000000000000000000000000000000000000000000000000000000000011111111111111111111111111111111111111111
000000000000000000000000000000000000000000000000000000000000000000000000000000001111111111111111111111111111111111111111
000000000000000000000000000000000000000000000000000000000000000000000000000000000111111111111111111111111111111111111111
000000000000000000000000000000000000000000000000000000000000000000000000000000000011111111111111111111100011111111111111
000000000000000000000000000000000000000000000000000000000000000000000000000000000001111111111111111110000001111111111111
000000000000000000000000000000000000000000000000000000000000000000000000000000000000000000011111111100000001111111111111
000000000000000000000000000000000000000000000000000000000000000000000000000000000000000000001111111000000001111111111111
000000000000000000000000000000000000000000000000000000000000000000000000000000000000000000001111111000000000111111111111
000000000000000000000000000000000000000000000000000000000000000000000000000000000000000000000111110000000000011111111011
000000000000000000000000000000000000000000000000000000000000000000000000000000000000000000000011110000000000001111100000
000000000000000000000000000000000000000000000000000000000000000000000000000000000000000000000000000000000000000000000000
