111111111111111111111111111111111111111111100000000000000000000000000001111111111111111111111111111111111111111111111111
111111111111111111111111111111111111111111100000000000000000000000000001111111111111111111111111111111111111111111111111
111111111111111111111111111111111111111111110000000000000000000000000011111111111111111111111111111111111111111111111111
111111111111111111111111111111111111111111111000000000000000000000000111111111111111111111111111111111111111111111111111
111111111111111111111111111111111111111111111110000000000000000000011111111111111111111111111111111111111111111111111111
111111111111111111111111111111111111110000000000000000000000000000011111111111111111111111111111111111111111111111111111
111111111111111111111111111111111100000000000000000000000000000000000111111111111111111111111111111111111111111111111111
111111111111111111111111111111111110100000000000000000000000000000000011111111111111111111111111111111111111111111111111
111111111111111111111111111111111111000000000000000000000000000000000011111111111111111111111111111111111111111111111111
111111111111111111111111111111111111100000000010000000000000000000000011111111111111111111111111111111111111111111111111
111111111111111111111111111111111111100000000111000000000000000000000111111111111111111111111111111111111111111111111111
111111111111111111111111111111111111100000000011100000000000000000001111111111111111111111111111111111011111111111111111
111111111111111111111111111111111111110000000011111000000000000000111111111111111111111111111111111000001111111111111111
111111111111111111111111111111111111110000000011111111100000001111111000000000000011111111111100000000011111111111111111
111111111111111111111111111111111111110000000001111111111000001111100000000000000000011100000000000111111111111111111111
111111111111111111111111111111111111110000000001111111111100111111000000000000000000000000000000001111111111111111111111
111111111111111111111111111111111111100000000001111111111111111111000000000000000000000000000000111111111110000000000000
111111111111111111111111111111111111101000000000111111111111110000000000000000000000000000000000000000000000000000001111
111111111111111111111111111111111111100000000000111111111111000000000000000000000000000000000000000000000000000000001111
111111111111111111111111111111111111101010000000000111111111000000000000000000000000000000000000000000001110000000111111
111111111111111111111111111111111111100011000000000001111100000000000000000000000000000000000000001111111111111000001111
111111111111111111111111111111111111011011110000000000001000000000000000000000000000000000000000000011111111111111111111
111111111111111111111111111111111111011011111100000000000010000000000000000000000000000000000000000001111111111111111111
111111111111111111111111111111111111000011111111000000000000000000000000000000000000000000000000000000111111111111111111
111111111111111111111111111111111111000111111111110000000000000000000000000000000000000000000000000000111111111111111111
111111111111111111111111111111111111000011111111111100000000000000000000000000000000000000000000000000111111111111111111
111111111111111111111111111111111111011011111111111111100000000000000000000000000000000000000000000001111111111111111111
111111111111111111111111111111111111000011111111111111111000000000000000000000000000000000000000000111111111111111111111
111111111111111111111111111111111111000111111111111111110000000000000000000000000000000000000000011111111111111111111111
111111111111111111111111111111111111000111111111111111000000000000000000000000000000000000000011111111111111111111111111
111111111111111111111111111111111110000111111111111110000000000000000000000000000000000000011111111111111111111111111111
111111111111111111111111111111111110110111111111111000000000000000000000000000000000011111111111111111111111111111111111
111111111111111111111111111111111110000111111111111000000000000000000000000000000000011111111111111111111111111111111111
111111111111111111111111111111111110001111111111110000000000000000000000000000000000111111111111111111111111111111111111
111111111111111111111111111111111110001111111111000000000000000000000000000000000000111111111111111111111111111111111111
111111111111111111111111111111111100001111111110000000000000000000000000000000000000111111111111111111111111111111111111
111111111111111111111111111111111101101111111100000000000000000000000000000000000000111111111111111111111111111111111111
111111111111111111111111111111111100001111111100000000000000000000000000000000000000111111111111111111111111111111111111
111111111111111111111111111111111101011111111000000000000000000000000000000000000000111111111111111111111111111111111111
111111111111111111111111111111111000011111111000000000000000000000000000000000000000011111111111111111111111111111111111
