000000000000000000000000000000000000000000000000000000000000000000000000000000000000000000000000000000000000000000000000
000000000000000000000000000000000000000000000000000000000000000000000000000000000000000000000000000000000000000000000000
000000000000000000000000000000000000000000000000000000000000000000000000000000000000000000000000000000000000000000000000
000000000000000000000000000000000000000000000000000000000000000000000000000000000000000000000000000000000000011100000000
000000000000000000000000000000000000000000000000000000000000000000000000000000000000000000000000000000001001100000000000
000000001111111100000000000000000000000000000000000000000000000000000000000000000000000000000001111111111111000000000000
000000000111111111111100000000000000000000000000000000000000000000000000000000000000000000000011111111111110000000000000
000000001111111111111111000000000000000000000000000000000000000000000000000000000000000000000011111111111110000000000000
000000000001111111111111000000000000000000000000000000000000000000000000000000000000000000000111111111111111000000000000
000000000001111111111111100000000000000000000000000000000000000000000000000000000000000000000111111111111111000000000000
000000000001111111111111100000000000000000000000000000000000000000000000000000000000000000000001111111111111000000000000
000000000001111111111111000000000000000000000000000000000000000000000000000000000000000000000111111111111111000000000000
000000000001111111111111110000000000000000000000000000000000000000000000000000000000000000111111111111111111000000000000
000000000001111111111111111100000000000000000000000000000000000000000000000000000000000001111111111111111111000000000000
000000000011111111111111111111000000000000000000000000000000000000000000000000000000001111111111111111111111110000000000
000000000111111111111111111111111000000000000000000000000000000000000000000000000000011111111111111111111111111000000000
000000011111111111111111111111111100000000000000000000000000000000000000000000000000001111111111111111111111111100000000
000000111111111111111111111111111000000000000000000000000000000000000000000000000000001111111111111111111111111110000000
000001111111111111111111111111110000000000000000000000000000000000000000000000000000001111111111111111111111111111000000
000011111111111111111111111111110000000000000000000000000000000000000000000000000000001111111111111111111111111111000000
000011111111111111101111111111111000000000000000000000000000000000000000000000000000001111111111111111111011111111000000
000011111111111111100111111111111000000000000000000000000000000000000000000000000000011111111111111111110011111111000000
000011111111111110000111111111111100000000000000000000000000000000000000000000000000011111111111111111111100000100000000
000011111111111100001111111111111100000000000000000000000000000000000000000000000000011111111111111111111111000000000000
000001111000011100011111111111111110000000000000000000000000000000000000000000000000011111111111111111111111100000000000
000000000000011110111111111111111110000000000000000000000000000000000000000000000000011111111111111111111111111000000000
000000000000111001111111111111111111000000000000000000000000000000000000000000000000111111111111111111111111111110000000
000000000000010011111111111111111111100000000000000000000000000000000000000000000000111111111111111111111111111111100000
000000000000011111111111111111111111100000000000000000000000000000000000000000000000111111111111111111111111111111110000
000000000000011111111111111111111111110000000000000000000000000000000000000000000001111111111111111111111111111111111000
000000000000111111111111111111111111111000000000000000000000000000000000000000000001111111111111111111111111111111111100
000000000011111111111111111111111111111000000000000000000000000000000000000000000001111111111111111111111111111111111100
000000000111111111111111111111111111111100000000000000000000000000000000000000000000111111111111111111111111111111111100
000000001111111111111111111111111111111100000000000000000000000000000000000000000001111111111111111111111111111111111100
000000011111111111111111111111111111111110000000000000000000000000000000000000000000111111111111111111111111111111110000
000000011111111111111111111111111111111110000000000000000000000000000000000000000000111111111111111111111111111000000000
000000111111111111111111111111111111111110000000000000000000000000000000000000000000000111111111111111111111100000000000
000000000000011111111111111111111111110000000000000000000000000000000000000000000000000001111011111110000000000000000000
000000000000000000011111111111100010000000000000000000000000000000000000000000000000000001111001111000000000000000000000
000000000000000000001111001111000000000000000000000000000000000000000000000000000000000001111000111100000000000000000000
