000000000000000000000000000000000000000000000000000000000011111111111111111111000000000000000000000000000011111111111111
000000000000000000000000000000000000000000000000000000000011111111111111111110000000000000000000000000000111111111111111
000000000000000000000000000000000000000000000000000000000111111111111111111110000000000000000000000000011111111111111111
000000000000000000000000000000000000000000000000000000001111111111111111111100000000000000000000000000111111111111111111
000000000000000000000000000000000000000000000000000000011111111111111111111100000000000000000000000011111111111111111111
000000000000000000000000000000000000000000000000000000111111111111111111111000000000000000000000000111111111111111111111
000000000000000000000000000000000000000000000000000001111111111111111111111000000000000000000000011111111111111111111111
000000000000000000000000000000000000000000000000000011111111111111111111110000000000000000000001111111111111111111111111
000000000000000000000000000000000000000000000000001111111111111111111111000000000000000000000011111111111111111111111111
000000000000000000000000000000000000000000000000011111111111111111111110000000000000000000001111111111111111111111111111
000000000000000000000000000000000000000000000000111111111111111111111000000000000000000000011111111111111111111111111111
000000000000000000000000000000000000000000000001111111111111111111110000000000000000000000111111111111111111111111111111
000000000000000000000000000000000000000000000011111111111111111111100000000000000000000000000111111111111111111111111111
000000000000000000000000000000000000000000001111111111111111111111000000000000000000000000011111111111111111111111111110
000000000000000000000000000000000000000000111111111111111111111100000000000000000000000001111111111111111111111111111100
000000000000000000000000000000000000000011111111111111111111111000000000000000000000000111111111111111111111111111111000
000000000000000000000000000000000000001111111111111111111111110000000000000000000000011111111111111111111111111111100000
000000000000000000000000000000000000111111111111111111111111100000000000000000000001111111111111111111111111100000000000
000000000000000000000000000000000001111111111111111111111111000000000000000000000111111111111111111111111111100000000000
000000000000000000000000000000000111111111111111111111111111000000000000000000001111100000111111111111111111100000000000
000000000000000000000000000000000111111111111111111111111110000000000000000000011110000000011111111111111111100000000000
000000000000000000000000000000000001111111111111111111111100000000000000000000111100000000011111111111111111000000000000
000000000000000000000000000000000001111111111111111111111100000000000000000000000000000000011111111111111111000000000000
000000000000000000000000000000000111111111111111111111111000000000000000000000000000000000111111111111111110000000000000
000000000000000000000000000000001111111111111111111111110000000000000000000000000000000000111111111111111100000000000000
000000000000000000000000000000011111111111111111111111100000000000000000000000000000000001111111111111110000000000000000
000000000000000000000000000000111111111111111111111111111111111111111110000000000000000011111111111111000000000000000000
000000001111111111111111111111111111111111111111111111111111111111111111111111111111111111111111111100000000000000000000
111111111111111111111111111111111111111111111111111111111111111111111111111111111111111111111111111111100000000000000000
111111111111111111111111111111111111111111111111111111111111111111111111111111111111111111111111111111111111111110000000
111111111111111111111111111111111111111111111111111111111111111111111111111111111111111111111111111111111111111111111111
111111111111111111111111111111111111111111111111111111111111111111111111111111111111111111111111111111111111111111111111
000000000000000000000000000111110011110111101111110001111111111111111111111111111111111111111111111111111111111111111111
000000000000000000000000000111100011110111000111100000000000000000000000000000000111111111111111111111111111111111111111
000000000000000000000000001111000011110111000000000000000000000000000000000000000000000000000000000001111111111111111111
000000000000000000000000011111000011110111100000000000000000000000000000000000000000000000000000000000000000000000000111
000000000000000000000000011110000011110111000000000000000000000000000000000000000000000000000000000000000000000000000000
000000000000000000000000011100000011110000000000000000000000000000000000000000000000000000000000000000000000000000000000
000000000000000000000000001000000000100000000000000000000000000000000000000000000000000000000000000000000000000000000000
000000000000000000000000000000000000000000000000000000000000000000000000000000000000000000000000000000000000000000000000
