111111111111111111111111111111111111111111111111111111111111111111111111111111111111111111111111111111111111111111111111
111111111111111111111111111111111111111111111111111111111111111111111111111111111111111111111111111111111111111111111111
111111111111111111111111111111111111111111111111111111111111111111111111111111111111111111111111111111111111111111111111
111111111111111111111111111111111111111111111111111111111111111111111111111111111111111111111111111111111111111111111111
111111111111111111111111111111111111111111111111111111111111111111111111111111111111111111111111111111111111111111111111
111111111111111111111111111111111111111111111111111111111111111111111111111111111111111111111111111111111111111111111111
111111111111111111111111111111111111111111111111110000000000000000011111111111111111111111111111111111111111111111111111
111111111111111111111111111111111111111111111111000000000000000000000011111110011111111111111111111111111111111111111111
111111111111111111111111111111111111111111111110000000000000000000000000100000011111111111111111111111111111111111111111
111111111111111111111111111111111111111111111100000000000000000000000000000000001111111111111111111111111111111111111111
111111111111111111111111111111111111111111111100000000000000000000000000000000000111111111111111111111111111111111111111
111111111111111111111111111111111111111111111100000000000000000000000000000000000011111111111111111111111111111111111111
111111111111111111111111111111111111111111000000000000000000000000000000000000111111111111111111111111111111111111111111
111111111111111111111111111111111111111110000000000000000000000000000000000001111111111111111111111111111111111111111111
111111111111111111111111111111111111111111100000000000000000000000000000001111111111111111111111111111111111111111111111
111111111111111111111111111111111111111111111000000000000000000000000000000111111111111111111111111111111111111111111111
111111111111111111111111111111111111111111111000000000000000000000000000111111111111111111111111111111111111111111111111
111111111111111111111111111111111111111111110000000000000000000000000001111111111111111111111111111111111111111111111111
111111111111111111111111111111111111111111111101000000000000000000000001111111111111111111111111111111111111111111111111
111111111111111111111111111111111111111111111111100000000000000000000111111111111111111111111111111111111111111111111111
111111110000111111111111111111111111111111111111111111000000001111111111111111111111111111111111111111111111111111111111
111111000000000011111111111111111111111111111100000000000000000000111111111111111111111111111111111111111111111111111111
111100000000000000011111111111111111111111100000000000000000000000000001111111111111111111111111110000111111111111111111
110000000000000000000111111111111111111111000000000000000000000000000000011111111111111111110000000000011111111111111111
000000000000000000000000111111111111111110000000000000000000000000000000001111111111111100000000000000000111111111111111
000000000000000000000000000000000000111100000000000000000000000000000000000000011100000000000000000000000001111111111111
000000000000000000000000000000000000000000000000000000000000000000000000000000000000000000000000000000000000011111111111
000011110011100000000000000000000000001111000000000000000000000000000000000000000000000000000000000000000000000111111111
000111111111111000000000000000000011111111000000000000000000000000000000000000000000000000000000000000000000000001111111
111111111111111111111111110000011111111111100000000000000000000000000000011110000011111000000111111011110000000000001111
111111111111111111111111111111111111111111110000000000000000000000000000001111111111111111011111111111111000000000000011
111111111111111111111111111111111111111111100000000000000000000000000000001111111111111111111111111111111110000000000000
111111111111111111111111111111111111111111100000000000000000000000010000001111111111111111111111111111111111111111111110
111111111111111111111111111111111111111111110000000000000000000000010000001111111111111111111111111111111111111111111111
111111111111111111111111111111111111111111111110000000000000000000011111111111111111111111111111111111111111111111111111
111111111111111111111111111111111111111111111100000000000000000000001111111111111111111111111111111111111111111111111111
111111111111111111111111111111111111111111110000000000000000000000000111111111111111111111111111111111111111111111111111
111111111111111111111111111111111111111111111000000000000000000000000011111111111111111111111111111111111111111111111111
111111111111111111111111111111111111111111111000000000000000000000000111111111111111111111111111111111111111111111111111
111111111111111111111111111111111111111111110000000000000000000000000011111111111111111111111111111111111111111111111111
