000000000000000000000000000000000000000000000000000000000000000000000000000000000000000000000011111111111111111111111111
000000000000000000000000000000000000000000000000000000000000000000000000000000000000000000000000111111111111111111111111
000000000000000000000000000000000000000000000000000000000000000000000000000000000000000000000000000111001111110000000000
000000000000000000000000000000000000000000000000000000000000000000000000000000000000000000000000000000000000000000000000
000000000000000000000000000000000000000000000000000000000000000000000000000000000000000000000000000000000000000000000000
000000000000000000000000000000000000000000000000000000000000000000000000000000000000000000000000000000000000000000000000
000000000000000000000000000000000000000000000000000000000000000000000000000000000000000000000000000000000000000000000000
000000000000000000000000000000000000000000000000000000000000000000000000000000000000000000000000000000000000000000000000
000000000000000000000000000000000000000000000000000000000000000000000000000000000000000000000000000000000000000000000000
000000000000000000000000000000000000000000000000000000000000000000000000000000000000000000000000000000000000000000000000
000000000000000000000000000000000000000000000000000000000000000000000000000000000000000000000000000000000000000011111111
000000000000000000000000000000000000000000000000000000000000000000000000000000000000000000000000000000000000001111111111
000000000000000000000000000000000000000000000000000000000000000000000000000000000000000000000000000000000000011111111111
000000000000000000000000000000000000000000000000000000000001111110000000000000000000000000000000000000000011111111111111
000000000000000000000000000000000000000000000000000000111111111111111100000000000000000000000000000000111111111111111111
000000000000000000000000000000000000000000000000001111111111111111111111111100000000000000000000000011111111111111111111
000000000000000000000000000000000000000000000001111111111111111111111111111111111000000000000011111111111111111111111111
000000000000000000000000000000000000000000000111111111111111111011111111111111111111110000111111111111111111111111111111
000000000000000000000000000000000000000000011111111110000111100000011111111111111111111111111111111111111111111111111111
000000000000000000000000000000000000000000111111111110000111000000000011111111111111111111111111111111111111111111111111
000000000000000000000000000000000000000000111111100111111100000000000000111111111111111111111111111111111111111111111111
000000000000000000000000000000000000000000011111100111111100000000000000000111111111111111111111111111111101111111111111
000000000000000000000000000000000000000000001101110111111100000000000000000000111111111111111111110000000000111100000011
000000000000000000000000000000000000000000000000001111111100000000000000000000000001111100000000000000000000000000000000
000000000000000000000000000000000000000000000000001111111000000000000000000000000000000000000000000000000000000000000000
000000000000000000000000000000000000000000000000000111111000000000000000000000000000000000000000000000000000000000000000
000000000000000000000000000000000000000000000000000111111000000000000000000000000000000000000000000000000000000000000000
000000000000000000000000000000000000000000000000001111111100000000000000000000000000000000000000000000000000000000000000
000000000000000000000000000000000000000000000000001111111100000000000000000000000000000000000000000000000000000000000000
000000000000000000000000000000000000000000000000000000000000000000000000000000000000000000000000000000000000000000000000
000000000000000000000000000000000000000000000000000000000000000000000000000000000000000000000000000000000000000000000000
000000000000000000000000000000000000000000000000000000000000000000000000000000000000000000000000000000000000000000000000
000000000000000000000000000000000000000000000000000000000000000000000000000000000000000000000000000000000000000000000000
000000000000000000000000000000000000000000000000000000000000000000000000000000000000000000000000000000000000000000000000
000000000000000000000000000000000000000000000000000000000000000000000000000000000000000000000000000000000000000000000000
000000000000000000000000000000000000000000000000000000000000000000000000000000000000000000000000000000000000000000000000
000000000000000000000000000000000000000000000000000000000000000000000000000000000000000000000000000000000000000000000000
000000000000000000000000000000000000000000000000000000000000000000000000000000000000000000000000000000000000000000000000
000000000000000000000000000000000000000000000000000000000000000000000000000000000000000000000000000000000000000000000000
000000000000000000000000000000000000000000000000000000000000000000000000000000000000000000000000000000000000000000000000
