111111111111111111111111111111111000000000000000000000000000000011111111111111111111111111111111111111100000000000000000
111111111111111111111111111111111100000000000000000000000000000001111111111111111111111111111111111111100000000000000000
111111111111111111111111111111111110000000000000000000000000000001111111111111111111111111111111111111100000000000000000
111111111111111111111111111111111110000000000000000000000000000011111111111111111111111111111111111111100000000000000000
111111111111111111111111111111111110000000000000000000000000000111111111111111111111111111111111111111100000000000000000
111111111111111111111111111111111110000000000000000000000000001111111111111111111111111111111111111111100000000000000000
111111111111111111111111111111111111000000000000000000000000011111111111111111111111111111111111111111100000000000000000
111111111111111111111111111111111111000000000000000000000000000111111111111111111111111111111111111111100000000000000000
111111111111111111111111111111111111000000000000000000000000000000111111111111111111111111111111111111100000000000000000
111111111111111111111111111111111111000000000000000000000000000000111111111111111111111111111111111111100000000000000000
111111111111111111111111111111111111100000000000000000000000000000111111111111111111111111111111111111100000000000000000
111111111111111111111111111111111111100000000000000000000000000000111111111111111111111111111111111111100000000000000000
111111111111111111111111111111111111100000000000000000000000000001111111011111111111111111111111111111100000000000000000
111111111111111111111111111111111110000000000000000000000000000011111100011111111111111111111111111111100000000000000000
111111111111111111111111111111111100000000000000000000000000000111110000111111111111111111111111111111100000000000000000
111111111111111111111111111111111000000000000000000000000000000000000000111111111111111111111111111111100000000000000000
111111111111111111111111111111110000000000000000000000000000000000000000111111111111111111111111111111100000000000000000
111111111111111111111111111111100000000000000000000000000000000000000000011111111111111111111111111111100000000000000000
111111111111111111111111111111000000000000000000000000000000000000000000011111111111111111111111111111100000000000000000
111111111111111111111111111110000000110000000000000000000000000000000000111111111111111111111111111111100000000000000000
111111111111111111111111111110000000110000000000000000000000000000000111111111111111111111111111111111100000000000000000
111111111111111111111111111100000001111000000000000000111111111111111111111111111111111111111111111111100000000000000000
111111111111111111111111111100000001111100000000011111111111111111111111111111111111111111111111111111100000000000000000
111111111111111111111111111000000011111110000011111111111111111111111111111111111111111111111111111111100000000000000000
111111111111111111111111111000000011111111111111111111111111111111111111111111111111111111111111111111100000000000000000
111111111111111111111111111100000111111111111111111111111111111111111111111111111111111111111111111111100000000000000000
111111111111111111111111111100000111111111111111111111111111111111111111111111111111111111111111111111100000000000000000
111111111111111111111111111100000011111111111111111111111111111111111111111111111111111111111111111111100000000000000000
111111111111111111111111111100001011111111111111111111111111111111111111111111111111111111111111111111100000000000000000
111111111111111111111111111111001101111111111111111111111111111111111111111111111111111111111111111111100000000000000000
111111111111111111111111111111111111111111111111111111111111111111111111111111111111111111111111111111100000000000000000
111111111111111111111111111111111111111111111111111111111111111111111111111111111111111111111111111111100000000000000000
111111111111111111111111111111111111111111111111111111111111111111111111111111111111111111111111111111100000000000000000
111111111111111111111111111111111111111111111111111111111111111111111111111111111111111111111111111111100000000000000000
111111111111111111111111111111111111111111111111111111111111111111111111111111111111111111111111111111100000000000000000
111111111111111111111111111111111111111111111111111111111111111111111111111111111111111111111111111111100000000000000000
111111111111111111111111111111111111111111111111111111111111111111111111111111111111111111111111111111100000000000000000
111111111111111111111111111111111111111111111111111111111111111111111111111111111111111111111111111111100000000000000000
111111111111111111111111111111111111111111111111111111111111111111111111111111111111111111111111111111100000000000000000
111111111111111111111111111111111111111111111111111111111111111111111111111111111111111111111111111111100000000000000000
