111111111111111111111111111110000000000000000000000000000000000000000000000000000000000000000000000000000000000000000000
111111111111111111111111111110000000000000000000000000000000000000000000000000000000000000000000000000000000000000000000
111111111111111111111111111110000000000000000000000000000000000000000000000000000000000000000000000000000000000000000000
111111111111111111111111111110000000000000000000000000000000000000000000000000000000000000000000000000000000000000000000
111111111111111111111111111110000000000000000000000000000000000000000000000000000000000000000000000000000000000000000000
111111111111111111111111111110000000000000000000000000000000000000000000000000000000000000000000000000000000000000000000
111111111111111111111111111110000000000000000000000000000000000000000000000000000000000000000000000000000000000000000000
111111111111111111111111111110000000000000000000000000000000000000000000000000000000000000000000000000000000000000000000
111111111111111111111111111110000000000000000000000000000000000000000000000000000000000000000000000000000000000000000000
111111111111111111111111111110000000000000000000000000000000000000000000000000000000000000000000000000000000000000000000
111111111111111111111111111110000000000000000000000000000000000000000000000000000000000000000000000000000000000000000000
111111111111111111111111111110000000000000000000000000000000000000000000000000000000000000000000000000000000000000000000
111111111111111111111111111110000000000000000000000000000000000000000000000000000000000000000000000000000000000000000000
111111111111111111111111111110000000000000000000000000000000000000000000000000000000000000000000000000000000000000000000
111111111111111111111111111110000000000000000000000000000000000000000000000001000000000000000000000000000000000000000000
111111111111111111111111111110000000000000000000000000000000000000000000000011110000000000000000000000000000000000000000
111111111111111111111111111110000000000000000000000000000000000000000000000001111111111110000000000000000000000000000000
011111111111111111111111111110000000000000000000000000000000000000000000000000111111111111000000000000000000000000000000
001111111111111111111111111110000000000000000000000000000000000000000000000000011111111000110000000000000000000000000000
001111111111111111111111111110000000000000000000000000000000000000000000000000001111111100000000000000000000000000000000
001111111111111111111111111110000000000000000000000000000000000000000000000000001111111110000000000000000000000000000000
011111111111111111111111111110000000000000000000000000000000000000000000000000011111111111000000000000000000000000000000
111111111111111111111111111110000000000000000000000111111000000000000000000000011111111111110000000000000000000000000000
111111111111111111111111111110000000000000000000000000011111111000000000000000111001111111100000000000000000000000000000
111111111111111111111111111110000000000000000000000000001001111111111100000111100111111111111000000000000000000000000000
111111111111111111111111111110000000000000000000000000000000001100000011111111111111111111100111111000000000000000000000
111111111111111111111111111110000000000000000000000000000000000011000000000011111111111111111111111111111100000000000000
111111111111111111111111111110000000000000000000000000000000000000000000000011111111111111111111111111111111111000000000
111111111111111111111111111110000000000000000000000000000000000000000000000000000000111111111111111111111111111110000000
111111111111111111111111111110000000000000000000000000000000000000000000000000000000111110000001111111111111111111100000
111111111111111111111111111110000000000000000000000000000000000000000000000000000000000100000000000001111111111111100000
111111111111111111111111111110000000000000000000000000000000000000000000000000000000000000000000000000000111110000000000
111111111111111111111111111110000000000000000000000000000000000000000000000000000000000000000000000000000000000000000000
111111111111111111111111111110000000000000000000000000000000000000000000000000000000000000000000000000000000000000000000
111111111111111111111111111110000000000000000000000000000000000000000000000000000000000000000000000000000000000000000000
111111111111111111111111111110000000000000000000000000000000000000000000000000000000000000000000000000000000000000000000
111111111111111111111111111110000000000000000000000000000000000000000000000000000000000000000000000000000000000000000000
111111111111111111111111111110000000000000000000000000000000000000000000000000000000000000000000000000000000000000000000
111111111111111111111111111110000000000000000000000000000000000000000000000000000000000000000000000000000000000000000000
111111111111111111111111111110000000000000000000000000000000000000000000000000000000000000000000000000000000000000000000
