111111111111111111111111111111111111111111111111111111111111111111111111111111111111111111111111111111111111111111111111
111111111111111111111111111111111111111111111111111111111111111111111111111111111111111111111111111111111111111111111111
111111111111111111111111111111111111111111111111111111111111111111111111111111111111111111111111111111111111111111111111
111111111111111111111111111111111111111111111111111111111111111111111111111111111111111111111111111111111111111111111111
111111111111111111111111111111111111111111111111111111111111111111111111111111111111111111111111111111111111111111111111
111111111111111111111111111111111111111111111111111111111001111111111111111111111111111111111111111111111111111111111111
111111111111111111111111111111111111111111111111111110010000111111111111111111111111111111111111111111111111111111111111
111111111111111111111111111111111111111111111111111110000000001111111111111111111111111111111111111111111111111111111111
111111111111111111111111111111111111111111111111111000000000001111111111111111111111111111111111111111111111111111111111
111111111111111111111111111111111111111111111111110000000000001111111111111111111111111111111111111111111111111111111111
111111111111111111111111111111111111111111111111110000000000000001111111100001111111111111111111111111111111111111111111
111111111111111111111111111111111111111111111111111000000000000000000000000000111111111111111111111111111111111111111110
111111111111111111111111111111111111111111111111111000000000000000000000000000111111111111111111111111111111111111111000
111111111111111111111111111111111111111111111111111110000000000000000000000000111111111111111111111111111111111111110000
111111111111111111111111111111111111111111111111111111110000000000000000000000111111111111111111001111111111111111100000
111111111111111111111111111111111111111111111111111111111100000000000000000000000000000000000000000000011111111111000000
111111111111111111111111111111111111111111111111111111111111100000000000000000000000000000000000000000001111111110000000
111111111111111111111111111111111111111111111111111111111111111100000000000000000000000000000000000000001111111111000000
111111111111111111111111111111111111111111111111111111111111111111000000000000000000000000000000000000001111111110000000
111111111111111111111111111111111111111111111111111111111111111111100000000000000000000000000000000000001111111110000000
111111111111111111111111111111111111111111111111111111111111111111110000000000000000000000000000000000011111111100000000
111111111111111111111111111111111111111111111111111111111111111111111110000000000000000000000000000000111111111111101111
111111111111111111111111111111111111111111111111111111111111111111111111110000000000000000000000000000011111111111111111
111111111111111111111111111111111111111111111111111111111111111111111111111111000000000000000000000011111111111111111111
111111111111111111111111111111111111111111111111111111111111111111111111111111111100000000000000000000111111111111111111
111111111111111111111111111111111111111111111111111111111111111111111111111111111111100000000000000001111111111111111111
111111111111111111111111111111111111111111111111111111111111111111111111111111111111111000000011111111111111111111111111
111111111111111111111111111111111111111111111111111111111111111111111111111111111111111111111111111111111111111111111111
111111111111111111111111111111111111111111111111111111111111111111111111111111111111111111111111111111111111111111111111
111111111111111111111111111111111111111111111111111111111111111111111111111111111111111111111111111111111111111111111111
111111111111111111111111111111111111111111111111111111111111111111111111111111111111111111111111111111111111111111111111
111111111111111111111111111111111111111111111111111111111111111111111111111111111111111111111111111111111111111111111111
111111111111111111111111111111111111111111111111111111111111111111111111111111111111111111111111111111111111111111111111
111111111111111111111111111111111111111111111111111111111111111111111111111111111111111111111111111111111111111111111111
111111111111111111111111111111111111111111111111111111111111111111111111111111111111111111111111111111111111111111111111
111111111111111111111111111111111111111111111111111111111111111111111111111111111111111111111111111111111111111111111111
111111111111111111111111111111111111111111111111111111111111111111111111111111111111111111111111111111111111111111111111
111111111111111111111111111111111111111111111111111111111111111111111111111111111111111111111111111111111111111111111111
111111111111111111111111111111111111111111111111111111111111111111111111111111111111111111111111111111111111111111111111
111111111111111111111111111111111111111111111111111111111111111111111111111111111111111111111111111111111111111111111111
