000000000000000000000000000000000000000000000000000000000000000000000000000000000000000000000000000000000000000000000000
000000000000000000000000000000000000000000000000000000000000000000000000000000000000000000000000000000000000000000000000
000000000000000000000000000000000000000000000000000000000000000000000000000000000000000000000000000000000000000000000000
000000000000000000000000000000000000000000000000000000000000000000000000000000000000000000000000000000000000000000000000
000000000000000000000000000000000000000000000000000000000000000000000000000000000000000000000000000000000000000000000000
000000000000000000000000000000000000000000000000000000000000000000000000000000000000000000000000000000000000000000000000
000000000000000000000000000000000000000000000000000000000000000000000000000000000111100000000000000000000000000000000000
000000000000000000000000000000000000000000000000000000000000000000000000000000111111111111000000000000000000000000000000
000000000000000000000000000000000000000000000000000000000000000000000001100111111111100000000000000000000000000000000000
000000000000000000000000000000000000000000000000000000000000000000000011111111111111111111111110000000000000000000000000
000000000000000000000000000000000000000000000000000000000000000000000000001111111111111111111111000000000000000000000000
000000000000000000000000000000000000000000000000000000000000000000000000000011111111111111111000000000000000000000000000
000000000000000000000000000000000000000000000000000000000000000000000000000011111111111111100000000000000000000000000000
000000000000000000000000000000000000000000000000000000000000000000000000000000111111111001100000000000000000000000000000
000000000000000000000000000000000000000000000000000000000000000000000000000000111111111111111110000000000000000000000000
000000000000000000000000000000000000000000000000000000000000000000000000000000001111111111111111111111000000000000000000
000000000000000000000000000000000000000000000000000000000000000000000000000000011001111111111110011111100000111111111100
000000000000000000000000000000000000000000000000000000000000000000000000000001110111111111111111111111111111111111111111
000000000000000000000000000000000000000000000000000001111111111111111101000111111111111111111111111111111111111111111111
000000000000000000000000000000000000000000000000000000000111111111111111111111111111111111111111111111111111111111111111
000000000000000000000000000000000000000000000000000000000000000000000000000001111111111111110000111111111111111111111111
000000000000000000000000000000000000000000000000000000000000000000000000000000000000000011110000000000001111111111111111
000000000000000000000000000000000000000000000000000000000000000000000000000000000000000001100000000000000000000000111100
000000000000000000000000000000000000000000000000000000000000000000000000000000000000000000000000000000000000000000000000
000000000000000000000000000000000000000000000000000000000000000000000000000000000000000000000000000000000000000000000000
000000000000000000000000000000000000000000000000000000000000000000000000000000000000000000000000000000000000000000000000
000000000000000000000000000000000000000000000000000000000000000000000000000000000000000000000000000000000000000000000000
000000000000000000000000000000000000000000000000000000000000000000000000000000000000000000000000000000000000000000000000
000000000000000000000000000000000000000000000000000000000000000000000000000000000000000000000000000000000000000000000000
000000000000000000000000000000000000000000000000000000000000000000000000000000000000000000000000000000000000000000000000
000000000000000000000000000000000000000000000000000000000000000000000000000000000000000000000000000000000000000000000000
000000000000000000000000000000000000000000000000000000000000000000000000000000000000000000000000000000000000000000000000
000000000000000000000000000000000000000000000000000000000000000000000000000000000000000000000000000000000000000000000000
000000000000000000000000000000000000000000000000000000000000000000000000000000000000000000000000000000000000000000000000
000000000000000000000000000000000000000000000000000000000000000000000000000000000000000000000000000000000000000000000000
000000000000000000000000000000000000000000000000000000000000000000000000000000000000000000000000000000000000000000000000
000000000000000000000000000000000000000000000000000000000000000000000000000000000000000000000000000000000000000000000000
000000000000000000000000000000000000000000000000000000000000000000000000000000000000000000000000000000000000000000000000
000000000000000000000000000000000000000000000000000000000000000000000000000000000000000000000000000000000000000000000000
000000000000000000000000000000000000000000000000000000000000000000000000000000000000000000000000000000000000000000000000
