000000000000000000000000000000000000000000000000000000000000000000000000000000000000000000000000000000000000000000000000
000000000000000000000000000000000000000000000000000000000000000000000000000000000000000000000000000000000000000000000000
000000000000000000000000000000000000000000000000000000000000000000000011111111111111100000000000000000000000000000000000
000000000000000000000000000000000000000000000000000000000000000000111111111111111111111100000000000000000000000000000000
000000000000000000000000000000000000000000000000000000000000000111111111111111111111111111100000000000000000000000000000
000000000000000000000000000000000000000000000000000000000000001111111111111111111111111111111000000000000000000000000000
000000000000000000000000000000000000000000000000000000000000011111111111111111111111111111111100000000000000000000000000
000000000000000000000000000000000000000000000000000000000011111111111111111111111111111111111100000000000000000000000000
000000000000000000000000000000000000000000000000000000001111111111111111111111111111111111111100000000000000000000000000
000000000000000000000000000000000000000000000000000000000011111111111111111111111111111111111000000000000000000000000000
000000000000000000000000000000000000000000000000000000000111111111111111111111111111111111111100000000000000000000000000
000000000000000000000000000000000000000000000000000000111111111111111111111111111111111111111110000000000000000000000000
000000000000000000000000000000000000000000000000000001111111111111111111111111111111111111111111110000000000000000000000
000000000000000000000000000000000000000000000000000000000000111111111111111111111111111111111110011000000000000000000000
000000000000000000000000000000000000000000000000000000000000001110111111111111111111111111111110000000000000000000000000
000000000000000000000000000111110000000000000000000000000000000000111111111111111111111111111000000000000000000000000000
000000000000000000000001111111111100000000000000000000000000000000011111111111111111111111100000000000000000000000000000
000000000000000011111111110000011111100000000000000000000000000000011111111111111110000100000000000000000000000000000000
000000111111111111111111110000000111111000000000000000000000000000111111111111111111000000000000000000000000000000000000
111111111111111110000111111000000001111110000000000000000000000000001111111111111111110000000000000000000000000000000000
000000000111000000001111111000000111111111100000000000000000000000000111111111111111111111100000000000000000000000000000
000000011111100000011111111100001111111001111000000000000000000000111111111111111111111111110000000000000000000000000000
100000111111110000011111111000011111111000011110000000000000000001111111111111111111111111111000000000000000000000000001
100000111111110000001111110000011111111000000111100000000000000011111111111111111111111111111110000000000000000000111111
000000111111100000001111100000001111110000000111111110000000001111111111111111111111111111111111111111111111111111000011
000000111111000000001111000000001111100000011111100011111111111111111111111111111111111111111110111000000000111100000111
000000111110000000001110000000001111100000111111100000011111111111111111111111111111111111111111111100000001111110000111
000000111100000000001110000000001111000001111111110000111111001111111111111111111111111111111111111110000011111111000011
000000111000000000000100000000001110000000111111100001111111100111111111111111111111111111111111111110000011111111000011
000000110000000000000000000000000100000000111111000001111111100111111111111111111111111111111111111110000001111110000011
000000000000000000000000000000000000000000111110000001111111001111111111111111111111111111111111111100000001111110000001
000000000000000000000000000000000000000000111110000001111110001111111111111111111111111111111111111000000000111100000001
000000000000000000000000000000000000000000011100000001111100001111111111111111111111111111111101111000000000111000000000
000000000000000000000000000000000000000000011000000000111100011111111111111111111111111111111111110000000000011000000000
000000000000000000000000000000000000000000000000000000111000011111111111111111111111111111111110100000000000010000000000
000000000000000000000000000000000000000000000000000000110000011111111111111111111111111111111110000000000000000000000000
000000000000000000000000000000000000000000000000000000000000111111111111111111111111111111111110000000000000000000000000
000000000000000000000000000000000000000000000000000000000001111111111111111111111111111111111110000000000000000000000000
000000000000000000000000000000000000000000000000000000000011111111111111111111111111111111111110000000000000000000000000
000000000000000000000000000000000000000000000000000000000011111111111111111111111111111111111110000000000000000000000000
