111111111111111111111111111111111111111111111111111111111111111111111111111111111111111111111111111111111111111111111111
111111111111111111111111111111111111111111111111111111111111111111111111111111111111111110111111111111111111111111111111
111111111111111111111111111111111111111111111111111111111111111111111111111111111111111110000111111111111111111111111111
111111111111111111111111111111111111111111111111111111111111111111111111111111111111111000000111111111111111111111111111
111111111111111111111111111111111111111111111111111111111111111111111111111111110000000000000000001111111111111111111111
111111111111111111111111111111111111111111111111111111111111111111111111111100000000000000000000000001111111111111111111
111111111111111111111111111111111111111111111111111111111111111111111111111110000000000000000000000000001111111111111111
111111111111111111111111111111111111111111111111111111111111111111111000000000000000000000000000000000000111111111111111
111111111111111111111111111111111111111111111111111111111111111111100000000000000000000000000000000000000011111111111111
111111111111111111111111111111111111111111111111111111111111111111100000000000000000000000000000000000000001111111111111
111111111111111111111111111111111111111111111111111111111111111111100000000000000000000000000000000000000001111111111111
111111111111111111111111111111111111111111111111111111100111111111100000000000000000000000000000000000000001111111111111
111111111111111111111111111111111111111111111111111111100011111111111110000000000000000000000000000000000001111111111111
111111111111111111111111111111111111111111111111111000000011111111111111000000000000000000000000000000000001111111111111
111111111111111111111111111111111111111111111111100000000001111111111111100000000000000000000000000000000001111111111111
111111111111111111111111111111111111111111111111100000000001111111111111110000000000000000000000000000000001111111111111
111111111111111111111111111111111111111111111111100000000001111111111111110000000000000000000000000000000001111111111111
111111111111111111111111111111111111111111111111100000000011111111111111111000000000000000000000000000000000111111111111
111111111111111111111111111111111111111111111111110000000111111111111111111100000000000000000000000000000000111111111111
111111111111111111111111111111111111111111111111111000000000111111111110000000000000000000000000000000000000111111111111
111111111111111111111111111111111111111111111111111100000000001111111110000000000000000000000000000000000000111111111111
111111111111111111111111111111111111111111111111111100000000000011111000000000000000000000000000000000000000111111111111
111111111111111111111111111111111111111111111111111000000000000000000000000000000000000000000000000000000000011111111111
111111111111111111111111111111111111111111111111110000000000000000000000000000000000000000000000000000000000011111111111
111111111111111111111111111111111111111111111111100000000000000000000000000000000000000000000000000000000000011111111111
111111111111111111111111111111111111111111111111000000000000000000000000000000000000000000000000000000000000011111111111
111111111111111111111111111111111111111111111110011111000000000000000000000000000000000000000000000000000000001111111111
111111111111111111111111111111111111111111111111111111111000000000000000000000000000000000000000000000000000001111111111
111111111111111111111111111111111111111111111111111111111111110000000000000000000000000000000000000000000000001111111111
111111111111111111111111111111111111111111111111111111111111110000000000000000000000000000000000000000000000000111111111
111111111111111111111111111111111111111111111111111111111111100000000000000000000000000000000000000000000000000111111111
111111111111111111111111111111111111111111111111111111111111000000000000000000000000000000000000000000000000000011111111
111111111111111111111111111111111111111111111111111111111111100000000000000000000000000000000000000000000000000011111111
111111111111111111111111111111111111111111111111111111111111000000000000000000000000000000000000000000000000000001111111
111111111111111111111111111111111111111111111111111111111000000000000000000000000000000000000000000000000000000001111111
111111111111111111111111111111111111111111111111111111100011000000000000000000000000000000000000000000000000000000111111
111111111111111111111111111111111111111111111111111110001110000000000000000000000000000000000000000000000000000000111111
111111111111111111111111111111111111111111111111111100011110000000000000000000000000000000000000000000000000000000111111
111111111111111111111111111111111111111111111111111111111111100000000000000000000000000000000000000000000000000000011111
111111111111111111111111111111111111111111111111111111111111110000000000000000000000000000000000000000000000000000011111
