111111111111111111111111111111111111111111111111111111111111100000000000000000000000000000000000000000000000000000000000
111111111111111111111111111111111111111111111111111111111111100000000000000000000000000000000000000000000000000000000000
111111111111111111111111111111111111111111111111111111111111100000000000000000000000000000000000000000000000000000000000
111111111111111111111111111111111111111111111111111111111111100000000000000000000000000000000000000000000000000000000000
111111111111111111111111111111111111111111111111111111111111100000000000000000000000000000000000000000000000000000000000
111111111111111111111111111111111111111111111111111111111111100000000000000000000000000000000000000000000000000000000000
000111111111111111111111111111111111111111111111111111111111100000000000000000000000000000000000000000000000000000000000
000000000111111111111111111111111111111111111111111111111111100000000000000000000000000000000000000000000000000000000000
000000000000000111111111111111111111111111111111111111111111100000000000000000000000000000000000000000000000000000000000
000000000000000000011111111111111111111111111111111111111111100000000000000000000000000000000000000000000000000000000000
111111000000000000000000111111111111111111111111111111111111100000000000000000000000000000000000000000000000000000000000
111111111110000000000000000111111111111111111111111111111111100000000000000000000000000000000000000000000000000000000000
000111111111111100000000000000011111111111111111111111111111100000000000000000000000000000000000000000000000000000000000
000001111111111111110000000000000011111111111111111111111111100000000000000000000000000000000000000000000000000000000000
000000011111111111111111111000000001111111111111111111111111100000000000000000000000000000000000000000000000000000000000
000000001111111111111111111111111000111111111111111111111111000000000000000000000000000000000000000000000000000000000000
000000000111111111111111111111111111111111111111111111111111000000000000000000000000000000000000000000000000000000000000
000000000111111111111111111111111111111111111111111111111111000000000000000000000000000000000000000000000000000000000000
000000000111111111111111111111111111111111111111111111111111000000000000000000000000000000000000000000000000000000000000
000000001111111111111111111111111111111111111111111111111111000000000000000000000000000000000000000000000000000000000000
000011111111111111111111111111111111111111111111111111111111000000000000000000000000000000000000000000000000000000000000
111111111111111111111111111111111111111111111111111111111111000000000000000000000000000000000000000000000000000000000000
111111111111111111111111111111111111111111111111111111111111000000000000000000000000000000000000000000000000000000000000
111111111111111111111111111111111111111111111111111111111111000000000000000000000000000000000000000000000000000000000000
111111111111111111111111111111111111111111111111111111111111000000000000000000000000000000000000000000000000000000000000
111111111111111111111111111111111111111111111111111111111110000000000000000000000000000000000000000000000000000000000001
111111111111111111111111111111111111111111111111111111111110000000000000000000000000000000000000111000000000000000000001
111111111111111111111111111111111111111111111111111111111110000000000000000000000000000000000000011111011000000000000000
111111111111111111111111111111111111111111111111111111111110000000000000000000000000000000000000000111111110000000000000
111111111111111111111111111111111111111111111111111111111110000000000000000000000000000000000000001111111111100000000000
111111111111111111111111111111111111111111111111111111111110000000000000000000000000000000000001111111111111111000000000
111111111111111111111111111111111111111111111111111111111110000000000000000000000000000000000111111111111111111111111111
111111111111111111111111111111111111111111111111111111111110000000000000000000000000000000011111111111111111111111111111
111111111111111111111111111111111111111111111111111111111110000000000000000000000000000000011111111111111111111111111100
111111111111111111111111111111111111111111111111111111111110000000000000000000000000000000000111111111111111111111100000
111111111111111111111111111111111111111111111111111111111110000000000000000000000000000000000001111111111111111110000001
111111111111111111111111111111111111111111111111111111111110000000000000000000000000000000000000001111111111100000000001
111111111111111111111111111111111111111111111111111111111110000000000000000000000000000000000000000000000000000000000000
111111111111111111111111111111111111111111111111111111111110000000000000000000000000000000000000000000000000000000000001
111111111111111111111111111111111111111111111111111111111110000000000000000000000000000000000000000000000000000000000011
