000000000000000000000011111111111111111111111111000000000110000001111111111111111111111111111110000000000000000000000000
000000000000000000000011111111111111111111111111100000000000000011111111110111111111111111111110000000000000000000000000
000000000000000000000111111111111111111111111111110000000000000011111111111111111111111111111110000000000000000000000000
000000000000000000000111111111111111111111111111111001111100000001111111111111111111111111111110000000000000000000000000
000000000000000000000011111111111111111111111111111111111000000011111111111111111111111111111100000000000000000000000000
000000000000000000000011111111111111111111111111111111111000000011111111111111111111111111110000000000000000000000000000
000000000000000000000011111111111111111111111111111111111000000001111111111111111111111111100000000000000000000000000000
000000000000000000000001111111111111111111111111111111110000000001111111111111111111111111100000000000000000000000000000
000000000000000000000000011111111111111111111111111111111111111111111111111111111111111111100011000000000000000000000000
000000000000000000000000011111111111111111111111111111111111111111111111111111111111111111100111000000000000000000000000
000000000000000000000000001111111111111111111111111111111111111111111111111111111111111111111110000000000000000000000000
000000000000000000000000001111111111111111111111111111111111111111111111111111111111111111111111000000000000000000000000
000000000000000000000000111111111111111111111111111111111111111111111111111111111111111111111111000000000000000000000000
000000000000000000000000011111111111111111111111111111111111111111111111111111111111111111111111000000000000000000000000
000000000000000000000000011111111111111111111111111111111111111111111111111111111111111111111111000000000000000000000000
000000000000000000000000111111111111111111111111111111111111111111111111111111111111111111111100000000000000000000000000
000000000000000000000001111111111111111111111111111111111111111111111111111111111111111111110000000000000000000000000000
000000000000000000000000011111111111111111111111111111111111111111111111111111111111111111110000000000000000000000000000
000000000000000000000000000001111111111111111111111111111111111111111111100011111111111110000000000000000000000000000000
000000000000000000000000000000111111111111100011111111111111111111111111100011111111111100000000000000000000000000000000
000000000000000000000000000000001111111111100011111111111111111111111111100011111111110000000000000000000000000000000000
000000000000000000000000000000000111111111110011111111111111111111111111100111111111110000000000000000000000000000000000
000000000000000000000000000000000111111111110011111111111111111111111111100111111111110000000000000000000000000000000000
000000000000000000000000000000000111111111111111111111111111111111111111111111111111100000000000000000000000000000000000
000000000000000000000000000000000011111111111111111111111111111111111111111111111111100000000000000000000000000000000000
000000000000000000000000000000000001111111111111111111111111111111111111111111111111000000000000000000000000000000000000
000000000000000000000000000000000000111111111111111111111111111111111111111111111110000000000000000000000000000000000000
000000000000000000000000000000000000011111111111111111111111111111111111111111111110000000000000000000000000000000000000
000000000000000000000000000000000000011111111111111111111111111111111111111111111100000000000000000000000000000000000000
000000000000000000000000000000000000000111111111111111111111111111111111111111111100000000000000000000000000000000000000
000000000000000000000000000000000000000000001111111111111111111111111111111111100000000000000000000000000000000000000000
000000000000000000000000000000000000000000001111111111111111111111111111111100000000000000000000000000000000000000000000
000000000000000000000000000000000000000000000111111111111111111111111111111000000000000000000000000000000000000000000000
000000000000000000000000000000000000000000000111111111111111111111111111111000000000000000000000000000000000000000000000
000000000000000000000000000000000000000000000111111111111111111111111111111000000000000000000000000000000000000000000000
000000000000000000000000000000000000000000000111111111111111111111111111110000000000000000000000000000000000000000000000
000000000000000000000000000000000000000000111111111111111111111111111111111111100000000000000000000000000000000000000000
000000000000000000000000000000000000000000011011111111111111111111111111110111000000000000000000000000000000000000000000
000000000000000000000000000000000000000000000001111111111111111111111111100000000000000000000000000000000000000000000000
000000000000000000000000000000000000000000000001111111111111111111111111100000000000000000000000000000000000000000000000
