000000000000000000000000000000000000000000000000000000000000000000000000000000000000000000000000000000000000000000000000
000000000000000000000000000000000000000000000000000000000000000000000000000000000000000000000000000000000000000000000000
000000000000000000000000000000000000000000000000000000000000000000000000000000000000000000000000000000000000000000000000
000000000000000000000000000000000000000000000000000000000000000000000000000000000000000000000000000000000000000000000000
000000000000000000000000000000000000000000000000000000000000000000000000000000000000000000000000000000000000000000000000
000000000000000000000000000000000000000000000000000000000000000000000000000000000000000000000000000000000000000000000000
000000000000000000000000000000000000000000000000000000000000000000000000000000000000000000000000000000000000000000000000
000000000000000000000000000000000000000000000000000000000000000000110000111111111000000000000000000000000000000000000000
000000000000000000000000000000000000000000000000000000000000000000111111111111100000000000000000000000000000000000000000
000000000000000000000000000000000000000000000000000000000000000001111111111111111111000000000000000000000000000000000000
000000000000000000000000000000000000000000000000000000000000000000000011111111111111100000000000000000000000000000000000
000000000000000000000000000000000000000000000000000000000000000000000011111111111111110000000000000000000000000000000000
000000000000000000000000000000000000000000000000000000000000000000000000111111110001111000000000000000000000000000000000
000000000000000000000000000000000000000000000000000000000000000000000000111111111001110000000000000000000000000000000000
000000000000000000000000000000000000000000000000000000000000000000000000011111111111111000000000000000000000000000000000
000000000000000000000000000000000000000000000000000000000000000000000000011011111111111111000000000000000000000000000000
000000000000000000000000000000000000000000000000000000000000000000000001110011111111111111111001111111111111000000000000
000000000000000000000000000000000000000000000001111111111111000000000111101111111111111111111111111111111111110000000000
000000000000000000000000000000000000000000000000000011111111111111111111111111111111111111111111111111111111111110000000
000000000000000000000000000000000000000000000000000000000000000000000001111111111111100001111111111111111111111110000000
000000000000000000000000000000000000000000000000000000000000000000000000000000000111100000000000011111111111110000000000
000000000000000000000000000000000000000000000000000000000000000000000000000000000011000000000000000000000110000000000000
000000000000000000000000000000000000000000000000000000000000000000000000000000000000000000000000000000000000000000000000
000000000000000000000000000000000000000000000000000000000000000000000000000000000000000000000000000000000000000000000000
000000000000000000000000000000000000000000000000000000000000000000000000000000000000000000000000000000000000000000000000
000000000000000000000000000000000000000000000000000000000000000000000000000000000000000000000000000000000000000000000000
000000000000000000000000000000000000000000000000000000000000000000000000000000000000000000000000000000000000000000000000
000000000000000000000000000000000000000000000000000000000000000000000000000000000000000000000000000000000000000000000000
000000000000000000000000000000000000000000000000000000000000000000000000000000000000000000000000000000000000000000000000
000000000000000000000000000000000000000000000000000000000000000000000000000000000000000000000000000000000000000000000000
000000000000000000000000000000000000000000000000000000000000000000000000000000000000000000000000000000000000000000000000
000000000000000000000000000000000000000000000000000000000000000000000000000000000000000000000000000000000000000000000000
000000000000000000000000000000000000000000000000000000000000000000000000000000000000000000000000000000000000000000000000
000000000000000000000000000000000000000000000000000000000000000000000000000000000000000000000000000000000000000000000000
000000000000000000000000000000000000000000000000000000000000000000000000000000000000000000000000000000000000000000000000
000000000000000000000000000000000000000000000000000000000000000000000000000000000000000000000000000000000000000000000000
000000000000000000000000000000000000000000000000000000000000000000000000000000000000000000000000000000000000000000000000
000000000000000000000000000000000000000000000000000000000000000000000000000000000000000000000000000000000000000000000000
000000000000000000000000000000000000000000000000000000000000000000000000000000000000000000000000000000000000000000000000
000000000000000000000000000000000000000000000000000000000000000000000000000000000000000000000000000000000000000000000000
