111111111111111111111111111111111111111111111111111111111111111111111111111111111111111111111111111000000000000000000000
111111111111111111111111111111111111111111111111111111111111111111111111111111111111111111111111111000000000000000000000
111111111111111111111111111111111111111111111111111111111111111111111111111111111111111111111111000000000000000000000000
111111111111111111111111111111111111111111111111111111111111111111111111111111111111111111111000000000000000000000000000
111111111111111111111111111111111111111111111111111111111111111111111111111111111111111111000000000000000000000000000000
111111111111111111111111111111111111111111111111111111111111111111111111111111111111111110000000000000000000000000000000
111111111111111111111111111111111111111111111111111111111111111111111111111111111111111100000000000000000000000000000000
111111111111111111111111111111111111111111111111111111111111111111111111111111111111111000000000000000000000000000000000
111111111111111111111111111111111111111111111111111111111111111111111111111111111111110000000000000000000000000000000000
111111111111111111111111111111111111111111111111111111111111111111111111111111111111100000000000000000000000000000000000
111111111111111111111111111111111111111111111111111111111111111111111111111111111111100000000000000000000000000000000000
111111111111111111111111111111111111111111111111111111111111001111111111111111111111100000000000000000000000000000000000
111111111111111111111111111111111111111111111111111111111111100111111111111111111111100000000000000000000000000000000000
111111111111111111111111111111111111111111111111111111111111100011111111111111111111100000000000000000000000000000000000
111111111111111111111111111111111111111111111111111111111111110001111111111111111111110000000000000000000000000000000000
111111111111111111111111111111111111111111111111111111111111111000111111111111111111111000000000000000000000000000000000
111111111111111111111111111111111111111111111111111111111111111000011111111111111111111100000000000000000000000000000000
111111111111111111111111111111111111111111111111111111111100000000000011111111111111111111110010000000000000000000000000
111111111111111111111111111111111111111111111111111111110000000000000000111111111111111111111100000000000000000000000000
111111111111111111111111111111111111111111111111111111110000000000000000111111111111111111110000000000000000000000000000
111111111111111111111111111111111111111111111111111111111000000000000000111111111111111111111000000000000000000000000000
111111111111111111111111111111111111111111111111111111110000000000000000111111111111111111111111000000000000000000000000
111111111111111111111111111111111111111111111111111111100000000000000000111111111111111111111111100000000000000000000000
111111111111111111111111111111111111111111111111111111000000000000000000011111111111111111111111111000000000000000000000
111111111111111111111111111111111111111111111111111111000000000000000110001111111111111111111111111110000000000000000000
111111111111111111111111111111111111111111111111111110000000000000011111001111111111111111111111111111100001100000000000
111111111111111111111111111111111111111111111111111110000000000000111111100111111111111111111111111111111111100000000000
111111111111111111111111111111111111111111111111111100000000000011111111110011111111111111111111111111111100000000000000
111111111111111111111111111111111111111111111111111100000000000011111111111001111111111111111111111111100000000000000000
111111111111111111111111111111111111111111111111111100000000000001111111111101111111111111111111111100000000000000000000
111111111111111111111111111111111111111111111111111110000000000001111111111111111111111111111111110000000000000000000000
111111111111111111111111111111111111111111111111111110000000000000111111111111111111100000000000000000000000000000000000
111111111111111111111111111111111111111111111111111110000000000000111111111111111111000000000000000000000000000000000000
111111111111111111111111111111111111111111111111111111000000000000011111111111111110000000000000000000000000000000000000
111111111111111111111111111111111111111111111111111111000000000000011111111111000000000000000000000000000000000000000000
111111111111111111111111111111111111111111111111111111000000000000001111111100000000000000000000000000000000000000000000
111111111111111111111111111111111111111111111111111111100000000000000110000000000000000000000000000000000000000000000000
111111111111111111111111111111111111111111111111111111100000000000000000000000000000000000000000000000000000000000000000
111111111111111111111111111111111111111111111111111111100000000000000000000000000000000000000000000000000000000000000000
111111111111111111111111111111111111111111111111111111110000000000000000000000000000000000000000000000000000000000000000
