000000000000000000000000000000000000000000000000000000000011111111111111111111111111111111111111111111111111111111111111
000000000000000000000000000000000000000000000000000000000011111111111111111111111111111111111111111111111111111111111111
000000000000000000000000000000000000000000000000000000000011111111111111111111111111111111111111111111111111111111111111
000000000000000000000000000000000000000000000000000000000011111111111111111111111111111111111111111111111111111111111111
000000000000000000000000000000000000000000000000000000000011111111111111111111111111111111111111111111111111111111111111
000000000000000000000000000000000000000000000000001100000011111111111111111111111111111111111111111111111111111111111111
000000000000000000000000000000000000000000000000011110000011111111111111111111111111111111111111111111111111111111111111
000000000000000000000000000000000000000000000000011111000011111111111111111111111111111111111111111111111111111111111111
000000000000000000000000000000000000000000000000011111000011111111111111111111111111111111111111111111111111111111111111
000000000000000000000000000000000000000000000000011111000011111111111111111111111111111111111111111111111111111111111111
000000000000000000000000000000000000000000000000001111000011111111111111111111111111111111111111111111111111111111111111
000000000000000000000000000000000000000000000000001111100011111111111111111111111111111111111111111111111111111111111111
000000000000000000000000000000000000000000000000001111100011111111111111111111111111111111111111111111111111111111111111
000000000000000000000000000000000000000000000000000111100011111111111111111111111111111111111111111111111111111111111111
000000000000000000000000000000000000000000000000000111100011111111111111111111111111111111111111111111111111111111111111
000000000000000000000000000000000000000000000000000111100011111111111111111111111111111111111111111111111111111111111111
000000000000000000000000000000000000000000000000000011100011111111111111111111111111111111111111111111111111111111111111
000000000000000000000000000000000000000000000000000011111011111111111111111111111111111111111111111111111111111111111111
000000000000000000000000000000000000000000000000000011111011111111111111111111111111111111111111111111111111111111111111
000000000000000000000000000000000000000000000000000111111011111111111111111111111111111111111111111111111111111111111111
000000000000000000000000000000000000000000000000001111111011111111111111111111111111111111111111111111111111111111111111
000000000000000000000000000000000000000000000000001111111011111111111111111111111111111111111111111111111111111111111111
000000000000000000000000000000000000000000000000111111111011111111111111111111111111111111111111111111111111111111111111
000000000000000000000000000000000000000000000000111111111011111111111111111111111111111111111111111111111111111111111111
000000000000000000000000000000000000000000000000111111000011111111111111111111111111111111111111111111111111111111111111
000000000000000000000000000000000000000000000000111111011101111111111111111111111111111111111111111111111111111111111111
000000000000000000000000000000000000000000000000111111111100011111111111111111111111111111111111111111111111111111111111
000000000000000000000000000000000000000000000011111111111100000000111111111111111111111111111111111111111111111111111111
000000000000000000000000000000000000000000000111111111111100000000011111111111111111111111111111111111111111111111111111
000000000000000000000000000000000000000000001111111111111100000000001111111111111111111111111111111111111111111111111111
000000000000000000000000000000000000000000011111111111111100000000000111111111111111111111111111111111111111111111111111
000000000000000000000000000000000000000000001111111111111100000000001111111111111111111111111111111111111111111111111111
000000000000000000000000000000000000000000001111111111111100000000011111111111111111111111111111111111111111111111111111
000000000000000000000000000000000000000000000111111111111100000000011111111111111111111111111111111111111111111111111111
000000000000000000000000000000000000000000001111111111111100000000111111111111111111111111111111111111111111111111111111
000000000000000000000000000000000000000000001111111111111100000000111111111111111111111111111111111111111111111111111111
000000000000000000000000000000000000000000010111111111111100000000011111111111111111111111111111111111111111111111111111
000000000000000000000000000000000000000000010000111111111100000000011111111111111111111111111111111111111111111111111111
000000000000000000000000000000000000000000011100111111111100000000011111111111111111111111111111111111111111111111111111
000000000000000000000000000000000000000000001111111111111100000000001111111111111111111111111111111111111111111111111111
