111111111111111111111111111111111111111111111111111111111111111111111111111111111111111111111111111111111111111111111111
111111111111111111111111111111111111111111111111111111111111111111111111111111111111111111111111111111111111111111111111
111111111111111111111111111111111111111111111111111111111111111111111111111111111111111111111111111111111111111111111111
111111111111111111111111111111111111111111111111111111111111111111111111111111111111111111111111111111111111111111111111
111111111111111111111111111111111111111111111111111111111111111111111111111111111111111111111111111111111111111111111111
111111111111111111111111111111111111111111111111111111111111111111111111111111111111111111111111111111111111111111111111
111111111111111111111111111111111111111111111111111111111111111111111111111111111111111111111111111111111111111111111111
111111111111111111111111111111111111111111111111111111111111111111111111111111111111111111111111111111111111111111111111
111111111111111111111111111111111111111111111111111111111111111111111111111111111111111111111111111111111111111111111111
111111111111111111111111111111111111111111111111111111111111111111111111111111111111111111111111111111111111111111111111
111111111111111111111111111111111111111111111111111111111111111111111111111111111111111111111111111111111111111111111111
111111111111111111111111111111111111111111111111111111111111111111111111111111111111111111111111111111111111111111111111
111111111111111111111111111111111111111111111111111111111111111111111111111111111111111111111111111111111111111111111111
111111111111111111111111111111111111111111111111111111111111111111111111111111111111111111111111111111111111111111111111
111111111111111111111111111111111111111111111111111111111111111111111111111111111111111111111111111111111111111111111111
111111111111111111111111111111111111111111111111111111111111111111111111111111111111111111111111111111111111111111111111
111111111111111111111111111111111111111111111111111111111111111111111111111111111111111111111111111111111111111111111111
111111111111111111111111111111111111111111111111111111111111111111111111111111111111111111111111111111111111111111111111
111111111111111111111111111111111111111111111111111111111111111111111111111111111111111111111111111111111111111111111111
111111111111111111111111111111111111111111111111111111111111111111111111111111111111111111111111111111111111111111111111
111111111111111111111111111111111111111111111111111111111111111111111111111111111111111111111111111111111111111111111111
111111111111111111111111111111111111111111111111111111111111111111111111111111111111111111111111111111111111111111111111
111111111111111111111111111111111111111111111111111111111111111111111111111111111111111111111111111111111111111111111111
111111111111111111111111111111111111111111111111111111111111111111111111111111111111111111111111111111111111111111111111
111111111111111111111111111111111111111111111111111111111111111111111111111111111111111111111111111111111111111111111111
111111111111111111111111111111111111111111111111111111111111111111111111111111111111111111111111111111111111111111111111
111111111111111111111111111111111111111111111111111111111111111111111111111111111111111111111111111111111111111111111111
111111111111111111111111111111111111111111111111111111111111111111111111111111111111111111111111111111111111111101111111
111111111111111111111111111111111111111111111111111111111111000111111111111111111111111111111111111111111111111011111111
111111111111111111111111110111111111111111111111111111111110000000111111111111111111111111111111101111111111111111111111
111111111111111111111111000011111111111111111111111111111100000000111111111111111111111111111111000000001111111111111111
111111111111111111100000000011111111111111111111111111111110000000011111111111111111111111111110000000000111101111111111
111111111111111111100000000001111111111111111111111111111110000000000010000111111111111111111111000000000011011111111111
111111111111111111100000000001111111111111111111111111111110000000000000000111111111111111111111000000000000111111100000
111111111111111111110000000001111111111111111111111111111100000000000000011111111111111111111111100000000000000000000000
111111111111111111110000000011111111111111111111111111111110000000001100001111111111111111111111000000000000000111111111
111111111100111111000000000111111111111111111111111111111111100000001111111111111111111111111111000000000000011111111111
111110000000000000000000000011111111111111111111111111111111100000000111111111111111111111111111100000000000111111111111
111111111111100000000000000011111111111111111111111111111111100000001111111111111111111111111111111000000000011111111111
111111111111111111000000000011111111111111111111111111111111000000000111111111111111111111111111111100000000011111111111
