000000000000000000000111000000000000000000000001111111111111111111111111111111111111111111111111111100000000000000000000
000000000000000000000000000000000000000000000000000111111111111111111111111111111111111111111111111111000000000000000000
000000000000000000000000000000000000000000000000000000111111111111111111111111111111111111111111111111110000000000000000
000000000000000000000000000000000000000000000000000000000111111111111111111111111111111111111111111111111100000000000000
000000000000000000000000000000000000000000000000000000000001111111111111111111111111111111111111111111111111000000000000
000000000000000000000000000000000000000000000000000000000000011111111111111111111111111111111111111111111111110000000000
000000000000000000000000000000000000000000000000000000000000001111111111111111111111111111111111111111111111111000000000
000000000000000000000000000000000000000000000000000000000000000111111111111111111111111111111111111111111111111100000000
000000100000000000000000000000000000000000000000000000000000000011111111111111111111111111111111111111111111111110000000
000011000000000000000000000000000000000000000000000000000000000011111111111111111111111111111111111111111111111111000000
000110000000000000000000000000001111111110000000000000000000000001111111111111111111111111111111111111111111111111100000
001100000000000000000000000000111111111111000000000000000000000001111111111111111111111111111111111111111111111111110000
111100000000000000000000000001111111111111100000000000000000000001111111111111111111111111111111111111111111111111111000
111000000000000000000000000001111111111111100000000000000000000001111111111111111111111111111111111111111111111111111100
110000000000000000000000000000111111111111000000000000000000000001111111111111111111111111111111111111111111111111111100
110000000000000000000000000000000111111100000000000000000000000001111111111111111111111111111111111111111111111111111110
110000000000000000000000000000000000000000000000000000000000000011111111111111111111111111111111111111111111111111111110
100000000000000000000000000000000000000000000000000000000000000111111111111111111111111111111111111111111111111111111110
100000000000000000000000000000000000000000000000000000000000001111111111111111111111111111111111111111111111111111111110
100000000000000000000000000000000000000000000000000000000000011111111111111111111111111111111111111111111111111111111110
100000000000000000000000000000000000000000000000000000000000111111111111111111111111111111111111111111111111111111111110
100000000000000000000000000000000000000000000000000000000011111111111111111111111111111111111111111111111111111111111110
100000000000000000000000000000000000000000000000000000000111111111111111111111111111111111111111111111111111111111111110
110000000000000000000000000000000000000000000000000000000111111111111111111111111111111111111111111111111111111111111110
110000000000000000000000000000000000000000000000000000001111111111111111111111100000000000111111111111111111111111111100
110000000000000000000000000000000000000000000000000000001111111111111111111110000000000000011111111111111111111111111100
111000000000000000000000000000000000000000000000000000001111111111111111111100000000000000001111111111111111111111111000
111000000000000000000000000000000000000000000000000000001111111111111111111100000000000000001111111111111111111111111000
111100000000000000000000000000000000000000000000000000001111111111111111111110000000000000011111111111111111111111110001
111110000000000000000000000000000000000000000000000000001111111111111111111111100000000001111111111111111111111111100011
111111000000000000000000000000000000000000000000000000001111111111111111111111111111111111111111111111111111111111001111
111111100000000000000000000000000000000000000000000000000111111111111111111111111111111111111111111111111111111110011111
111111110000000000000000000000000000000000000000000000000011111111111111111111111111111111111111111111111111111101111111
111111111100000000000000000000000000000000000000000000000001111111111111111111111111111111111111111111111111111111111111
111111111110000000000000000000000000000000000000000000000000011111111111111111111111111111111111111111111111111111111111
111111111111100000000000000000000000000000000000000000000000001111111111111111111111111111111111111111111111111111111111
111111111111110000000000000000000000000000000000000000000000000011111111111111111111111111111111111111111111111111111111
111111111111111100000000000000000000000000000000000000000000000000011111111111111111111111111111111111101111111111111111
111111111111111111000000000000000000000000000000000000000000000000000001111111111111111111111111111100111111111111111111
111111111111111111111000000000000000000000000000000000000000000000000000000111111111111111111100000011111111111111111111
