111111111111111111111111111111111111111111111111111111111111110011111111111111111100000000000000001111111111111111111111
111111111111111111111111111111111111111111111111111000000000000000000011100000000000000000000000000111111111111111111111
111111111111111111111111111111111111111111111111100000000000000000000000000000000000000000000000000111111111111111111111
111111111111111111111111111111111111111111111111110000000000000000000000000000000000000000000000000011111111111111111111
111111111111111111111111111111111111111111111111110000000000000000000000000000000000000000000000000011111111111111111111
111111111111111111111111111111111111111111111111111000000000000000000000000000000000000000000000000011111111111111111111
111111111111111111111111111111111111111111111111111110000000000000000000000000000000000000000000000011111111111111111111
111111111111111111111111111111111111111111111111111110000000000000000000000000000000000000000000000011111111111111111111
111111111111111111111111111111111111111111111111111100000000000000000000000000000000000000000000000111111111111111111111
111111111111111111111111111111111111111111111111111100000000000000000000000000000000000000000011101111111111111111111111
111111111111111111111111111111111111111111111111111100000000000000000000000000000000000000000001111111111111111111111111
111111111111111111111111111111111111111111111111111110000000000000000000000000000000000000000000011111111111111111111111
111111111111111111111111111111111111111111111111111111000000000000000000000000000000000000000000001111111111111111111111
111111111111111111111111111111111111111111111111111111100000000000000000000000000000000000000000001111111111111111111111
111111111111111111111111111111111111111111111111111111000000000000000000000000000000000000001111111111111111111111111111
111111111111111111111111111111111111111111111111111110000010000000000000000000000000000000001111111111111111111111111111
111111111111111111111111111111111111111111111111111100000110000000000000000000000000000000011111111111111111111111111111
111111111111111111111111111111111111111111111111111100000100000000000000000000000000000000011111111111111111111111111111
111111111111111111111111111111111111111111111111111000001100000000000000000000000000000000111111111111111111111111111111
111111111111111111111111111111111111111111111111111100011100000000000000000000000000000000111111111111111111111111111111
111111111111111111111111111111111111111111111111111100111000000000000000000000000000000001111111111111111111111111111111
111111111111111111111111111111111111111111111111111100110000000000000000000000000000000001111111111111111111111111111111
111111111111111111111111111111111111111111111111111100110000000000000000000000000000000001111111111111111111111111111111
111111111111111111111111111111111111111111111111111111100000000000000000000000000000000000111111111111111111111111111111
111111111111111111111111111111111111111111111111111111000000000000000000000000000000000000001111111111111111111111111111
111111111111111111111111111111111111111111111111111111100000000000000000000000000000000000000111111111111111111111111111
111111111111111111111111111111111111111111111111111111100000000000000000000000000000000000000001111111111111111111111111
111111111111111111111111111111111111111111111111111111100000000000000000000000000000000000000000111111111111111111111111
111111111111111111111111111111111111111111111111111111100000000000000000000000000000000000000000000000011111111111111111
111111111111111111111111111111111111111111111111111110000000000000000000000000000000000000000000000000011111111111111111
111111111111111111111111111111111111111111111111111110000000000000000000000000000000000000000000000000011111111111111111
111111111111111111111111111111111111111111111111111111100000000000000000000000000000000010000000000000000111111111111111
111111111111111111111111111111111111111111111111111111100000000000000000000000000000000100000000000000000000111111111111
111111111111111111111111111111111111111111111111111111100000000000000000000000000000000100000000000000000000011111111111
111111111111111111111111111111111111111111111111111111100000000000000000000000000000001110000000000000000000001111111111
111111111111111111111111111111111111111111111111111111100000000000000000000000000000001111000000000000000000000011111111
111111111111111111111111111111111111111111111111111111000000000000000000000000000000001111000000110000000000000001111111
111111111111111111111111111111111111111111111111111100000000000000000000000000000000001111000000011000000000000000111111
111111111111111111111111111111111111111111111111110000000000000000000000000000000000000111000000010000000000000000011111
111111111111111111111111111111111111111111111111100000000000000000000000000000000000000111000000011000000000000000001111
