000000000000000000000000000000000000000000000000000000000000000000000000000000000000000000000000000000000000000000000000
000000000000000000000000000000000000000001111100000000000000000000000001100000000000000000000000000000000000000000000000
000000000000000000000000000000000111111111111111111111000000000000000000000000000000000000000000000000000000000000000000
000000000000000000000000000011111111111111111111111111000000000000000000000000000000000000000000000000000000000000000000
000000000000000001000000111111111111111111111111111000000000000000000000000000000000000000000000000000000000000000000000
000000000000000000011111111111111111111111111111110000000000000000000000000000000000000000000000000000000000000000000000
000000000000000000011111111111111111111111111000000000000000000000000000000000000000000000000000000000000000000000000000
000000000000000001111111111111111111111111110000000000000000000000000000000000000000000000000000000000000000000000000000
000000000000000011111111111111111111111111111111000000000000000000000000000000000000000000000000000000000000000000000000
000000000000001111111111111111111111111111111111110000000000000000000000000000000000000000000000000000000000000000000000
000000000000011111111111111111111111111111111111111000000000000000000000000000000000000000000000000000000000000000000000
000000000000111111111111111111111111111111111111111000000000000000000000000000000000000000000000000000000000000000000000
000000000001111111111111111111111111111111111111000000000000000000000000000000000010000000000000000000000000000000000000
000000000001111111111111111111111111111111111111000000000000000000000000000000000000000000000000000000000000000000000000
000000000011111111111111111100001111111111111100000000000000000000000000000000000000000000000000000000000000000000000000
000000000011111111111111100000000001111111111100000000000000000000000000000000000000000000000000000000000000000000000011
000000000011111111111111000000000000001111111111000000000000000000000000000000000000000000000000000000000000000000000000
000000000011111111111100000000000000001111111111110000000000000000000000000000000000000000000000000000000000000000000000
000000000011111110000000000000000000001111111111111100000000000000000000000000000000000000000000000000000000000000000000
000000000001111110000000000000000000011111111111111100000000000000000000000000000000000000000000000000000000000000000000
000000000001110000000000000000000000011111111111111111100001100000000000000000000000000000000000000000000000000000000000
000000000000000000000001100000000000111111111111111111111000110000000000000000000000000000000000000000000000000000000000
000000000000000000000000000000000000111111111111111111111111100000000000000000000000000000000000001100000000000000000000
000000000000000000000000000000000000111111111111111111000000000000000000000000000000000000000000000110000000000000000000
000000000000000000000000000000000000011111111111111000000000000000000000000000000000000000000000000000000000000000000000
000000000000000000000000000000000000001111111111111000000000000000000000000000000000000000000000000000000000000000000000
000000000000000000000000000000000000111111111111111100000000000000000000000000010000000000000000000000000000000000000000
000000000000000000000000000000000011111111111111111100000000000000000000000000110000000000000000000000000000000000000000
000000000000000000000000000000011111111111111111111100000000000000000000000000000000000000000000000000000000000000000000
000000000000000000000000000011111111111111111111111110000000000000000000000000000000000000000000000000000000000000000000
000000000000000000000001111111111111111111111111111110000000000000000000000000000000000000000000000000000000000000000000
000000000000000011111111111111111111111111111111111110000000000000000000000000000000000000000000000000000000000000000000
000011000011111111111111111111111111111111111111111110000000000000000000000000000000000000000000000000000000000000000000
000111000011111111111111111111111111111111111111111110000000000000000000000000000000000000000000000000000000000000000000
000000000111111111111111111111111111111111111111111110000000000000000000000000000000000000000000000000000000000000000000
000000001111111111111111111111111111111111111111111110000000000000000000000000000000000000000000000000000000000000000000
000000000001111111111111111111111111111111111111111110000000000000000000000000000000000000000000000000000000000000000000
000000100000000000011111111111111111111111111111111110000000000000000000000000000000000000000000000000000000000000000000
000000000000000000000011111111111111111111111111111110000000000000000000000000000000000000000000000000000000000000001100
000000000000000000000000000001111111111111111111111110000000000000000000000000000000000000000000000000000000000000000110
