111111111111111111111111111111111111111111111111111111111111111111111111111111111111111111111111111111111111111111111111
111111111111111111111111111111111111111111111111111111111111111111111111111111111111111111111111111111111111111111111111
111111111111111111111111111111111111111111111111111111111111111111111111111111111111111111111111111111111111111111111111
111111111111000111111111111111111111111111111111111111111111111111111111111111111111111111111111111111111111111111111111
111111111100000000111111111111111111111111111111111111111111111111111111111111111111111111111111111111111111111111111111
111111111100000000011111111111111111111111111111111111111111111111111111111111111111111111111111111111111111111111111111
111111110000000000111111111111111111111111111111111111111111111111111111111111111111111111111111111111111111111111111111
111100000000000000111111111111111111111111111111111111111111111111111111111111111111111111111111111101111111111111111111
000000000000000000001111111111111111111111111111111111111111111111111111111111111111111111111111110000011111111111111111
000000000000000000000011111111111111111111111111111111111111111111111111111111111111111111111111110000001111111111111111
000000000000000000000000001111111111111111111111111111111111111111111111111111111111111111111110000000000011111111111111
000000000000000000000000011111111111111111111111111111111111111111111111111111111111111111111000000000000000001111111111
000000000000000000000000111111111111111111111111111111111111111111111111111111111111111111000000000000000000000111111111
000000000000000000000000011111111111111111111111111111111111111111111111111111111111111111100000000000000000001111111111
000000000000000000000000011111111111111111111111111111111111111111111111111111111111111111100000000000000000001111111111
100000000000000000000000001111111111111111111111111111111111111111111111111111111111111111000000000000000000001111111111
111000000000000000000000001111111111111111111111111111111111111111111111111111111111111111000000000000000000111111111111
111000000000000000000000001111111111111111111111111111111111111111111111111111111111111100000000000000000011111111111111
111100000000000000000000001111111111111111111111111111111111111111111111111111111111111100000000000000000001111111111111
111111110000000000000000011111111111111111111111111111111111111111111111111111111111111100000000000000001110000001111000
111111100000000000000011111111111111111111111111111111111111111111111111111111111111111111000000000000000000000100000000
111000000000000000000000111111111111111111111111111111111111111111111111111111111111111000000000000000000000000100000000
110000000000000000000000011111111111111111111111111111111111111111111111111111111111111110000000000000000000000000000000
000000000000000000000000001111111111111111111111111111111111111111111111111111111111111111000000000000000000000000000001
000000000000000000000000001111111111111111111111111111111111111111111111111111111111111111100000000000000000000000000000
000000000000000000000000001111111111111111111111111111111111111111111111111111111111111111100000000000000000000000000000
000000000000000000000000011111111111111111111111111111111111111111111111111111111111111111100000000000000000011111100000
100000000000000000000000011111111111111111111111111111111111111111111111111111111111111111000000000000000001111111111111
000000000000000000000000011111111111111111111111111111111111111111111111111111111111111110000000000000000011111111111111
000000000000000000000000001111111111111111111111111111111111111111111111111111111111111110000000000000000111111111111111
000000000000000000000000001111111111111111111111111111111111111111111111111111111111111111000000000000001111111111111111
000000000000000000000000001111111111111111111111111111111111111111111111111111111111111110000000000000000111111111111111
000000000000000000000000001111111111111111111111111111111111111111111111111111111111111100000000000000000011111111111111
000000000000000000000000011111111111111111111111111111111111111111111111111111111111111000000000000000000001111111111111
000000000000000000000000001111111111111111111111111111111111111111111111111111111111111000000000000000000000111111111111
000000000000000000000000000011111111111111111111111111111111111111111111111111111111111000000000000000000000011111111111
000000000000000000000000000000111111111111111111111111111111111111111111111111111111110000000000000000000000011111111111
000000000000000000000000000000011111111111111111111111111111111111111111111111111111110000000000000000000000001111111111
000000000000000000000000000000001111111111111111111111111111111111111111111111111111100000000000000000000000000111111111
000000000000000000000000000000000111111111111111111111111111111111111111111111111111100000000000000000000000000011111111
