111111111111111111111111111111111111111111111111111111111111111111111111111111111111111111111111111111111111111111111111
111111111111111111111111111111111111111111111111111111111111111111111111111111111111111111111111111111111111111111111111
111111111111111111111111111111111111111111111111111111111111111111111111111111111111111111111111111111111111111111111111
111111111111111111111111111111111111111111111111111111111111111111111111111111111111111111111111111111111111111111111111
111111111111111111111111111111111111111111111111111111111111111111111111111111001111111111111111111111111111111111111111
111111111111111111111111111111111111111111111111111100000000000000000001111100000111111111111111111111111111111111111111
111111111111111111111111111111111111111111111111110000000000000000000000000000000011111111111111111111111111111111111111
111111111111111111111111111111111111111111111111000000000000000000000000000000000001111111111111111111111111111111111111
111111111111111111111111111111111111111111111111000000000000000000000000000000000000001111111111111111111111111111111111
111111111111111111111111111111111111111111111111000000000000000000000000000000000111111111111111111111111111111111111111
111111111111111111111111111111111111111111111111000000000000000000000000000000000111111111111111111111111111111111111111
111111111111111111111111111111111111111111111111000000000000000000000000000011000111111111111111111111111111111111111111
111111111111111111111111111111111111111111111000000000000000000000000000000000111111111111111111111111111111111111111111
111111111111111111111111111111111111111111100000000000000000000000000000000000111111111111111111111111111111111111111111
111111111111111111111111111111111111111111111000000000000000000000000000000011111111111111111111111111111111111111111111
111111111111111111111111111111111111111111111111110000000000000000000000000111111111111111111111111111111111111111111111
111111111111111111111111111111111111111111111111100000000000000000000000000011111111111111111111111111111111111111111111
111111111111111111111111111111111111111111111111100000000000000000000000000011111111111111111111111111111111111111111111
111111111111111111111111111111111111111111111111111100000000000000000000111111111111111111111111111111111111111111111111
111111111111111111111100111111111111111111111111111111111100000000011111111111111111111111111111111111111111111000111111
111111111111111111110000000111111111111111111111111111100000000000000000001111111111111111111111111111111000000000011111
111111111111111111000000000000111111111111111111100000000000000000000000000001111111111111111111111111000000000000000111
111111111111111100000000000000000111111111111111000000000000000000000000000000111111111111111111111000000000000000000011
111111111111100000000000000000000000111111111100000000000000000000000000000000011111000000000000000000000000000000000000
111111111100000000000000000000000000000011111100000000000000000000000000000000000000000000000000000000000000000000000000
111111100000000000000000000000000000000000000000000000000000000000000000000000000000000000000000000000000000000000000000
111000000000000000100000000000000000000000000000000000000000000000000000000000111111110000000000000000000000110011100000
000000000000000011111011111000000000000000000000000000000000000000000000000000011111111111000001111111001111111111110000
111111111110001111111111111110111111110000001110000000000000000000000000000000111111111111111111111111111111111111111111
111111111111111111111111111111111111111111111111000000000000000000000000000000111111111111111111111111111111111111111111
111111111111111111111111111111111111111111111111000000000000000000000000000000111111111111111111111111111111111111111111
111111111111111111111111111111111111111111111110000000000000000000000000000000111111111111111111111111111111111111111111
111111111111111111111111111111111111111111111110000000000000000000000000000000111111111111111111111111111111111111111111
111111111111111111111111111111111111111111111111110010000000000000000000000011111111111111111111111111111111111111111111
111111111111111111111111111111111111111111111111111110000000000000000000001111111111111111111111111111111111111111111111
111111111111111111111111111111111111111111111111111100000000000000000000000111111111111111111111111111111111111111111111
111111111111111111111111111111111111111111111111111000000000000000000000000011111111111111111111111111111111111111111111
111111111111111111111111111111111111111111111111110000000000000000000000000111111111111111111111111111111111111111111111
111111111111111111111111111111111111111111111111111000000000000000000000000011111111111111111111111111111111111111111111
111111111111111111111111111111111111111111111111110000000000000000000000000000111111111111111111111111111111111111111111
