111111111111111111111111111111111111111111111111111111111111111111111111111111111111111111111111111111111111111111111111
111111111111111111111111111111111111111111111111111111111111111111111111111111111111111111111111111111111111111111111111
111111111111111111111111111111111111111111111111111111111111111111111111111111111111111111111111111111111111111111111111
111111111111111111111111111111111111111111111111111111111111111111111111111111111111111111111111111111111111111111111111
111111111111111111111111111111111111111111111111111111111111111111111111111111111111111111111111111111111111111111111111
111111111111111111111111111111111111111111111111111111111111111111111111111111111111111111111111111111111111111111111111
111111111111111111111111111111111111111111111111111111111111111111111111111111111111111111111111111111111111111111111111
111111111111111111111111111111111111111111111111111111111111111111111111111111111111111111111111111111111111111111111111
111111111111111111111111111111111111111111111111111111111111111111111111111111111111111111111111111111111111111111111111
111111111111111111111111111111111111111111111111111111111111111111111111111111111111111111111111111111111111111111111111
111111111111111111111111111111111111111111111111111111111111111111111111111111111111111111111111111111111111111111111111
111111111111111111111111111111111111111111111111111111111111111111111111111111111111111111111111111111111111111111111111
111111111111111111111111111111111111111111111111111111111111111111111111111111111111111111111111111111111111111111111111
111111111111111111111111111111111111111111111111111111111111111111111111111111111111111111111111111111111111111111111111
111111111111111111111111111111111111111111111111111111111111100111111111111111111111111111111111100011111111111111111111
111111111111111111111111100111111111111111111111111111111111000111111111111111111111111111111000000000111111111111111111
111111111111111111111111000011111111111111111111111111111000000001111111111111111111111111111100000000011111111111111111
111111111111111111110000000001111111111111111111111111111100000001111111111111111111111111111100000000011111111111111111
111111111111111111111000000000111111111111111111111111111100000000111111111111111111111111111100000000011111011111111111
111111111111111111111000000000111111111111111111111111111110000000111111111111111111111111100000000000111111111111111111
111111111111111111111110000000011111111111111111111100000000000000011111111111111100001110000000000000011111111111111111
111111111111111111111110000011111111111111111110000000000000000000011111111111111111000000000000000000011111111111111111
111111111111111111111100000001111111111111111111101100011000000001111111111111111111100001110000000011111111111111111111
111111111111111111111000000001111111111111111111111111111100000001111111111111111111111111110000000011111111111111111111
111111001111111000000000000001111111111111111111111111111110000001111111111111111111111111100000000111111111111111111111
000000000000000001111100000000111111111111111111111111111100000001111111111111111111111111100000000011111111111111111111
000000000000000000000000000000111111111111111111111111111000000000111111111111111111111111100000000001111111111111111111
111100000000000000000000000000001111111111111111111111110000000000111111111111111111111111000000000000111111111111111111
111111111100000000000000000000000111111111111111111111100000000000011111111111111111111110000000000000011111111111111111
111111111111111000000000000000000011111111111111111111000000000000001111111111111111111100000000000000001111111111111111
111111111111111111111000000000000001111111111111111110000000000000001111111111111111111000000000000000000111111111111111
111111111111111111110000000000000000111111111111111111000000000000001111111111111111111100000000000000000011111111111111
111111111111111111110000000000000000111111111111111111111000000000111111111111111111111111100000000000011111111111111111
111111111111111111111000000000001111111111111111111111111000111000111111111111111111111111110001111110001111111111111111
111111111111111111110000001111111111111111111111111111111100111000111111111111111111111111110001111110001111111111111111
111111111111111111110000000111111111111111111111111111111100111000111111111111111111111111110001111111000111111111111111
111111111111111111111110000001111111111111111111111111110000011000111111111111111111111111110001111111000111111111111111
111111111111111111111111110000111111111111111111111111000000000000001111111111111111111111110001111111100011111111111111
111111111111111111111111100000001111111111111111111111111100000000011111111111111111111111110011111111100011111111111111
111111111111111111111110000000000001111111111111111110011100000000001111111111111111111111110001111111100011111111111111
