000000000000000000000000000000000000000000000000000000000000000000000000000000000000000000000000000000000000000000000000
000000000000000000000000000000000000000000000000000000000000000000000000000000000000000000000000000000000000000000000000
000000000000000000000000000000000000000000000000011000000000000000000000000000000000000000000000000000000000000000000000
000000000000000000000000000000000000000000000000111111111000000000000000000000000000000000000000000000000000000000000000
000000000000000000000000000000000000000000000001111111111111001000111111111100000000000000000000000000000000000000000000
000000000000000000000000000000000000000000000001111111111111111111111111111000000000000000000000000000000000000000000000
000000000000000000000000000000000000000000000001111111111111111111111111111000000000000000000000000000000000000000000000
000000000000000000000000000000100000000000000000000011111111111111111111110000000000000000000000000000000000000000000000
000000000000000000000000000001100000000000000000000111111111111111111111000000000000000000000000000000000000000000000000
000000000000000000000000000011100000000000000000001111111111111111111111100000000000000000000000000000000000000000000000
000000000000000000000000000011100000000000000000001111111111111111111111100000000000000000000000000000000000000000000000
000000000000000000000000000111100000000000000000011111111111111111111111000000000000000000000000000000000000000000000000
000000000000000000000000000111111011000000000000011111111111111111111110000000000000000000000000000000000000000000000000
000000000000000000000000011111111111100000000000011111111111111111111100000000000000000000000000000000000000000000000000
000000000000000000000000111111111111100000000000111111111111111111111100000000000000000000111100000000000000000000000000
000000000000000000000000011111111111100000000000111111111111111111111100000000000000000001111100000000000000000000000000
000000000000000000000000011111111111100000000001111111111111111111111100000000000000000001111111100000000000000000000000
000000000000000000000000001111111111100000000111111111111111111111111111110000000000000001111111110000000000000000000000
000000000000000000000000001111111110000000000111111111111111111111111111100000000000001111111111111000000000000000000000
000000000000000000000000000011111000000000000111111111111111111111111111110000000000000111111111111000000000000000000000
000000000000000000000111111111110000000000011111111111111111111111111111111000000000000011111111111000000000000000000000
000000000000000000000001111111111111110000011111111111111111111111111111111100000000000001111111110000000000000000000000
000000000000000000000000000000111111111000111111111111111111111111111111111100000000000001111111000000000000000000000000
000000000000000000000000000000011111111111111111111111111111111111111111111100000000000000000000000000000000000000000000
000000000000000000000000000000000111111111111111111111111111111111111111111110001111111111111111100000000000000000000000
000000000000000000000000000000000000111111111111111111111111111111111111111111111111111111111111111000000000000000000000
000000000000000000000000000000000000001111110111111111111111111111111001111111111111111111110000000000000000000000000000
000000000000000000000000000000000000000000001111111111111111111111111110011111110000000000000000000000000000000000000000
000000000000000000000000000000000000000000001111111111111111111111111100000000000000000000000000000000000000000000000000
000000000000000000000000000000000000000000000001101111111111111111111100000000000000000000000000000000000000000000000000
000000000000000000000000000000000000000000000001001111111111111111111100000000000000000000000000000000000000000000000000
000000000000000000000000000000000000000000000000001111111111111111111100000000000000000000000000000000000000000000000000
000000000000000000000000000000000000000000000000011111111111111111111110000000000000000000000000000000000000000000000000
000000000000000000000000000000000000000000000000111111111111111111111111000000000000000000000000000000000000000000000000
000000000000000000000000000000000000000000000001111111111111111111111111100000000000000000000000000000000000000000000000
000000000000000000000000000000000000000000000011111111111111111111111111110000000000000000000000000000000000000000000000
000000000000000000000000000000000000000000000111111111111111111111111111111000000000000000000000000000000000000000000000
000000000000000000000000000000000000000000000111111111111111111111111111111000000000000000000000000000000000000000000000
000000000000000000000000000000000000000000001111111111111111111111111111111100000000000000000000000000000000000000000000
000000000000000000000000000000000000000000001111111111111111111111111111111110000000000000000000000000000000000000000000
