000000000000000000000000000000000000000000001111111111111111111111111111111111111111111111111111111111111111111111111111
000000000000000000000000000000000000000000001111111111111111111111111111111111111111111111111111111111111111111111111111
000000000000000000000000000000000000000000001111111111111111111111111111111111111111111111111111111111111111111111111111
000000000000000000000000000000000000000000001111111111111111111111111111111111111111111111111111111111111111111111111111
000000000000000000000000000000000000000000001111111111111111111111111111111111111111111111111111111111111111111111111111
000000000000000000000000000000000000000000001111111111111111111111111111111111111111111111111111111111111111111111111111
000000000000000000000000000000000000000000001111000011111111111111111111111111111111111111111111111111111111111111111111
000000000000000000000000000000000000000000001111100000001111111111111111111111111111111111111111111111111111111111111111
000000000000000000000000000000000000000000001111100000000111111111111111111111111111111111111111111111111111111111111111
000000000000000000000000000000000000000000001111111000000011111111111111111111111111111111111111111111111111111111111111
000000000000000000000000000000000000000000001111111100000000111111111111111111111111111111111111111111111111111111111111
000000000000000000000000000000000000000000001111111111000000011111111111111111111111111111111111111111111111111111111111
000000000000000000000000000000000000000000001111111111100000001111111111111111111111111111111111111111111111111111111111
000000000000000000000000000000000000000000001111111111111000000111111111111111111111111111111111111111111111111111111111
000000000000000000000000000000000000000000001111111111111100000001111111111111111111111111111111111111111111111111111111
000000000000000000000000000000000000000000001111111101111111000000011111111111111111111111111111111111111111111111111111
000000000000000000000000000000000000000000001111110000000111100000001111111111111111111111111111111111111111111111111111
000000000000000000000000000000000000000000010110000000000000000000000111111111111111111111111111111111111111111111111111
000000000000000000000000000000000000000000010000000000000000000000000011111111111111111111111111111111111111111111111111
000000000000000000000000000000000000000000000000000000000000000000000001111111111111111111111111111111111111111111111111
000000000000000000000000000000000000000000110000000000000000000000000000111111111111111111111111111111111111111111111111
000000000000000000000000000000000000000000110000000000000000000000011111111111111111111111111111111111111111111111111111
000000000000000000000000000000000000000000110000000000000000000000111111111111111111111111111111111111111111111111111111
000000000000000000000000000000000000000000111000000000000000000001111111111111111111111111111111111111111111111111111111
000000000000000000000000000000000000000000101100000000000000000011111111111111111111111111111111111111111111111111111111
000000000000000000000000000000000000000000110111000000000000000111111111111111111111111111111111111111111111111111111111
000000000000000000000000000000000000000000000000000000000000001111111111111111111111111111111111111111111111111111111111
000000000000000000000000000000000000000000000000000000000000000111111111111111111111111111111111111111111111111111111111
000000000000000000000000000000000000000001101100000000000000000011111111111111111111111111111111111111111111111111111111
000000000000000000000000000000000000000110001100000000000000000011111111111111111111111111111111111111111111111111111111
000000000000000000000000000000000000001000001000000000000000000000111111111111111111111111111111111111111111111111111111
000000000000000000000000000000000000010000000000000000000000000000001111111111111111111111111111111111111111111111111111
000000000000000000000000000000000000100000000010000000000000000000001111111111111111111111111111111111111111111111111111
000000000000000000000000000000000001000000010100000000000000000011111111111111111111111111111111111111111111111111111111
000000000000000000000000000000000001000000110100000000000000000011111111111111111111111111111111111111111111111111111111
000000000000000000000000000000000011000001111000000000000000000000111111111111111111111111111111111111111111111111111111
000000000000000000000000000000000010000001111000000000000000000000001111111111111111111111111111111111111111111111111111
000000000000000000000000000000000000000011111000000000000000000000000011111111111111111111111111111111111111111111111111
000000000000000000000000000000000000000011100000000000000000000110000000111111111111111111111111111111111111111111111111
000000000000000000000000000000000000000011100000000000000000000011100000000111111111111111111111111111111111111111111111
