111111111111111111111111111111111111111111111111111111111111111111111111111111111111111111111111111111111111111111111111
111111111111111111111111111111111111111111111111111111111111111111111111111111111111111111111111111111111111111111111111
111111111111111111111111111111111111111111111111111111111111111111111111111111111111111111111111111111111111111111111111
111111111111111111111111111111111111111111111111111111111111111111111111111111111111111111111111111111111111111111111111
111111111111111111111111111111111111111111111111111111111111111111111111111111111111111111111111111111111111111111111111
111111111111111111111111111111111111111111111111111111111111111111111111111111111111111111111111111111111111111111111111
111111111111111111111111111111111111111111111111111111111111111111111111111111111111111111111111111111111111111111111111
111111111111111111111111111111111111111111111111111111111111111111111111111111111111111111111111111111111111111111111111
111111111111111111111111111111111000000001111111111111111111111111111111111111111111111111111111111111111111111111111111
111111111111111111111111111111110000000000011111111111111111111111111111111111111111111111111111111111111111111111111111
111111111111111111111111111111100000000000000111111111111111111111111111111111111111111111111111111111111111111111111111
111111111111111111111111111111000000000000000111111111111111111111111111111111111111111111111111111111111111111111111111
111111111111111111111111111111000000000000000011111111111111111111111111111111111111111111111111111111111111111111111111
111111111111111111111111111111110000000000000011111111111111111111111111111111111111111111111111111111111111111111111111
111111111111111111111111111111111000000011001111111111111111111111111111111111111111111111111111111111111111111111111111
111111111111111111111111111111110000000001111111111111111111111111111111111111111111111100011111111111111111111111111111
111111111111111111111111111111000000000000111111111111111111111111111111111111111111100000000001111111111111111111111111
111111111111111111111111111110000000000000111111111111111111111111111111111111000000000000000001111111111111111111111111
111111111111111111111111111100000000000000111111111111111111111111111111111111000000000000000001111111111111111111111111
111111111111111111111111111110000000000000111111111111111111111111111111111111111000000000000011111111111111111111111111
111111111111111111111111111111000000000000111111111111111111111111111111111111111000000000000011111111111111111111111111
111111111111111111111111111111000000000000111111111111111111111111111111111111111000000000000000111111111111111111111111
111111111111111111111111111110000000000000111111111111111111111111111111111111111100000000111000111111111111111111111111
111111111111111111111111111100000000000001111111111111111111111111111111111111110000000000111111111111111111111111111111
111111111111111111111111111000000000000001111111111111111111111111111111111111100000000000111111111111111111111111111111
111111111111111111111111111000000000000001111111111111111111111111111111111110000000000000011111111111111111111111111111
111111111111111111111111110000000000000001111111111111111111111111111111111100000000000000001111111111111111111111111111
111111111111111111111111110000000000000000111111111111111111111111111111111000000000000010000111111111111111111111111111
111111111111111111111111110000000000000000011111111111111111111111111111111100000000000000000111111111111111111111111111
111111111111111111111111100000000000000000011111111111111111111111111111111110000000000000001111111111111111111111111111
111111111111111111111111100000000000000000001111111111111111111111111111111111000000000000011111111111111111111111111111
111111111111111111111111100000000000000000001111111111111111111111111111111111100000000000111111111111111111111111111111
111111111111111111111111000000000000000000001111111111111111111111111111111111000000000000111111111111111111111111111111
111111111111111111111111000000000000000000000111111111111111111111111111111111000000000000011111111111111111111111111111
111111111111111111111111000000000000000000000111111111111111111111111111111110000000000000011111111111111111111111111111
111111111111111111111111000000000000000000000111111111111111111111111111111110000000000000001111111111111111111111111111
111111111111111111111110000000000000000000000111111111111111111111111111111100000000000000001111111111111111111111111111
111111111111111111111110000000000000000000000011111111111111111111111111111111000000000000000111111111111111111111111111
111111111111111111111110000000000000000000000011111111111111111111111111111111100001100000111111111111111111111111111111
111111111111111111111110000000000000000000000011111111111111111111111111111111100011100001111111111111111111111111111111
