000000000000000000000000000000000000000000000000000000000000000000000000000000000000000111111111111111111111111111111111
000000000000000000000000000000000000000000000000000000000000000000000000000000000000000111111111111111111111111111111111
000000000000000000000000000000000000000000000000000000000000000000000000000000000000000011111111111111111111111111111111
000000000000000000000000000000000000000000000000000000000000000000000000000000000000000011111111111111111111111111111111
000000000000000000000000000000000000000000000000000000000000000000000000000000000000000001111111111111111111111111111111
000000000000000000000000000000000000000000000000000000000000000000000000000000000000000000111111111111111111111111111111
000000000000000000000000000000000000000000000000000000000000000000000000000000000000000000011111111111111111111111111111
000000000000000000000000000000000000000000000000000000000000000000000000000000000000000000001111111111111111111111111111
000000000000000000000000000000000000000000000000000000000000000000000000000000000000000000000111111111111111111111111111
000000000000000000000000000000000000000000000000000000000000000000000000000000000000000000000001111111111111111111111111
000000000000000000000000000000000000000000000000000000000000000000000000000000000000000000000000011111111111111111111111
000000000000000000000000000000000000000000000000000000000000000000000000000000000000000000000000000111111111111111111111
000000000000000000000000000000000000000000100000000000000000000000000000000000000000000000000000000000111111111111111111
000000000000000000000000000000000000000011110000000000000000000000000000000000000000000000000000000000000011111111111111
000000000000000000000000000000000000000111111000000011110000000000000000000000000000000000000000000000000000001111111111
000000000000000000000000000000000000000111111000001111100000000000000000000000000000000000000000000000000000000000001111
000000000000000000000000000000000000000111111000011111000000000000000000000000000000000000000000000000000000000000000000
000000000000000000000000000000000000000111111001111110000000000000000000000000000000000000000000000000000000000000000000
000000000000000000000000000000000000000111111011111100000111110000000000000000000000000000000000000000000000000000000000
000000000000000000000000000000000000000111111111111000011111100000000000000000000000000000000000000000000000000000000000
000000000000000000000000000000000000001111111111110011111110000000000000000000000000000000000000000000000000000000000000
000000000000000000000000000000000011111111111111111111111000000000000000000000000000000000000000000000000000000000000000
000000000000000000000000000000000111111111111111111111100000001110000000000000000000000000000000000000000000000000000000
000000000000000000000000000000000111111111111111111111011111111110000000000000000000000000000000000000000000000000000000
000000000000000000000000000000000011111111111111111111111111100000000000000000000000000000000000000000000000000000000000
000000000000000000000000000000000011111111111111111111110000000000000000000000000000000000000000000000000000000000000000
000000000000000000000000000000000001111111111111111110000000000000000000000000000000000000000000000000000000000000000000
000000000000000000000000000000000011111111111111111110000000000000000000000000000000000000000000000000000000000000000000
000000000000000000000000000000000111111111111111111100000000000000000000000000000000000000000000000000000000000000000000
000000000000000000000000000000000111111111111111111100000000000000000000000000000000000000000000000000000000000000000000
000000000000000000000000000000001111111111111111111000000000000000000000000000000000000000000000000000000000000000000000
000000000000000000000000011111111111111111111111100000000000000000000000000000000000000000000000000000000000000000000000
000000000000000000000011111111111111111111111111000000000000000000000000000000000000000000000000000000000000000000000000
000000000000000000001111111111111111111111111110000000000000000000000000000000000000000000000000000000000000000000000000
000000000000000000111111111111111111111111111111100000000000000000000000000000000000000000000000000000000000000000000000
000000000000000011111111111111111111111111111111111000000000000000000000000000000000000000000000000000000000000000000000
000000000000000111111111111111111111111111111111111100000000000000000000000000000000000000000000000000000000000000000000
000000000000011111111111111111111111111111111111111111000000000000000000000000000000000000000000000000000000000000000000
000000000000111111111111111111111111111111111111111111100000000000000000000000000000000000000000000000000000000000000000
000000000011111111111111111111111111111111111111111111110000000000000000000000000000000000000000000000000000000000000000
