111111111111111111111111111111111111111111111111111111111111111111111111111111111111111110011111111111111111111111111111
111111111111111111111111111111111111111111111111111111111111111111111111111111111110000000011111111111111111111111111111
111111111111111111111111111111111111111111111111111111111111111111111111111000000000000000000011111111111111111111111111
111111111111111111111111111111111111111111111111111111111111111111111111100000000000000000000000011111111111111111111111
111111111111111111111111111111111111111111111111111111111111000000000111100000000000000000000000011111111111111111111111
111110111111111111111111111111111111111111111111111111111110000000000000110000000000000000000000001111111111111111100000
111100011111111111111111111111111111111111111111111111111111100000000000000000000000000000000000001111111111100011100001
111100001111111111111111111111111111111111111111111111111111110000000000000000000000000000000000011110000001111111111111
110000000011111111111111111111111111111111111111111111111111111100000000000000000000000000000000000001111111111111111111
000000000000011111111111111111111111111111111111111111111111111111100000000000000000000000000000001111111111111111111111
000000000000000001111111111111111111111111111111111111111111111100000000000000000000000000000000011111111111111111111111
000000000000000011111111111111111111111111111111111111111111111100000000000000000000000000000000111111111111111111111111
000000000000000011111111111111111111111111111111111111110111111000000000000000000000000000000001111111111111111111111111
000000000000000001111111111111111111111111111111100000000000000011110000000000000000000000000011111111111111111111111111
000000000000000001111111111111111111111111111111100000000000011111100000000000000000000000000000111111111111111111111111
100000000000000000111111111111111111111111111111111100000000011110000000000000000000000000000000111111111111111111111111
110000000000000000011111111111111111111111111111111110000000001000000000000000000000000000000000011111111111111111111111
000000000000000000011111111111111111111111111111111110000000000000000000000000000000000000000000011111111111111111111111
000000000000000001111111111111111111111111111111111111000000000000000000000000000000000000000000111111111111111111111111
000000000000000000000111111111111111111111111111111111000000000000001000000000000000000000000111111111111111111111111111
000000000000000000001111111111111111111111111111111111100000000000111000000000000000000000001111111111111111111111111111
000000000000000000111111111111111111111111111111111111100000000011111000000000000000000000011111111111111111111111111111
000000000000000001111111111111111111111111111111111111111111111111111000000000000000000000011111111111111111111111111111
000000000000000001111111111111111111111111111111111111111111111111111000000000000000000000111111111111111111111111111111
000000000000000000111111111111111111111111111111111111111111111111111000000000000000000000111111111111111111111111111111
100000000000000000011111111111111111111111111111111111111111111111111000000000000000000000011111111111111111111111111111
110000000000000000001111111111111111111111111111111111111111111111111100000000000000000001111111111111111111111111111111
111100000000000000000111111111111111111111111111111111111111111111111110000000000000000001111111111111111111111111111111
111110000000000000011111111111111111111111111111111111111111111111111100000000000000000000111111111111111111111111111111
111100000000000000001111111111111111111111111111111111111111111111111000000000000000000000001111111111111111111111111111
111000000000000000000111111111111111111111111111111111111111111111110000000000000000000000000111111111111111111111111111
110000000000000000000011111111111111111111111111111111111111111111100000000000000000000000000111111111111111111111111111
100000000000000000000011111111111111111111111111111111111111111111100000000000000000000000000011111111111111111111111111
000000000000000000000011111111111111111111111111111111111111111111000000000000000000000000000001111111111111111111111111
000000000000000000000001111111111111111111111111111111111111111110000000000000000000000000000001111111111111111111111111
000000000000000000000001111111111111111111111111111111111111111110000000000000000000000000000000111111111111111111111111
000000000000000000000000111111111111111111111111111111111111111100000000000000000000000000000000011111111111111111111111
000000000000000000000000011111111111111111111111111111111111110000000000000000000000000000000000001111111111111111111111
000000000000000000000000011111111111111111111111111111111111100000000000000000000000000000000000001111111111111111111111
000000000000000000000000001111111111111111111111111111111111000000000000000000000000000000000000000111111111111111111111
