111111111111111111111111111111111111111110000000000000000000000000011111111111111111111111111111111111111111111111111111
111111111111111111111111111111111111111110000000000000000000000000011111111111111111111111111111111111111111111111111111
111111111111111111111111111111111111111110000000000000000000000000111111111111111111111111111111111111111111111111111111
111111111111111111111111111111111111111111000000000000000000000000111111111111111111111111111111111111111111111111111111
111111111111111111111111111111111111111111110000000000000000000001111111111111111111111111111111111111111111111111111111
111111111111111111111111111111111111111111111100000000000000000001111111111111111111111111111111111111111111111111111111
111111111111111111111111111111111111111100000000000000000000000000011111111111111111111111111111111111111111111111111111
111111111111111111111111111111111111110000000000000000000000000000001111111111111111111111111111111111111111111111111111
111111111111111111111111111111111111001000000000000000000000000000001111111111111111111111111111111111111111111111111111
111111111111111111111111111111111111110000000000000000000000000000001111111111111111111111111111110011111111111111111111
111111111111111111111111111111111111111000000011100000000000000000011111111111111111111111111111000011111111111111111111
111111111111111111111111111111111111111000000011110000000000000000111111111111111111111111110000000111111111111111111111
111111111111111111111111111111111111110000000001111100000000000111111111111111111111111100000001111111111111111111111111
111111111111111111111111111111111111111100000001111111111100000111100000000000011111000000000011111111111111111111111111
111111111111111111111111111111111111111000000001111111111110001110000000000000000000000000000111111111111111111111111111
111111111111111111111111111111111111111100000001111111111111111000000000000000000000000000111111111111111111111111111111
111111111111111111111111111111111111111000000000111111111111111100000000000000000000000001111111000001111111111111111111
111111111111111111111111111111111111111010000000111111111111000000000000000000000000000000000000000000001111111111111111
111111111111111111111111111111111111111000000000011111111110000000000000000000000000000000000000000000001111111111111111
111111111111111111111111111111111111111001000000000011111100000000000000000000000000000000000001111111001111111111111111
111111111111111111111111111111111111111001110000000000011000000000000000000000000000000000000111111111111111111111111111
111111111111111111111111111111111111110110111100000000000110000000000000000000000000000000000011111111111111111111111111
111111111111111111111111111111111111110001111111000000000000000000000000000000000000000000000011111111111111111111111111
111111111111111111111111111111111111110001111111111000000000000000000000000000000000000000000001111111111111111111111111
111111111111111111111111111111111111110001111111111110000000000000000000000000000000000000000011111111111111111111111111
111111111111111111111111111111111111110101111111111111110000000000000000000000000000000000000111111111111111111111111111
111111111111111111111111111111111111110101111111111111110000000000000000000000000000000000011111111111111111111111111111
111111111111111111111111111111111111110011111111111111100000000000000000000000000000000011111111111111111111111111111111
111111111111111111111111111111111111110001111111111110000000000000000000000000000000001111111111111111111111111111111111
111111111111111111111111111111111111100101111111111100000000000000000000000000000011111111111111111111111111111111111111
111111111111111111111111111111111111100101111111110000000000000000000000000000000011111111111111111111111111111111111111
111111111111111111111111111111111111110001111111100000000000000000000000000000000011111111111111111111111111111111111111
111111111111111111111111111111111111110001111110000000000000000000000000000000000011111111111111111111111111111111111111
111111111111111111111111111111111111110001111100000000000000000000000000000000000011111111111111111111111111111111111111
111111111111111111111111111111111111110100111000000000000000000000000000000000000011111111111111111111111111111111111111
111111111111111111111111111111111111110001110000000000000000000000000000000000000011111111111111111111111111111111111111
111111111111111111111111111111111111110001100000000000000000000000000000000000000001111111111111111111111111111111111111
111111111111111111111111111111111111110001000000000000000000000000000000000000000001111111111111111111111111111111111111
111111111111111111111111111111111111110110000000001100000000000000000000000000000001111111111111111111111111111111111111
111111111111111111111111111111111111110001100001111100000000000000000000000000000001111111111111111111111111111111111111
