111111111111111111111111111111111111111111111111111111111111111111111111111111111111111111111111111111111111111111111111
111111111111111111111111111111111111111111111111111111111111111111111111111111111111111111111111111111111111111111111111
111111111111111111111111111111111111111111111111111111111111111111111111111111111111111111111111111111111111111111111111
111111111111111111111111111111111111111111111111111111111111111111111111111111111111111111111111111111111111111111111111
111111111111111111111111111111111111111111111111111111111111111111111111111111111111111111111111111111111111111111111111
111111111111111111111111111111111111111111111111111111111111111111111111111111111111111111111111111111111111111111111111
111111111111001111111111111111111111111111111111111111111111111111111111111111111111111111111111111111111111111111111111
000111111100001111111111111111111111111111111111111111111111111111111111111111111100001111111111111111111111111111111111
000000110000011111111111111111111111111111111111111111111111111111111111111111111000000011111111111111111111111111111111
000000000000111111111111111111111111111111111111111111111111111111111111111111111000000001111111111111111111111111111111
000000000000011111111111111111111111111111111111111111111111111111111111111111111110000000001111111111111111111111111000
000000000000000000001111111111111111111111111111111111111111111111111111111111111111110000000001111111111111111110000000
000000000000000000000001111111111111111111111111111111111111111111111111111111111111111111000000000001111111000000000000
000000000000000000000000011111111111111111111111111111111111111111111111111111111111111111111110000000000000000000000000
000000000000000000000000011111111111111111111111111111111111111111111111111111111111111111111111111100000000000000000000
000000000000000000000000111111111111111111111111111111111111111111111111111111111111111111111111111111100000000000000000
000000000000000000000000011111111111111111111111111111111111111111111111111111111111111111111111111111111000000000000000
000000000000000000000000001111111111111111111111111111111111111111111111111111111111111111111111111111111100000000000000
000000000000000000000000000011111111111111111111111111111111111111111111111111111111111111111111111111111110000000000000
000000000000000000000000000111111111111111111111111111111111111111111111111111111111111111111111111111111111000000000000
000000000000000000000011111111111111111111111111111111111111111111111111111111111111111111111111111111111111000000000000
000000000000000000000011111111111111111111111111111111111111111111111111111111111111111111111111111111111111100000000000
000000000000000000000111111111111111111111111111111111111111111111111111111111111111111111111111111111111111100000000000
000000000000000000000111111111111111111111111111111111111111111111111111111111111111111111111111111111111111100000000000
000000000000011110001111111111111111111111111111111111111111111111111111111111111111111111111111111111111111100000000000
000000000001111111111111111111111111111111111111111111111111111111111111111111111111111111111111111111111111100000000000
000000000011111111111111111111111111111111111111111111111111111111111111111111111111111111111111111111111111100000000000
110000000111111111111111111111111111111111111111111111111111111111111111111111111111111111111111111111111111100000000000
111100011111111111111111111111111111111111111111111111111111111111111111111111111111111111111111111111111111100000000000
111111111111111111111111111111111111111111111111111111111111111111111111111111111111111111111111111111111111110000000000
111111111111111111111111111111111111111111111001111111111111111111111111111111111111111111111111111111111111111111111111
111111111111111111111111111111111111111111111100111111111000111111111111111111111111111111111111111111111111111111111111
111111111111111111011111111111111111111111111110011111100000001111111111111111111111111111111111111111111111111111111111
111111111111111100000111111111111111111111111111001111000000000111111111111111111111111111110000011111111100011111111111
111111111111111000000011111111111111111111111111100001000000000111111111111111111111111111100000000000111000000011111111
111111111111110000000011111111111111111111111111100000000000000111111111111111111111111111000000000000000000000000111111
111111111111100000000001111111111111111111111111100000000000000011111111111111111111110000000000000000000000000000011111
111111111111000000000001111111111111111111111111111110100000000011111111111111111000000000000000000000000000000000000111
000011111111000000000001111100000000000000001111111110000000000011111111111111110000000000000000000000000000000000000000
000000111111000000000001100000000000000000001111111111000000000111111111111111111000000000000000000000000000000000000000
