000000000000000000000000000000000000000000000000000000000000000000000000000000000000000000000000000000000001000000000000
000000000000000000000000000000000000000000000000000000000000000000000000000000000000000000000000000000000001100000000000
000000000000000000000000000000000000000000000000000000000000000000000000000000000000000000000000000000000001100000000000
000000000000000000000000000000000000000000000000000000000000000000001000111100000000000000000000000000000001100000000000
000000000000000000000000000000000000000000000000000000000000000111111111111111111111000000000000000000000001100000000000
000000000000000000000000000000000000000000000000000000000000000111111111111111111111111110000000000000000001100000000000
000000000000000000000000000000000000000000000000000000000000001111111111111111111111111111110000000000000001110000000000
000000000000000000000000000000000000000000000000000000000000011111111111111111111111111111111100000000000001110000000000
000000000000000000000000000000000000000000000000000000000000000111111111111111111111111111111100000000000001111110000000
000000000000000000000000000000000000000000000000000000000000001111111111111111111111111111111110000000000111110000000000
000000000000000000000000000000000000000000000000000000000000001111111111111111111111111111111111000000000001111100000000
000000000000000000000000000000000000000000000000000000000000011111111111111111111111111111111111000000000001111110000000
000000000000000000000000000000000000000000000000000000000000011111111111111111111111111111111111000000000011111111000000
000000000000000000000000000000000000000000000000000000000000001111111111111111111111111111111111100000000111111111111000
000000000000000000000000000000000000000000000000000000000000000111111111111111111111111111111111110000000111111111111100
000000000000000000000000000000000000000000000000000000000000000000011111111111111111111111111111100000000111111111111100
000000000000000000000000000000000000000000000000000000000000000000000111111111111111111111111110100000000011111111111000
000000000000000000000000000000000000000000000000000000000000000000000011111111111111111111110010000000000001111111111000
000000000000000000000000000000000000000000000000000000000000000000000110111111111111111110010000000000000001111111111100
000000000000000000000000000000000000000000000000000000000000000000000011111111111111111111111111000000001111111111110000
000000000000000000000000000000000000000000000000000000000000000000000011111111111111111111111111110000011111111111100000
000000000000000000000000000000000000000000000000000000000000000000000111111111111111111111111111111000111111111111100000
000000000000000000000000000000000000000000000000000000000000000000000111111111111111111111111111111101111111111111100000
000000000000000000000000000000000000000000000000000000000000000000000111111111111111111111111111111111111111110000000000
000000000000000000000000000000000000000000000000000000000000000000000111111111111111111111111111111111111111100000000000
000000000000000000000000000000000000000000000000000000000000000000000011111111111111111111111111111111111111000000000000
000000000000000000000000000000000000000000000000000000000000000000000011111111111111111111111111111111111110000000000000
000000000000000000000000000000000000000000000000000000000000000000000001111111111111111111111111111111111000000000000000
000000000000000000000000000000000000000000000000000000000000000000000000111111111111111111111111111111110000000000000000
000000000000000000000000000000000000000000000000000000000000000000000000111111111111111111111111111111000000000000000000
000000000000000000000000000000000000000000000000000000000000000000000000011111111111111111111111111111000000000000000000
000000000000000000000000000000000000000000000000000000000000000000000000001111111111111111111111111111111100000000000000
000000000000000000000000000000000000000000000000000000000000000000000000001111111111111111111111111111111110000000000000
000000000000000000000000000000000000000000000000000000000000111100000000000111111111111111111111111111111111000000000000
000000000000000000000000000000000000000000000000000000000011111111111111111111111111111111111111111111111111000000000000
000000000000000000000000000000000000000000000000000000000001111111111111111111111111111111111111111111111110000000000000
000000000000000000000000000000000000000000000000000000000000111111111111111111111111111111111111111111111110000000000000
000000000000000000000000000000000000000000000000000000000000001111111111111111111111111111111111111110011000000000000000
000000000000000000000000000000000000000000000000000000000000000111111111111111111111111111111111111000000000000000000000
000000000000000000000000000000000000000000000000000000000000000011111111111111111111111111111111110000000000000000000000
