000000000000000000000000000000000000000000000000000000000000000000000000000000000000000000000000000000000000000000000000
000000000000000000000000000000000000000000000000000000000000000000000000000000000000000000000000000000000000000000000000
000000000000000000000000000000000000000000000000000000000000000000000000000000000000000000000000000000000000000000000000
000000000000000000000000000000000000000000000000000000000000000000000000000000000000000000000000000000000000000000000000
000000000000000000000000000000000000000000000000000000000000000000000000000000000000000000000000000000000000000000000000
000000000000000000000000000000000000000000000000000000000000000000000000000000000000000000000000000000000000000000000000
000000000000000000000000000000000000000000000000000000000000000000000000000000000000000000000000000000000000000000000000
000000000000000000000000000000000000000000000000000000000000000000000000000000000000000000000000000000000000000000000000
000000000000000000000000000000000000000000000000000000000000000000111111000000000000000000000000000000000000000000000000
000000000000000000000000000000000000000000000000000000000000001111111111110000000000000000000000000000000000000000000000
000000000000000000000000000000000000000000000000000000000000001111111111111000000000000000000000000000000000000000000000
000000000000000000000000000000000000000000000000000000000000011111111111111100000000000000000000000000000000000000000000
000000000000000000000000000000000000000000000000000000000000111111111111110000000000000000000000000000000000000000000000
000000000000000000000000000000000000000000000000000000000001111111111110000000000000000000000000000000000000000000000000
000000000000000000000000000000000000000000000000000000000011111111111110000000000000000000000000000000000000000000000000
000000000000000000000000000000000000000000000000000000000111111111111111110000000000000000000000000000000000000000000000
000000000000000000000000000000000000000000000000000000001111111111111111111100000000000000000000000000000000000000000000
000000000000000000000000000000000000000000000000000000011111111111111111111110000000000000000000000000000000000000000000
000000000000000000000000000000000000000000000000000000111111111111111111011111000000000000000000000000000000000000000000
000000000000000000000000000000000000000000000000000000111111111111111111001111000000000000000000000000000000000000000000
000000000000000000000000000000000000000000000000000000111111101111111111011110000000000000000000000000000000000000000000
000000000000000000000000000000000000000000000000000000111111111111111111111100000000000000000000000000000000000000000000
000000000000000000000000000000000000000000000000000000111111111111111111111000000000000000000000000000000000000000000000
000000000000000000000000000000000000000000000000000000000111111111111111110000000000000000000000000000000000000000000000
000000000000000000000000000000000000000000000000000000000011111111111111111000000000000000000000000000000000000000000000
000000000000000000000000000000000000000000000000000000000111111111111111111100000000000000000000000000000000000000000000
000000000000000000000000000000000000000000000000000000001111111111111111111110000000000000000000000000000000000000000000
000000000000000000000000000000000000000000000000000000001111111111111111111110000000000000000000000000000000000000000000
000000000000000000000000000000000000000000000000000000001111111111111111111111000000000000000000000000000000000000000000
000000000000000000000000000000000000000000000000000000011111111111111111111111100000000000000000000000000000000000000000
000000000000000000000000000000000000000000000000000001111111111111111111111111100000000000000000000000000000000000000000
000000000000000000000000000000000000000000000000000011111111111111111111111111110000000000000000000000000000000000000000
000000000000000000000000000000000000000000000000000111111111111111111111111111111000000000000000000000000000000000000000
000000000000000000000000000000000000000000000000001111111111111111111111111111111000000000000000000000000000000000000000
000000000000000000000000000000000000000000000000011111111111111111111111111111111100000000000000000000000000000000000000
000000000000000000000000000000000000000000000000001111111111111111111111111111111100000000000000000000000000000000000000
000000000000000000000000000000000000000000000000000111111111111111111111111111111100000000000000000000000000000000000000
000000000000000000000000000000000000000000000000000011111111111111111111111000000000000000000000000000000000000000000000
000000000000000000000000000000000000000000000000000000011111110111100001111000000000000000000000000000000000000000000000
000000000000000000000000000000000000000000000000000000011111000000000001111000000000000000000000000000000000000000000000
