111111111111111111111111111111111111111111111111111111111111111111111111111111111111111111111111111111111111111111111111
111111111111111111111111111111111111111111111111111111111111111111111111111111111111111111111111111111111111111111111111
111111111111111111111111111111111111111111111111111111111111111111111111111111111111111111111111111111111111111111111111
111111111111111111111111111111111111111111111111111111111111111111111111111111111111111111111111111111111111111111111111
111111111111111111111111111111111111111111111111111111111111111111111111111111111111111111111111111111000111111111111111
111111111111111111111111111111100000000111111111111111111111111111111111111111111111111111111111111000011111111111111111
111111111111111111111111111100000000000000011111111111111111111111111111111111111111111111111111000001111111111111111111
111111111111111111111111110000000000000000000111111111111111111111111111111111111111111111111000000001111111111111111111
111111111111111111111111000000000000000000000001111111111111111111111111111111111111111111000000000111111111111111111111
111111111111111111111110000000000000000000000001111111111111111111111111111111111111111000000000000001111111111111111111
111111111111111111111110000000000000000000000000011111111111111111111111111100111110000000000000001111111111111111111111
111111111111111111111100000000000000000000000000000000001111111100000000000000000000000000111111111111111111111111111111
111111111111111111111100000000000000000000000000000000000011110000000000000000000000000111111111111111111111111111111111
111111111111111111111110000000000000000000000000000000000001100000000000000000000000011110001111111111111111111111111111
111111111111111111111111100000000000000000000000000000000001000000000000000000000000000000000011111111111111111111111111
111111111111111111111111111000000000000000000000000000000001100000000000000000000000000000000001111111111111111111111111
111111111111111111111111111111100000000000000000000000000000000000000000000000000000000000000011111111111111111111111111
111111111111111111111111111111111111100000000000000000000000000000000000000000000000000000000111111111111111111111111111
111111111111111111111111111111111100000000000000000000011000000000000000000000000000000000001111111111111111111111111111
111111111111111111111111111111111000000000011111111111111100000000000000000000000000000000011111111111111111111111111111
111111111111111111111111111111110000000000111111111111111110000000000000000000000000000001111111111111111111111111111111
111111111111111111111111111111111110000000111111111111111110000000000000000000000000111111111111111111111111111111111111
111111111111111111111111111111111110000000011111111111111100000000000000000000000001111111111111111111111111111111111111
111111111111111111111111111111111111000000011111111111111000000000000000000000000001111111111111111111111111111111111111
111111111111111111111111111111111111000000011111111111110000000000000000000000000011111111111111111111111111111111111111
111111111111111111111111111111111111000000011110000000000000000000000000000000000011111111111111111111111111111111111111
111111111111111111111111111111111111000000000000000000000000000000000000000000000011111111111111111111111111111111111111
111111111111111111111111111111111111100000000000000000000000000000000000000000000111111111111111111111111111111111111111
111111111111111111111111111111111111110000000000100000000000000000000000000000000111111111111111111111111111111111111111
111111111111111111111111111111111111111011111111100000000000000000000000000000000111111111111111111111111111111111111111
111111111111111111111111111111111111111001111111000000000000000000000000000000000011111111111111111111111111111111111111
111111111111111111111111111111111111110110111111000000000000000000000000000000000000111111111111111111111111111111111111
111111111111111111111111111111111111110110111111000000000000000000001110000000000000001111111111111111111111111111111111
111111111111111111111111111111111111111011111111000000000000000000001110000000000000000011111111111111111111111111111111
111111111111111111111111111111111111111001111111000000000000000000011111000000000000000001111111111111111111111111111111
111111111111111111111111111111111111110110111111000000000000000000011111000000000000000000111111111111111111111111111111
111111111111111111111111111111111111110000111111000000000000000000011111100000000000000000111111111111111111111111111111
111111111111111111111111111111111111111001111111100000000000000000011111100000000000000011111111111111111111111111111111
111111111111111111111111111111111111111001111111100000000000000000011111100000000000001111111111111111111111111111111111
111111111111111111111111111111111111110110111111000000000000000000001110000000000000111111111111111111111111111111111111
