111111111111111111111111111111111111111111111111111111111111111111111111111111111111111111111111111111111111111111111111
111111111111111111111111111111111111111111111111111111111111111111111111111111111111111111111111111111111111111111111111
111111111111111111111111111111111110000011111111111111111111111111111111111111111111111111111111111111111111111111111111
111111111111111111111111111111110000000000011111111111111111111111111111111111111111111111111111111111111111111111111111
111111111111111111111111111111100000000000000111111111111111111111111111111111111111111111111111111111111111111111111111
111111111111111111111111111111110000000000000000011111111111111111111111111111111111111111111111111111111111111111111111
111111111111111111111111111111000000000000000000000111111111111111111111111111111111111111111111111111111111111111111111
111111111111111111111111111000000000000000000000000001111111111111111111111111111111111111111111111111111111111111111111
111111111111111111111111110000000000000000000000000000111111111111111111111111111111111111111111111111111111111111111111
111111111111111111111111100000000000000000000000000000011111111111111111111111111111111111111111111111111111111111111111
111111111111111111111111000000000000000000000000000000001111111111111111111111111111111111111111111111111111111111111111
111111111111111111111111100000000000000000000000000000000111111111111111111111111111111111111111111111111111111111111111
111111111111111111111111110000000000000000000000000000000011111111111111111111111111111111111111111111111111111111111111
111111111111111111111111111000000000000000000000000000000001111111111111111111111111111111111111111111111111111111111111
111111111111111111111111111111110000000000000000000000000001111111111111111111111111111111111111111111111111111111111111
111111111111111111111111111111100000000000000000000000000001110000011111111111111111111111111111111111111111111111111111
111111111111111111111111111111111000000000000000000000000000100000000111111111111111111111111111111111111111111111111111
111111111111111111111111111111111110000000000000000000000011000000000000011111111111111111111111111111111111111111111111
111100000111111101111111111111111111111100000000000000001000000000000000000000000011111111111111111111111111111111111111
000000000000000000000000000011111111111000000000000011110000000000000000000000000000000000000000000001111111111111111111
000000000000000000000011111111111111000000000000000011000000000000000000000000000000000000000000000000011111111111111111
000000000000000000000001111111111000000000000000000000000000000000000000000000000000000000000000000000000111111111111111
100000000000001100000001111111100000000000000000000000000000000000000000000000000000000000000000000000000001111111111111
110000000000000111000000111111000000000000000000000000000000000000000000000000000000000000000000000000000000011111111111
111000000000000011000000011110000000000000000000000000000000000000000000000000000000000000000000000000000000001111111111
111100000000000000100000001110000000000000000000000000000000000000000000000000000000000000000000000000000000000011111111
111110000000000011100000000000000000000000000000000000000000000000000000000000000000000000000000000000000000000001111111
111111100000000001110000000000000000000000000000000000000000000000000000000000000000000000000000000000000000000000011111
111111111100000000011000000000000000000000000000000000000011110000000000000000000000000000000000000000000000000000001111
111111111111100000000000000000000000000000000000000000111111111110000000000000000000000000000000000000000000000000000011
111111111111111000000000000000000000000000000000011100011111111110000000000000000000000000000000000000000000000000000000
111111111111111100000000000000000000000000000000111100011111111100000000000000000000000000000000000000000000000000000000
111111111111111111000000000000000000000000000000111100111111111110000000000000000000000000000000000000000000000000000010
111111111111111111110000000000000000000000000000111000111111111110000000000000000000000000000000000000000000000000011011
111111111111111111111100000000000000000000000000111001111111111111100000000000000000000000000000000000000000000000001111
111111111111111111111111100000000000000000000000010001111111111111100000000000000000000000000000000000000000000000000011
111111111111111111111111100000000000000000000000000001111111111111110000000000000000000000000000000000000000000000000001
111111111111111111111110000000000000000000000000000001111111111111111100000000000000000000000000000000000000000000000000
111111111111111111111110000000000000000000000000000000000111111111111110100000000000000000000000000000000000000000000000
111111111111111111111110000000000000000000000000000000000001111111111111100000000000000000000000000000000000000000000000
