000000000000000000000000000000000000000000000000000000000000000000000000000000000000000000000000000000111111111111111111
000000000000000000000000000000000000000000000000000000000000000000000000000000000000000000000000000000000000000111100000
000000000000000000000000000000000000000000000000000000000000000000000000000000000000000000000000000000000000000000000000
000000000000000000000000000000000000000000000000000000000000000000000000000000000000000000000000000000000000000000000000
000000000000000000000000000000000000000000000000000000000000000000000000000000000000000000000000000000000000000000000000
000000000000000000000000000000000000000000000000000000000000000000000000000000000000000000000000000000000000000000000000
000000000000000000000000000000000000000000000000000000000000000000000000000000000000000000000000000000000000000000000000
000000000000000000000000000000000000000000000000000000000000000000000000000000000000000000000000000000000000000000000000
000000000000000000000000000000000000000000000000000000000000000000000000000000000000000000000000000000000000000000000000
000000000000000000000000000000000000000000000000000000000000000000000000000000000000000000000000000000000000000000000000
000000000000000000000000000000000000000000000000000000000000000000000000000000000000000000000000000000000000000000000111
000000000000000000000000000000000000000000000000000000000000000000000000000000000000000000000000000000000000000000001111
000000000000000000000000000000000000000000000000000000000000000000000000000000000000000000000000000000000000000000011111
000000000000000000000000000000000000000000000000000000000000000011111110000000000000000000000000000000000000000011111111
000000000000000000000000000000000000000000000000000000000000111111111111111000000000000000000000000000000000111111111111
000000000000000000000000000000000000000000000000000000001111111111111111111111110000000000000000000000000001111111111111
000000000000000000000000000000000000000000000000000001111111111111111111111111111111100000000000000000111111111111111111
000000000000000000000000000000000000000000000000001111111111111111111111111111111111111110000000011111111111111111111111
000000000000000000000000000000000000000000000000011111111110001111100001111111111111111111110011111111111111111111111111
000000000000000000000000000000000000000000000000111111111110000111000000011111111111111111111111111111111111111111111111
000000000000000000000000000000000000000000000001111111111111111110000000000111111111111111111111111111111111111111111111
000000000000000000000000000000000000000000000001111111000011111000000000000000111111111111111111111111111111111111111111
000000000000000000000000000000000000000000000000111011101111111100000000000000001111111111111111111111111111111100111111
000000000000000000000000000000000000000000000000011001111111111100000000000000000011111111111111111111111000000000001100
000000000000000000000000000000000000000000000000000000011111111000000000000000000000001111111111100000000000000000000000
000000000000000000000000000000000000000000000000000000011111111000000000000000000000000000000000000000000000000000000000
000000000000000000000000000000000000000000000000000000001111110000000000000000000000000000000000000000000000000000000000
000000000000000000000000000000000000000000000000000000001111110000000000000000000000000000000000000000000000000000000000
000000000000000000000000000000000000000000000000000000011111111000000000000000000000000000000000000000000000000000000000
000000000000000000000000000000000000000000000000000000011111111100000000000000000000000000000000000000000000000000000000
000000000000000000000000000000000000000000000000000000000000000000000000000000000000000000000000000000000000000000000000
000000000000000000000000000000000000000000000000000000000000000000000000000000000000000000000000000000000000000000000000
000000000000000000000000000000000000000000000000000000000000000000000000000000000000000000000000000000000000000000000000
000000000000000000000000000000000000000000000000000000000000000000000000000000000000000000000000000000000000000000000000
000000000000000000000000000000000000000000000000000000000000000000000000000000000000000000000000000000000000000000000000
000000000000000000000000000000000000000000000000000000000000000000000000000000000000000000000000000000000000000000000000
000000000000000000000000000000000000000000000000000000000000000000000000000000000000000000000000000000000000000000000000
000000000000000000000000000000000000000000000000000000000000000000000000000000000000000000000000000000000000000000000000
000000000000000000000000000000000000000000000000000000000000000000000000000000000000000000000000000000000000000000000000
000000000000000000000000000000000000000000000000000000000000000000000000000000000000000000000000000000000000000000000000
