000000000000000000000000000000000000000000000000000000000000000000000000000000000000000000000000000000000000000000000000
000000000000000000000000000000000000000000000000000000000000000000000000000000000000000000000000000000000000000000000000
000000000000000000000000000000000000000000000000000000000000000000000000000000000000000000000000000000000000000000000000
000000000000000000000000000000000000000000000000000000000000000000000000000000000000000000000000000000000000000000000000
000000000000000000000000000000000000000000000000000000000000000000000000000000000000000000000000000000000000000000000000
000000000000000000000000000000000000000000000000000000000000000000000000000000000000000000000000000000000000000000000000
000000000000000000000000000000000000000000000000000000000000000000000000000000000000000000000000000000000000000000000000
000000000000000000000000000000000000000000000000000000000000000000000000000000000000000000000000000000000000000000000000
000000000000000000000000000000000000000000000000000000000000000000000000000000000000000000000000000000000000000000000000
000000000000000000000000000000000000000000000000000000000000000000000000000000000000000000000000000000000000000000000000
000000000000000000000000000000000000000000000000000000000000000000000000000000000000000000000000000000000000000000000000
000000000000000000000000000000000000000000000000000000000000000000000000000000000000000000000000000000000000000000000000
000000000000000000000000000000000000000000000000000000000000000000000000000000000000000000000000000000000000000000000000
000000000000000000000000000000000000000000000000000000000000001111111111111000000000000000000000000000000000000000001111
000000000000000000000000000000000000000000000000000000000001111111111111111111110000000000000000000000000000000000011111
000000000000000000000000000000000000000000000000000000011111111111111111111111111111111000000000000000000000011111111111
000000000000000000000000000000000000000000000000000011111111111111111111111111111111111111110000000000001111111111111111
000000000000000000000000000000000000000000000000001111111111111111111101111111111111111111111111000011111111111111111111
000000000000000000000000000000000000000000000000011111111111000011111000001111111111111111111111111111111111111111111111
000000000000000000000000000000000000000000000000111111111111000011110000000011111111111111111111111111111111111111111111
000000000000000000000000000000000000000000000001111111111111001111100000000000011111111111111111111111111111111111111111
000000000000000000000000000000000000000000000001111111100011111110000000000000000111111111111111111111111111111111111111
000000000000000000000000000000000000000000000001111111100000111111100000000000000000111111111111111111111111111111111100
000000000000000000000000000000000000000000000000011101110001111111100000000000000000001111111111111111111111110000000000
000000000000000000000000000000000000000000000000000000011001111111100000000000000000000000011111111110000000000000000000
000000000000000000000000000000000000000000000000000000000001111111100000000000000000000000000000000000000000000000000000
000000000000000000000000000000000000000000000000000000000000111111100000000000000000000000000000000000000000000000000000
000000000000000000000000000000000000000000000000000000000000011111110000000000000000000000000000000000000000000000000000
000000000000000000000000000000000000000000000000000000000000011111111000000000000000000000000000000000000000000000000000
000000000000000000000000000000000000000000000000000000000000011111111100000000000000000000000000000000000000000000000000
000000000000000000000000000000000000000000000000000000000000011111111000000000000000000000000000000000000000000000000000
000000000000000000000000000000000000000000000000000000000000000000000000000000000000000000000000000000000000000000000000
000000000000000000000000000000000000000000000000000000000000000000000000000000000000000000000000000000000000000000000000
000000000000000000000000000000000000000000000000000000000000000000000000000000000000000000000000000000000000000000000000
000000000000000000000000000000000000000000000000000000000000000000000000000000000000000000000000000000000000000000000000
000000000000000000000000000000000000000000000000000000000000000000000000000000000000000000000000000000000000000000000000
000000000000000000000000000000000000000000000000000000000000000000000000000000000000000000000000000000000000000000000000
000000000000000000000000000000000000000000000000000000000000000000000000000000000000000000000000000000000000000000000000
000000000000000000000000000000000000000000000000000000000000000000000000000000000000000000000000000000000000000000000000
000000000000000000000000000000000000000000000000000000000000000000000000000000000000000000000000000000000000000000000000
