000000000000000000000000000000000000000000000000000000000000000000000000000000000000000000000000000000000000000000000000
000000000000000000000000000000000000000001111100000001000000000000000000000000000000000000000000000000000000000000000000
000000000000000000000000000000000111111111111111111111110000000000000000000000000000000000000000000000000000000000000000
000000000000000000000000000111111111111111111111111111111000000000000000000000000000000000000000000000000000000000000000
000000000000000000001001111111111111111111111111111111110000110000000000000000000000000000000000000000000000000000000000
000000000000000000000111111111111111111111111111111111100000000000000000000000000000000000000000000000000000000000000000
000000000000000000011111111111111111111111111111111000000000000000000000000000000000000000000000000000000000000000000000
000000000000000001111111111111111111111111111111110000000000000000000000000000000000000000000000000000000000000000000000
000000000000000011111111111111111111111111111111110000000000000000000000000000000000000000000000000000000000000000000000
000000000000001111111111111111111111111111111111100000000000000000000000000000000000000000000000000000000000000000000000
000000000000011111111111111111111111111111111111110000000000000000000000000000000000000000000000000000000000000000000000
000000000000111111111111111111111111111111111111110000000000000000000000000000000000000000000000000000000000000000000000
000000000001111111111111111111111111111111111110000000000000000000000000000000000000000000000000000000000000000000000000
000000000001111111111111111111111111111111111100000000000000000000000000000000000000000000000000000000000000000000000000
000000000011111111111111111111111111111111010000000000000000000000000000000000000000000000000000000000000000000000000000
000000000011111111111111111111100011111111110000000000000000000000000000000000000000000000000000000000000000000000000000
000000000011111111111111111111000000111111111100000000000000000000000000000000000000000000000000000000000000000000000000
000000000011111111111111100000000000111111111111000000000000000000000000000000000000000000000000000000000000000000000000
000000000001111111111000000000000000111111111111110000000000000000000000000000000000000000000000000000000000000000000000
000000000001111111110000000000000001111111111111111000000000000000000000000000000000000000000000000000000000000000000000
000000000000010000000000000000000001111111111111110111000011000000000000000000000000000000000000000000000000000000000000
000000000000000000000000000000000011111111111111100111110001000000000000000000000000000000000000000000000000000000000000
000000000000000000000000000000000011111111111111111111111110000000000000000000000000000000000000000000000000000000000000
000000000000000000000000000000000011111111111111111110000000000000000000000000000000000000000000000000000000000000000000
000000000000000000000000000000000001111111111111110000000000000000000000000000000000000000000000000000000000000000000000
000000000000000000000000000000000000111111111111110000000000000000000000000000000000000000000000000000000000000000000000
000000000000000000000000000000000011111111111111110000000000000000000000000000000000000000000000000000000000000000000001
000000000000000000000000000000001111111111111111111000000000000000000000000000000000000000000000000000000000000000000000
000000000000000000000000000000111111111111111111111000000000000000000000000000000000000000000000000000000000000000000000
000000000000000000000000000011111111111111111111111000000000000000000000000000000000000000000000000000000000000000000000
000000000000000000000000001111111111111111111111111000000000000000000000000000000000000010000000000000000000000000000000
000000000000000000000011111111111111111111111111111000000000000000000000000000000000000000000000000000000000000000000000
000000000000000111111111111111111111111111111111111000000000000000000000000000000000000000000000000000000000000000000000
000000000000111111111111111111111111111111111111111000000000000000000000000000000000000000000000000000000000000000000000
000000000000111111111111111111111111111111111111111000000000000000000000000000000000000000000000000000000000000000000000
000000000001111111111111111111111111111111111111111100000000000100000000000000000000000000000000000000000000000000011110
000000000011111111111111111111111111111111111111111100000000000000000000000000000000000000000000000000000000000000000000
000000000011111111111111111111111111111111111111111100000000000000000000000000000000000000000000000000000000000000000000
000000000010000000000111111111111111111111111111111100000000000000000000000000000000000000000000000000000000000000000000
000000000000000000000000000011111111111111111111111100000000000000000000000000000000000000000000000000000000000000000000
