000000000000000000000000000000000000000000000000000000000000000000000000000000000000000000000000000000000000000000000000
000000000000000000000000000000000000000000000000000000000000000000000000000000000000000000000000000000000000000000000000
000000000000000000000000000000000000000000000000000000000000000000000000000000000000000000000000000000000000000000000000
000000000000000000000000000000000000000000000000000000000000000000000000000000000000000000000000000000000000000000000000
000000000000000000000000000000000000000000000000000000000000000000000000000000000000000000000000000000000000000000000000
000000000000000000000000000000000000000000000000000000000000000000000011100000000000000000000000000000000000000000000000
000000000000000000000000000000000000000001100000000011111111111111111111100000000000000000000000000000000000000000000000
000000000000000000000000000000000000000000111100111111111111111111111111000000000000000000000000000000000000000000000000
000000000000000000000000000000000000000000011111111111111111111111111111111110000000000000000000000000000000000000000000
000000000000000000000000000000000000000000001111111111111111111111111111111111110000000000000000000000000000000000000000
000000000000000000000000000000000000000001111111111111111111111111111111111110000000000000000000000000000000000000000000
000000000000000000000000000000000000001111111111111111111111111111111111111100000000000000000000000000000000000000000000
000000000000000000000000000000000000001111111111111111111111111111111111110000000000000000000000000000000000000000000000
000000000000000000000000000000000000000011111111111111111111111111111111000000000000000000000000000000000000000000000000
001100000000000000000000000000000000000000001111111111111111111111111111000000000000000000000000000000000000000000000000
111110000000000000000000000000000000000000000111111111111111111111111111100000000000000000000000000000000000000000000000
111000000000000000000000000000000000000000000011111111111111111111111111110000000000000000000000000000000000000000000000
111111100000000000000000000000000000000000000001111111111111111111111111110000000000000000000000000000000000000000000000
111111111000000000000000000000000000000000000000101111111111111111111111111000000000000000000000000000000000000000000000
111111111110000000000000000000000000000000000000001111111111111111111111111000000000000000000000000000000000000000000000
111111111111000000000000000000000000000000000000001111111111111111111111111100000000000000000000000000000000000000000000
011111111111000000000000000000000000000000000000000111111111111111111111111100000000000000000000000000000000000000000000
000011111111110000000000000000000000000000011111111111111111111111111111111110000000000000000000000000000000000000000000
000001111111111000000000000000000011111111111111111111111111111111111111111110000000000000000000000000000000000000000000
000000111111111110000000000000011111111111111111111111111111111111111111111111000000000000000000000000000000000000000000
000000011111111111000000000000111111111111111111111111111111111111111111111111100000000000000000000000000000000000000000
000000001111111111100000000111111111111111111111111111111111111111111111111111110000000000000000000000000000000000000000
000000000011111111111000011111111111111111111111111111111111111111111111111111111000000000000000000000000000000000000000
000000000001111111111111111111111111111111100011111111111111111111111111111111111100000000000000000000000000000000000000
000000000000111111111111111111111111100000000001111111111111111111111111111111111110000000000000000000000000000000000000
000000000000011111111111111111101100000000000001111111111111111111111111111111111111000000000000000000000000000000000000
000000000000000111111111111000000000000000000001111111111111111111111111111111111111000000000000000000000000000000000000
000000000000000001111100000000000000000000000001111111111111111111111111111111111111100000000000000000000000000000000000
000000000000000000000000000000000000000000000000111111111111111111111111111111111101000000000000000000000000000000000000
000000000000000000000000000000000000000000000000111111111111111111111111111111111000000000000000000000000000000000000000
000000000000000000000000000000000000000000000000111111111111111111111111111111111000000000000000000000000000000000000000
000000000000000000000000000000000000000000000000011111111111111111111111111111111100000000000000000000000000000000000000
000000000000000000000000000000000000000000000000001111111111111111111111111111111100000000000000000000000000000000000000
000000000000000000000000000000000000000000111111111111111111111111111111111111111110000000000000000000000000000000000000
000000000000000000000000000000000000111111111111111111111111111111111111111111111110000000000000000000000000000000000000
