000000000000000000000000000000000000001111111111110000000000000000000000000000000000000000000000000001111111111111111111
000000000000000000000000000000000000001111111111110000000000000000000000000000000000000000000000000000000001111111111111
000000000000000000000000000000000000000011111111110000000000000000000000000000000000000000000000000000000000000000011111
000000000000000000000000000000000000000001111111111000000000000000000000000000000000000000000000000000000000000000000000
000000000000000000000000000000000000000000011111111000000000000000000000000000000000000000000000000000000000000000000000
000000000000000000000000000000000000000000001111111100000000000000000000000000000000000000000000000000000000000000000000
000000000000000000000000000000000000000000001111111110000000000000000000000000000000000000000000000000000000000000000000
000000000000000000000000000000000000000000011111111110000000000000000000000000000000000000000000000000000000000000000000
000000000000000000000000000000000000000000111111111111000000000000000000000000000000000000000000000000000000000000000000
000000000000000000000000000000000000000000111111111111100000000000000000000000000000000000000000000000000000000000000000
000000000000000000000000000000000000000000111111111111110000000000000000000000000000000000000000000000000000000000000000
000000000000000000000000000000000000000000011111111111110000000000000000000000000000000000000000000000000000000000000001
000000000000000000000000000000000000000000001111111111111000000000000000000000000000000000000000000000000000000000000001
000000000000000000000000000000000000000000000111111111111100000000000000000000000000000000000000000000000000000000000011
000000000000000000000000000000000000000000000111111111111111000000000000000000100000000000000000000000000000000000000111
000000000000000000000000000000000000000000000011111111111111111100000000000011110000000000000000000000000000000000001111
100111111111100000000000111111111111111111111111111111111111111111111111111111111100000000000000000000000111111111111111
111111111111111111111111111111111111111111111111111111111111111111111111111111111111111111111111111111111111111111111111
111111111111111111111111111111111111111111111111111111111111111111111111111111111111111111111111111111111111111111111111
111111100111111111111111111111111111111111111111111111111111111111111111111111111111111111100000011111111111111111111111
111000000000011111111111111111111111111100000000000011111111111111111111111111111111111000000000000111111111100000011111
100000000000000001111111111111111000000000000000000011111111111111111111111000000000000000000000111111111110000000000001
100000000000000000001111111100000000000000000000000111111111111111111111111100000000000000111111111111111111110000000000
100000000000000000000011000000000000000000000000000111111111111111111111111100000011111111111111111111111111111000000000
100000000000000000000000000000000000000000000000000111111111111111111111111110000000111111111111111111111111111100000000
110000000000000000000000000000000000000000000000000111111111111111111111111111100000011111111111111111111111111100000000
111000000000000000000000000000000000000000000000001111111111111111111111111111111000111111111111111111111111111100000000
111000000000000000000000000000000000000000000000011111111111111111111111111111111111111111111111110000000000000000000000
000000000000000000000000000000000000000000000000011111111111111111111111111111111111111111111111110000000000000000000000
000000000000000000000000000000000000000000000000111111111111111111100111111111111111111111111110000000000000000000000000
000000000000000000000000000000000000000000000001111111111111111111111111111111111111111111111100000000000000000000000000
000000000000000000000000000000000000000000000011111111111111111111111111111111111111111111111111000000000000000000000000
000000000000000000000000000000000000000000000001111111111111111111111111111111111111111111111110000000000000000000000000
000000000000000000000000000000000000000000000000001111111111111111111111111111111111111111111000000000000000000000000000
000000000000000000000000000000000000000000000000000011111111111111111111111111111111111111111100000000000000000000000000
110000000000000000000000000000000000000000000000000000111111111111111111111111111111111111111110000000000000000000000000
100000000000000000000000000000000000000000000000000000011111111111111111111111111111111111111111000000000000000000000000
000000000000000000000000000000000000000000000000000000000111111111111111111111111111111111111111000000000000000000000000
000000000000000000000000000000000000000000000000000000000011111111111111111111111111111111111111000000000000000000000000
000011111110000000000000001111000000000000000000000000000000111111111111111111111111111111111110000000000000000000000000
