111111111111111111111111111111111111111111111111111111111100001111111111111111111111111111111111111111111111111111111111
111111111111111111111111111111111111111111111111111111111000000011111111111111111111111111111111111111111111111111111111
111111111111111111111111111111111111111111111111111111110000000111111111111111111111111111111111111111111111111111111111
111111111111111111111111111111111111111111111111111111110000000111111111111111111111111111111111111111111111111111111111
111111111111111111111111111111111111111111111111111111111000001111111111111111111111111111111111111111111111111111111111
111111111111111111111111111111111111111111111111111111111000001111111111111111111111111111111111111111111111111111111111
111111111111111111111111111111111111111111111101111111110000001111111111111111111111111111111111111111111111111111111111
111111111111111111111111111111111111111111111000011111100000000000000011111111111111111111111111111111111111111111111111
111111111111111111111111111111111111111111111100001111100000000000000001111111111111111111111111111111111111111111111111
111111111111111111111111111111111111111111111110000001000000000000000000011111111111111111111111111111111111111111111111
111111111111111111111111111111111111111111111110000000000000000000000000001111111111111111111111111111111111111111111111
111111111111111111111111111111111111111111111110000000000000000000000000001111111111111111111111111111111111111111111111
111111111111111111111111111111111111111111111000000000000000000000000000000111111111111111111111111111111111111111111111
111111111111111111111111111111111111111111110000000000000000000000000000101111111111111111111111111111111111111111111111
111111111111111111111111111111111111111111110000000000000000000000000000011111111111111111111111111111111111111111111111
111111111111111111111111111111111111111111110000000000000000000000000000011111111111111111111111111111111111111111111111
111111111111111111111111111111111111111111111000000000000000000000000000001111111111111111111111111111111111111111111111
111111111111111111111111111111111111111111111111100000000000000000000000001111111111111111111111111111111111111111111111
111111111111111111111111111111111111111111111111000000000000000000000000000111111111111111111111111111111111111111111111
111111111111111111111111111111111111111111111111110000000000000000000000000111111111111111111111111111111111111111111111
111111111111111111111111111111111111111111111111111100000000000000000000000111111111111111111111111111111111111111111111
111111111111111111111111111111111111111111111111111111000000000000000000000111111111111111111111111111111111111111111111
111111111111111111111111111111111111111111111111111111000000000000000000000011111111111111111111111111111111111111111111
111111111111111111111111111111111111111111111111111100000000000000000000000011111111111111111111111111111111111111111111
111111111111111111111111111111111111111100001111110000000000000000000000000011111111111111111111111111111111111111111111
111111111111111111111111111111100000000000001111100000000000000000000000000001111111111111111111111111111111111111111111
111111111111111111111111111110000000000000000111100000000000000000000000000001111111111111111111111111111111111111111111
111111111111111111111111111100000000000000000011000000000000000000000000000000111111111111111111111111111111111111111111
111111111111111111111111111000000000000000000001000000000000000000000000000000111111111111111111111111111111111111111111
111111111111111111111111111000000000000000000000000000000000000000000000000000111111111111111111111111111111111111111111
111111111111111111111111000000000000000000000011000000000000000000000000000000111111111111111111111111111111111111111111
111111111111111111111000000000000000000000000000000000000000000000000000000000111111111111111111111111111111111111111111
111111111111111111100000000000000000000000000000000000000000000000000000000000111111111111111111111111111111111111111111
111111111111111111000000000000000000000000000000000000000000000000000000000000011111111111111111111111111111111111111111
111111111111111110000000000000000000000000000000000000000000000000011000000000001111111111111111111111111111111111111111
111111111111111110000000000000000000000001100101110000000000000000011000000000000111111111111111111111111111111111111111
111111111111111110000000000000000000000001110000110000000000000000001100000000000111111111111111111111111111111111111111
111111111111111111000000000000000000000011110110100000000000000000000000000000001111111111111111111111111111111111111111
111111111111111111100000000000000000000111111000000000000000000000000000000001011111111111111111111111111111111111111111
111111111111111111111100000000000000011111110000000000000000000000000000000011111111111111111111111111111111111111111111
