111111000000000000000000000000000000000000000000000000000000000000011111111111111111111111111111111111111111000000000000
111111110000000000000000000000000000000000000000000000000000000000000000111111111111111111111111111111111111000000000000
111111111100000000000000000000000000000000000000000000000000000000000000000011111111111111111111111111111111100000000000
111111111110000000000000000000000000000000000000000000000000000000000000000000001111111111111111111111111111100000000000
111111111111100000000000000000000000000000000000000000000000000000000000000000000001111111111111111111111111100000000000
111111111111111000000000000000000000000000000000000000000000000000000000000000000000001111111111111111111111100000000000
111111111111111110000000000000000000000000000000000000000000000000000000000000000000000111111111111111111111100000000000
111111111111111111100000000000000000000000000000000000000000000000000000000000000000000011111111111111111111100000000000
111111111111111111111000000000000000000000000000000000000000000000000000000000000000000001111111111111111111100000000000
111111111111111111111110000000000000000000000000000000000000000000000000000000000000000000111111111111111111100000000000
111111111111111111111111100000000000000000000000000000000000000000001000000000000000000000011111111111111111100000000000
111111111111111111111111111100000000000000000000000000000000000001111100000000000000000000001111111111111111000000000000
111111111111111111111111111111110000000000000000000000000000000000000000000000000000000000001111111111111111000000000000
111111111111111111111111111111111111111000000000000000000000000000000000000000000000000000000111111111111110000000000000
111111111111111111111111111111111111111111111110000000000000000000000000000000000000000000000011111111111100000000000000
111111111111111111111111111111111111111111111111111110000000000000000000000000000000000000000011111111111000000000000000
111111111111111111111111111111111111111111111111111111111110000000000000000000000000000000000001111111110000000000000000
111111111111111111111111111111111111111111111111111111111111111111111111100000000000000000000001111111000000000000000000
111111111111111111111111111111111111111111111111111111111111111111111111000000000000000000000001111100000000000000000000
111111111111111111111111111111111111111111111111111111111111111111111100000000000000000000000011110000000000000000000000
111111111111111111111100011111111111111111111111111111100000000000000000000000000000000000000110000000000000000000000000
111111111111111111110001111111111111111111111111111111100000000000000000000000000000000000000000000000000000000000000000
111111111111111111000011111111111111111111111111111111111000000000000000000000000000000000000000000000000000000000000000
111111111111111110000011111111111111111111111111111111111100000000000000000000000000000000000000000000000000000000000000
111111111111111000000111111111111111111111000011111111111110000000000000000000000000000000000000000000000000000000000000
111111111111110000000011111111111111111110000000011111111000000000000000000000000000000000000000000000000000000000000000
111111111111100000000011111111111111111111111111111111111111111100000000000000000000000000000000000000000000000000000000
111111111111100000000001111111111111111111111111111111111111111111111111111110000000000000000000000000000000000000000000
111111111111000000000001111111111111111111111111111111111111111111111111111111111111110000000000000000000000000000000000
111111111111000000000001111111111111111111111111111111111111111111111111111111111111111111000000000000000000000000000000
111111111110000000000000111111111111111111111111111111111111111111111111111111111111111111111100000000000000000000000000
111111111110000000000000111111111111111111111110000000011111111111111111111111111111111111111111111000000000000000000000
111111111110000000000000011111111111111111111111100111111111111111111111111111111111111111111111111111100000000000000000
111111111110000000000000001111111111111111111111111111111111111111111111111111111111111111111111111111111111000000000000
111111111110000000000000000111111111111111111111111111111111111111111111111111111111111111111111111111111111111100000000
111111111110000000000000000011111111111111111111111111111111111111111111111111111111111111111111111111111111111111110000
111111111110000000000000000001111111111111111111111111111111111111111111111111111111111111111111111111111111111111111111
111111111110000000000000000000111111111111111111111111111111111111111111111111111111111111111111111111111111111111111111
111111111111000000000000000000001111111111111111111111111111111111111111111111111111111111111111111111111111111111111111
111111111111000000000000000000000011111111111111111111111111111111111111111111111111111111111111111111111111111111111111
