110000000000000000000000000000000000011111111111111111111111111111111111111111111111111111111111111111111111111111111111
100000000000000000000000000000000000000111111111111111111111111111111111111111111111111111111111111111111111111111111111
000000000000000000000000000000000000000011111111111111111111111111111111111111111111111111111111111111111111111111111111
000000000000000000000000000000000000000001111111111111111111111111111111111111111111111111111111111111111111111111111111
000000000000000000000000000000000000000000111111111111111111111111111111111111111111111111111111111111111111111111111111
000000000000000000000000000000000000000000111111111111111111111111111111111111111111111111111111111111111111111111111111
000000000000000000000000000000000000000000011111111111111111111111111111111111111111111111111111111111111111111111111111
000000000000000000000000000000000000000000111111111111111111111111111111111111111111111111111111111111111111111111111111
000000000000000000000000000000000000000001111111111111111111111111111111111111111111111111111111111111111111111111111111
000000000000000000000000000000000000001111111111111111111111111111111111111111111111111111111111111111111111111111111111
000000000000000000000000000000000000111111111111111111111111111111111111111111111111111111111111111111111111111111111111
000000000000000000000000000000000000011111111111111111111111111111111111111111111111111111111111111111111111111111111111
000000000000000000000000000000000011111111111111111111111111111111111111111111111111111111111111111111111111111111111111
000000000000000000000000000000000011111111111111111111111111111111111111111111111111111111111111111111111111111111111111
000000000000000000000000000000000011111111111111111111111111111111111111111111111111111111111111111111111111111111111111
000000000000000000000000000000000001111111111111111111111111111111111111111111111111111111111111111111111111111111111111
001000000000000000000000000001000011111111111111111111111111111111111111111111111111111111111111111111111111111111111111
011000000000000000000000000000000011111111111111111111111111111111111111111111111111111111111111111111111111111111111111
111010000000000000000000000000000011111111111111111111111111111111111111111111111111111111111111111111111111111111111111
111111000000000000000000000000000011111111111111111111111111111111111111111111111111111111111111111111111111111111111111
111111100000000000000000000000000011111111111111111111111111111111111111111111111111111111111111111111111111111111111111
111111100000000000000000000000000000011111111111111111111111111111111111111111111111111111111111111111111111111111111111
111111000000000000000000000000000000001111111111111111111111111111111111111110000000001011111111111111111111111111111111
111111000000000000000000000000000000000111111111111111111111111111111111111000000000000001111111111111111111111111111111
111111000000000000000000000000000000000000011111111111111111111111111111110000000000000000111111111111111111111111111111
111111000000000000000000000000000000000000000011111111111100000000000001110000000000000000111111111111111111111111111111
111110000000000000000000000000000000000000000000000000000000000000000000000000000000000001111111111111111111111111111111
111110000000000000000000000000000000000000000000000000000000000000000000000000000000000011111111111111111111111111111111
111110000000000000000000000000000000000000000000000000000000000000000000000000000000001111111111111111111111111111111111
111110000000000000000000000000000000000000000000000000000000000000000000001100000001111111111111111111111111111111111111
111110000000000000000000000000000000000000000000000000000000000000000000001111111111111111111111111111111111111111111111
111110000000000000000000000000000000000000000000000000000000000000000000000111111111111111111111111111111111111111111111
111110000000000000000000000000000000000000000000000000000000000000000000000111111111111111111111111111111111111111111111
111110000000000000000000000000000000000000000000000000000000000000000000000111111111111111111111111111111111111111111111
111110000000000000000000000000000000000000000000000000000000000000000000000111111111111111111111111111111111111111111111
111110000000000000000000000000000000000000000000000000000000000000000000000111111111111111111111111111111111111111111111
111100000000000000000000000000000000000000000000000000000000000000000000001111111111111111111111111111111111111111111111
111100000000000000000000000000000000000000000000000000000000000000000000001111111111111111111111111111111111111111111111
111100000000000000000000000000000000000000000000000000000000000000000000001111111111111111111111111111111111111111111111
111100000000000000000000000000000000000000000000000000000000000000000000001111111111111111111111111111111111111111111111
