111111111111111111111111111111111111000000000000000000100000000000000000000000000000000101111100000000000000011111111111
111111111111111111111111111111111111111100000000000000000010000000000000000000000000000011111100000000000000001111111111
111111111111111111111111111111111111111100000000000000000000000000000000000000000000000000111100000000000000001111111111
111111111111111111111111111111111111111111000000000000000000000000000000000000000000001111111100000000000000001111111111
111111111111111111111111111111111111111111110100000000000000000000000000000000000001001111111100000000000000001111111111
111111111111111111111111111111111111111111111101100000000000000000000000000000000011101111111100000000000000000111111111
011111111111111111111111111111111111111111111111100100000000000000001000100010011111111111111100000000000000011111111100
000001111111111111111111111111111111111111111111111100000000000000010001110011111111111111111110000000000000011111000000
100000000111111111111111111111111111111111111111111000000000000000000111111111111111111100111110000000000000000000000011
111100000000000000000000000000000111111111110000000000000000000000000000001111111111110000000000000000000000000000001111
111110000000000000000000000000000001111100000000000000000000000000000000000000111111100000000000000000000001110000000111
110000000011111111111110000011000000100000000000000000000000000000000000000000000110000000110000000000000011100000000011
100000000001111111111000000011100000000000000000000000000000000000000000000000000000000011100000000000000111100000000001
000000000000111111110000000001111000000000000000000000000000000000000000000000000000000111000000000000111111000000000000
000000000000011111100000000000100000000000000000000000000000000000000000000000000000000000000000000000111111000000000000
100000000000111111000000000000000000000000000000000000000000000000000000000000000000000000000000000000111111000000000000
100000000000111111100000000000000000000000000000000000000000000000000000000000000000000000000000000001111111100000000001
110000000001111111100000000000000000000000000000000000000000000000000000000000000000000000000000000001111111100000000001
110000000011111111110000000000000000000000000000000000000000000000000000000000000000000000000000000011111111110000000011
111000000011111111110000000000000000000000000000000000000000000000000000000000000000000000000000000011111111111000000011
111000000111111111110000000000000000000000111111111111111111111111111111111111111111111111111111111111111111111111111111
111111111111111111111111111111111111111111111111111111111111111111111111111111111111111111111111111111111111111111111111
111111111111111111111111111111111111111111111111111111111111111111111111111111111111111111111111111111111111111111111111
111111111111111111111111111111111111111111111111111111111111111111111111111111111111111111111111111111111111111111111111
111111111111111111111111111111111111111111111111110000000000000000000000000000000000000000000110001111111111111111111111
111111111111111111111110000000000000000000000000000000000000000000000000000000000000000000000011011111111111111111111111
111111111111111111111110000000000000000000000000000000000000000000000000000000000000000000000001111111111111111111111111
111111111111111111111110000000000000000000000000000000000000000000000000000000000000000000000000111111111111111111111111
111111111111111111111100000000000000000000000000000000000000000000000000000000000000000000000000111111111111111111111111
111111111111111111111000000000000000000000000000000000000000000000000000000000000000000000000000011111111111111111111111
111111111111111111111000000000000001000000000000000000000000000000000000000000000000000000000000011111111111111111111111
111111111111111111110000000000000011000000000000000000000000000000000000000000000000000000000000001111111111111111111111
111111111111111111110000000000000011000000000000000000000000000000000000000000000000100000000000001111111111111111111111
111111111111111111110000000000000111000000000000000000000000000000000000000000000000100000000000000111111111111111111111
111111111111111100000000000000001111000000000000000000000000000000000000000000000001110000000000000000111111111111111111
111111111111000000000000000000011111000000000000000000000000000000000000000000000001111000000000000000000001111111111111
111111110000000000000000000000111111000000000000000000000000000000000000000000000001111100000000000000000000000111111111
111100000000000000000000000001111111000000000000000000000000000000000000000000000000111110000000000000000000000000011111
000000000000000000000000000111111111000000000000000000000000000000000000000000000000111111100000000000000000000000000001
000000000000000000000000011111111111000000000000000000000000000000000000000000000000111111111000000000000000000000000000
