111111111111111111111111111111111111111111111100011111111111111111111111111111111111111111111111111111111111111111111111
111111111111111111111111111111111111111111111000000111111111111111111111111111111111111111111111111111111111111111111111
111111111111111111111111111111111111111111111000000111111111111111111111111111111111111111111111111111111111111111111111
111111111111111111111111111111111111111111111000000111111111111111111111111111111111111111111111111111111111111111111111
111111111111111111111111111111111111111111111000000111111111111111111111111111111111111111111111111111111111111111111111
111111111111111111111111111111111111111111111100000111111111111111111111111111111111111111111111111111111111111111111111
111111111111111111111111111111111111111111111100000111111111111111111111111111111111111111111111111111111111111111111111
111111111111111111111111111111111111100001111100000000000001111111111111111111111111111111111111111111111111111111111111
111111111111111111111111111111111111110000111000000000000000011111111111111111111111111111111111111111111111111111111111
111111111111111111111111111111111111111000000000000000000000000111111111111111111111111111111111111111111111111111111111
111111111111111111111111111111111111111100000000000000000000000011111111111111111111111111111111111111111111111111111111
111111111111111111111111111111111111111000000000000000000000000001111111111111111111111111111111111111111111111111111111
111111111111111111111111111111111111110000000000000000000000000001111111111111111111111111111111111111111111111111111111
111111111111111111111111111111111111000000000000000000000000000001111111111111111111111111111111111111111111111111111111
111111111111111111111111111111111111000000000000000000000000000001111111111111111111111111111111111111111111111111111111
111111111111111111111111111111111110000000000000000000000000000000111111111111111111111111111111111111111111111111111111
111111111111111111111111111111111111000000000000000000000000000000011111111111111111111111111111111111111111111111111111
111111111111111111111111111111111111110000000000000000000000000000001111111111111111111111111111111111111111111111111111
111111111111111111111111111111111111111111000000000000000000000000000111111111111111111111111111111111111111111111111111
111111111111111111111111111111111111111110000000000000000000000000000111111111111111111111111111111111111111111111111111
111111111111111111111111111111111000001111000000000000000000000000000011111111111111111111111111111111111111111111111111
111111111111111111111111111110000000000000000000000000000000000000000001111111111111111111111111111111111111111111111111
111111111111111111111111111100000000000000000000000000000000000000000000111111111111111111111111111111111111111111111111
111111111111111111111111111000000000000000000000000000000000000000000000011111111111111111111111111111111111111111111111
111111111111111111111111110000000000000000000000000000000000000000000000011111111111111111111111111111111111111111111111
111111111111111111000000000000000000000000000000000000000000000000000000000111111111111111111111111111111111111111111111
111111111111111000000000000000000000000000000000000000000000000000000000000001111111111111111111111111111111111111111111
111111111111110000000000000000000000000000010000000000000000000000000000000001111111111111111111111111111111111111111111
111111111111100000000000000000000000000001111000000000000000000000000000000000011111111111111111111111111111111111111111
111111111111000000000000000000000000000000000000000000000000000000000100000000000001111111111111111111111111111111111111
111111111111000000000000000000000000000000000000000000000000000000000001000000000001111111111111111111111111111111111111
111111111111000000000000000000000000000000000000000000000000000000000000100000000000011111111111111111111111111111111111
111111111111100000000000000000000000000000000000000000000000000000000000001000000000000111111111111111111111111111111111
111111111111111000000000000000000001110110011110000000000000000000000000000100000000000011111111111111111111111111111111
111111111111111110000000000000000011111110101111100000000000000000110000000110000000000011111111111111111111111111111111
111111111111111111111000000000111111111110000111100000000000000000110000000011000000000001111111111111111111111111111111
111111111111111111111111111111111111111111100111100000000000000000010000000011100000000000111111111111111111111111111111
111111111111111111111111111111111111111111110001000000000000000000000000000011111000000000111111111111111111111111111111
111111111111111111111111111111111111111111110000000000000000000000000000000111111111111000101111111111111111111111111111
111111111111111111111111111111111111111111111000000000000000000000000000000111111111111111100111111111111111111111111111
