111111111111111111111111111111111111111111111111111111111111111111111111111111111111111111111111111111111111111111111111
111111111111111111111111111111111111111111111111111111111111111111111111111111111111111111111111111111111111111111111111
111111111111111111111111111111111111111111111111111111111111111111111111111111111111111111111111111111111111111111111111
111111111111111111111111111111111111111111111111111111111111111111111111111111111111111111111111111111111111111111111111
111111111111111111111111111111111111111111111111111111111111111111111111111111111111111111111111111111111111111111111111
111111111111111111111111111111111111111111111111111111111111111100011111111111111111111111111111111111111111111111111111
111111111111111111111111111111111111111111111111111111111111111100011111111111111111111111111111111111111111111111111111
111111111111111111111111111111111111111111111111111111111111111000111111111111111111111111111111111111111111111111111111
111111111111111111111111111111111111111111111111111111111111111000111111111111111111111111111111111111111111111111111111
111111111111111111111111111111111111111111111111111111111111110001111111111111111111111111111111111111111111111111111111
111111111111111111111111111111111111111111111111111111111111110001111111111111111111111111111111111111111111111111111111
111111111111111111111111111111111111111111111111111111111111110011111110000000000000011111111111111111111111111111111111
111111111111111111111111111111111111111111111111111111111111100011111000000000000000001111111111111111111111111111111111
111111111111111111111111111111111111111111111111111111111111100111110000000000000000000111111111111111111111111111111111
111111111111111111111111111111111111111111111111111111111111000111100000000000000000000011111111111111111111111111111111
111111111111111111111111111111111111111111111111111111111110000011110000000000000000000011111111111111111111111111111111
111111111111111111111111111111111111111111111111111111111110000000111100000000000000000011111111111111111111111111111111
111111111111111111111111111111111111111111111111111111111100000000111100000000000000000011111111111111111111111111111111
111111111111111111111111111111111111111111111111111111111100011000000110000000000000000011111111111111111111111111111111
111111111111111111111111111111111111111111111111111111111100111100000001000000000000000011111111111111111111111111111111
111111111111111111111111111111111111111111111111111111111000100000000000000000000000000011111111111111111111111111111111
111111111111111111111111111111111111111111111111111111111001000000000000000000000000000111111111111111111111111111111111
111111111111111111111111111111111111111111111111111111110001100000000000000000000000000111111111111111111111111111111111
111111111111111111111111111111111111111111111111111111110011100000000000000000000000000111111111111111111111111111111111
111111111111111111111111111111111111111111111111111111100111110000000000000000000000000111111111111111111111111111111111
111111111111111111111111111111111111111111111111111111000111111000000000000000000000001111111111111111111111111111111111
111111111111111111111111111111111111111111111111111111000111111111000000000000000000001111111111111111111111111111111111
111111111111111111111111111111111111111111111111111110000111111111110000000000000000011111111111111111111111111111111111
111111111111111111111111111111111111111111111111111100000000001111110000000000000000011111111111111111111111111111111111
111111111111111111111111111111111111111111111111111000000000000000000000000000000000111111111111111111111111111111111111
111111111111111111111111111111111111111111111111111100000000000000000000000000000000111111111111111111111111111111111111
111111111111111111111111111111111111111111111111111100100000000000000000000000000000111111111111111111111111111111111111
111111111111111111111111111111111111111111111111111000100000000000000000000000000000011111111111111111111111111111111111
111111111111111111111111111111111111111111111111111001000000000000000000000000000000001111111111111111111111111111111111
111111111111111111111111111111111111111111111111110000000000000000000000000000000000001111111111111111111111111111111111
111111111111111111111111111111111111111111111111110000000000000000010000000000000000001111111111111111111111111111111111
111111111111111111111111111111111111111111111111100011111100001111110000000000000000001111111111111111111111111111111111
111111111111111111111111111111111111111111111111100111111111111111100000000000000000001111111111111111111111111111111111
111111111111111111111111111111111111111111111111000111111111111111100000000000000000000111111111111111111111111111111111
111111111111111111111111111111111111111111111111000111111111111111000000000000000000000111111111111111111111111111111111
