111111111111111111111111111111111111111111111111111111111111111111111111111111111111111111111111111111111111111111111111
111111111111111111111111111111111111111111111111111111111111111111111111111111111111111111111111111111111111111111111111
111111111111111111111111111111111111111111000000111111111111111111111111111111111111111111111111111111111111111111111111
111111111111111111111111111111111111111000000000001111111111111111111111111111111111111111111111111111111111111111111111
111111111111111111111111111111111111111000000000000001111111111111111111111111111111111111111111111111111111111111111111
111111111111111111111111111111111111111000000000000000000111111111111111111111111111111111111111111111111111111111111111
111111111111111111111111111111111111100000000000000000000001111111111111111111111111111111111111111111111111111111111111
111111111111111111111111111111111100000000000000000000000000011111111111111111111111111111111111111111111111111111111111
111111111111111111111111111111111000000000000000000000000000001111111111111111111111111111111111111111111111111111111111
111111111111111111111111111111110000000000000000000000000000000111111111111111111111111111111111111111111111111111111111
111111111111111111111111111111110000000000000000000000000000000011111111111111111111111111111111111111111111111111111111
111111111111111111111111111111110000000000000000000000000000000011111111111111111111111111111111111111111111111111111111
111111111111111111111111111111111000000000000000000000000000000001111111111111111111111111111111111111111111111111111111
111111111111111111111111111111111100000000000000000000000000000000111111111111111111111111111111111111111111111111111111
111111111111111111111111111111111111111000000000000000000000000000011111111111111111111111111111111111111111111111111111
111111111111111111111111111111111111110000000000000000000000000000011110010111111111111111111111111111111111111111111111
111111111111111111111111111111111111111100000000000000000000000000011100000011111111111111111111111111111111111111111111
111111111111111111111111111111111111111111000000000000000000000000111000000000111111111111111111111111111111111111111111
111100011110000011111111111111111111111111110000000000000000000111100000000000000011111111111111111111111111111111111111
111110000000000001100000001111110001111111111110000000000000111110000000000000000000000011111111111111111111111111111111
111111000000000000000000000011111111111111110000000000000011110000000000000000000000000000000000000000001111111111111111
111111100000000000000000000001111111111100000000000000000001000000000000000000000000000000000000000000000000111111111111
111111110000000000000000000000111111111000000000000000000000000000000000000000000000000000000000000000000000001111111111
111111111100000000000010000000111111100000000000000000000000000000000000000000000000000000000000000000000000000011111111
111111111110000000000001000000011111100000000000000000000000000000000000000000000000000000000000000000000000000001111111
111111111110000000000000100000001111100000000000000000000000000000000000000000000000000000000000000000000000000000011111
111111111111000000000000100000000110000000000000000000000000000000000000000000000000000000000000000000000000000000001111
111111111111100000000000110000000000000000000000000000000000000000000000000000000000000000000000000000000000000000000111
111111111111111100000000001000000000000000000000000000000000000000010000000000000000000000000000000000000000000000000001
111111111111111111100000000000000000000000000000000000000000000111111111000000000000000000000000000000000000000000000000
111111111111111111111100000000000000000000000000000000001110011111111110000000000000000000000000000000000000000000000000
111111111111111111111110000000000000000000000000000000001110001111111110000000000000000000000000000000000000000000000000
111111111111111111111111100000000000000000000000000000011110011111111111000000000000000000000000000000000000000000000000
111111111111111111111111111000000000000000000000000000011100011111111111000000000000000000000000000000000000000000000000
111111111111111111111111111110000000000000000000000000011100111111111111100000000000000000000000000000000000000000000000
111111111111111111111111111111100000000000000000000000001100111111111111100000000000000000000000000000000000000000000000
111111111111111111111111111111110000000000000000000000000000111111111111110000000000000000000000000000000000000000000000
111111111111111111111111111111100000000000000000000000000000111111111111110110000000000000000000000000000000000000000000
111111111111111111111111111111000000000000000000000000000000000111111111111110000000000000000000000000000000000000000000
111111111111111111111111111111000000000000000000000000000000000001111111111111100000000000000000000000000000000000000000
