000000000000000000000000000000000000000000000110000000000000000000000000000000000000000000000000000000000000000000000000
000000000000000000000000000000000000000000111111000000000000000000000000000000000000000000000000000000000000000000000000
000000000000000000000000000000111111100011111111100000000000000000000000000000000000000000000000000000000000000000000000
000000000000000000000000011111111111111111111111100000000000000000000000000000000000000000000000000000000000000000000000
000000000000000000000011111111111111111111111111111000000000000000000000000000000000000000000000000000000000000000000000
000000111000000000001111111111111111111111111111111111000000000000000000000000000000000000000000000000000000000000000000
000000011000000000011111111111111111111111111111111111100000000000000000000000000000000000000000000000000000000000000000
000000001000000000111111111111111111111111111111111111110000000000000000000000000000000000000000000000000000000000000000
000000000000000000111111111111111111111111111111111111111000000000000000000000000000000000000000000000000000000000000000
000000000000000000111111111111111111111111111111111111111000000000000000000000000000000000000000000000000000000000000000
000000000000110011111111111111111111111111111111111111111000000000000000000000000000000000000000000000000000000000000000
000000000001111111111111111111111111111111111111111111111000000000000000000000000000000000000000000000000000000000000000
000000000011111111111111111111111111111111111111111111111000000000000000000000000000000000000000000000000000000000000000
000000000000111111111111111111111111111111111111111111111100000000000000000000000000000000000000000000000000000000000000
000000000000000101111111111111111111111111111111111111111110000000000000000000000000000000000000000000000000000000000000
000000000000000001111111111111111111111111111111111111111100000000000000000000000000000000000000000000000000000000000000
000000000000000001111111111111111111111111111111111111110000000000000000000000000000000000000000000000000000000000000000
000000000000000011111111111111111111111111111111111111110000000000000000000000000000000000000000000000000000000000000000
000000000000000011111111111111111111111111111111111111111000000000000000000000000000000000000000000000000000000000000000
000000000000000011111111111111111111111111111111111111111000000000000000000000000000000000000000000000000000000000000000
000000000000000011111111111111111111111111111111111111111100000000000000000000000000000000000000000000000000000000000000
000000000000000011111111111111111111111111111111111111111110000000000000000000000000000000000000000000000000000000000000
000000000000000011111111111111111111111111111111111111111111000000000000000000000000000000001000000000000000000000000000
000000000000000011111111111111111111111111111100001111111100110000000000000000000000000000000000000000000000000000000000
000000000000000010011111111111111111111111111111111000100000000000000000000000000000000000000000000000000000000000000000
000000000000000011111111111111111111111111111111111111110000000000000000000000000000000000000000000000000000000000000000
000000000000001111111111111111111111111111111111111111110000000000000000000000000000000000000000000000000000000000000000
000000000000000111111111111111111111111111111111111111111100000000000000000000000000000000000000000000000000000000000000
000000000000001111111111111111111111111111111111111111111110000000000000000000000000000000000000000000000000000000000000
000000000000001111111111111111111111111111111111111111111110000000000000000000000000000000000000000000000000000000000000
000000000000111111111111111111111111111111111111111111111111000000000000000000000000000000000000000000000000000000000000
000000000000111111111111111111111111111111111111111111111111100000000000000000000000000000000000000000000000000000000000
000000000000111111111111111111111111111111111111111111111111000000000000000000000000000000000000000000000000000000000000
000000000000111111111111111111111111111111111111111111111111100000000000000000000000000000000000000000000000000000000000
000000000001111111111111111111111111111111111111111111111111110000000000000000000000000000000000000000000000000000000000
000000000001111111111111111111111111111111111111111111111111110000000000000000000000000000000000000000000000000000000000
000000000000111111111111111111111111111111111111111111111111110000000000000000000000000000000000000000000000000000000000
000000000001111111111111111111111111111111111111110011111111111000000000000000000000000000000000000000000000000000000000
000000000001111111111111111111111111111111111111100011111111111000000000000000000000000000000000000000000000000000000000
000000000011111111111111111111111111111111111111100011111111111100000000000000000000000000000000000000000000000000000000
