111111111111111111111111111111111111111111111111111111111111111111111111111111111111111111111111111111111111111111111111
111111111111111111111111111111111111111111111111111111111111111111111111111111111111000111111111111111111111111111111111
111111111111111111111111111111111111111111111111111111111111111111111111111111110000000000111111111111111111111111111111
111111111111111111111111111111111111111111111111111111111111111111111111111111100000000000011111111111111111111111111111
111111111111111111111111111111111111111111111111111111111111111111111111100000000000000000011111111111111111111111111111
111111111111111111111111111111111111111111111111111111111111111111111100000000000000000000000111111111111111111111111111
111111111111111111111111111111111111111111111111111111111111111111110000000000000000000000000001111111111111111111111111
111111111111111111111111111111111111111111111111111111111111111111100000000000000000000000000000111111111111111111111111
111111111111111111111111111111111111111111111111111111111111111111000000000000000000000000000000111111111111111111111111
111111111111111111111111111111111111111111111111111111111111111111100000000000000000000000000000011111111111111111111111
111111111111111111111111111111111111111111111111111111111111111111100000000000000000000000000000011111111111111111111111
111111111111111111111111111111111111111111111111111111111111111111111000000000000000000000000000011111111111111111111111
111111111111111111111111111111111111111111111111111111111111111111110000000000000000000000000000011111111111111111111111
111111111111111111111111111111111111111111111111111111111111111111110000000000000000000000000000011111111111111111111111
111111111111111111111111111111111111111111111111111111111111111111111000000000000000000000000000011110111111111111111111
111111111111111111111111111111111111111111111111111111111111111111111100000000000000000000000000011100001111111111111111
111111111111111111111111111111111111111111111111111111111111111111111110011000000000000000000000010000000011111111111111
111111111111111111111111111111111111111111111111111111111111111111111111111000000000000000000000000000000000111111111111
111111111111111111111111111111111111111111111111111111111111111111111111111000000000000000000000000000000000001111111111
111111111111111111111111111111111111111111111111111111111111111111111111100000000000000000000000000000000000000001111111
111111111111111111111111111111100111111111111111000000011111111111111100000000000000000000000000000000000000000000001111
111111111111111111111111111111000000011111110000000000000000001111110000000000000000000000000000000000000000000000000000
111111111111111111111111111111100000000111111100000000000111111111000000000000000000000000000000000000000000000000000000
111111111111111111111111111111111000000011111111100000000111111110000000000000000000000000000000000000000000000000000000
111111111111111111111111111111111110000000111111110000000111111110000000000000000000000000000000000000000000000000000000
111111111111111111111111111111111111000000001111111000000011111100000000000000000000000000000000000000000000000000000000
111111111111111111111111111111111111000000000011111100000001111000000000000000000000000000000000000000000000000000000000
111111111111111111111111111111111111100000000000011100000000110000000000000000000000000000000000001000000000000000000000
111111111111111111111111111111111111110000000000000110000000000000000000000000000000000000000001111100000000000000000000
111111111111111111111111111111111111111000000000000001000000000000000000000000000000001111111111111100000000000000000000
111111111111111111111111111111111111111111100000000000000000000000000000000000000000000111111111111111000000000000000000
111111111111111111111111111111111111111111111111100000000000000000000000000000000000100111111111111110000000000000000000
111111111111111111111111111111111111111111111111111100000000000000000000000000000000100111111111111110000000000000000000
111111111111111111111111111111111111111111111111111111000000000000000000000000000000110111111111111111000000000000000000
111111111111111111111111111111111111111111111111111111111000000000000000000000000000010111111111111111010000000000000000
111111111111111111111111111111111111111111111111111111111111000000000000000000000000000011111111111111110000000000000000
111111111111111111111111111111111111111111111111111111111111100000000000000000000000000011111111111111111100010000000000
111111111111111111111111111111111111111111111111111111111111000000000000000000000000000001111111111111111110010000000000
111111111111111111111111111111111111111111111111111111111111000000000000000000000000000000011111111111111111100000000000
111111111111111111111111111111111111111111111111111111111111100000000000000000000000000000001111111111111111100000000001
