111111111100000000000000000011111111111111111111111111111111111110000000000000000000000000000000000000000000000000000000
111111111100000000000000000111111111111111111111111111111111111110000000000000000000000000000000000000000000000000000000
111111111100000000000000011111111111111111111111111111111111111110000000000000000000000000000000000000000000000000000000
111111111110000000000001111111111111111111111111111111111111111110000000000000000000000000000000000000000000000000000000
111111111110000000000111111111111111111111111111111111111111111110000000000000000000000000000000000000000000000000000000
111111111110000000001111111111111111111111111111111111111111111110000000000000000000000000000000000000000000000000000000
111111111110000000001110111111111111111111111111111111111111111110000000000000000000000000000000000000000000000000000000
111111111110000000001100101111111111111111111111111111111111111110000000000000000000000000000000000000000000000000000000
111111100000000000010000000001111111111111111111111111111111111110000000000000000000000000000000000000000000000000000000
111111100110000000000000000011111111111111111111111111111111111110000000000000000000000000000000000000000000000000000000
111111110100000000000000000111111111111111111111111111111111111110000000000000000000000000000000000000000000000000000000
111111111111000000000000011111111111111111111111111111111111111110000000000000000000000000000000000000000000000000000000
111111111111100000000001111111111111111111111111111111111111111110000000000000000000000000000000000000000000000000000000
111111101010000000000011111111111111111111111111111111111111111110000000000000000000000000000000000000000000000000000000
111100000000000000000000111111111111111111111111111111111111111110000000000000000000000000000000000000000000000000000000
111111100000000000000001111111111111111111111111111111111111111110000000000000000000000000000000000000000000000000000000
111111111100000000111111111111111111111111111111111111111111111110000000000000000000000000000000000000000000000000000000
111111111110000000001111111111111111111111111111111111111111111110000000000000000000000000000000000000000000000000000000
111111111111100000111111111111111111111111111111111111111111111110000000000000000000000000000000000000000000000000000000
111111111111111111111111111111111111111111111111111111111111111110000000000000000000000000000000000000000000000000000000
111111111111111111111111111111111111111111111111111111111111111110000000000000000000000000000000000000000000000000000000
111111111111111111111111111111111111111111111111111111111111111110000000000000000000000000000000000000000000000000000000
111111111111111111111111111111111111111111111111111111111111111110000000000000000000000000000000000000000000000000000000
111111111111111111111111111111111111111111111111111111111111111110000000000000000000000000000000000000000000000000000000
111111111111111111111111111111111111111111111111111111111111111110000000000000000000000000000000000000000001111111000000
111111111111111111111111111111111111111111111111111111111111111110000000000000000000000000000000000000000111111111100000
111111111111111111111111111111111111111111111111111111111111111110000000000000000000000000000000000000001111111111100000
111111111111111111111111111111111111111111111111111111111111111110000000000000000000000000000000000000011111111110000000
111111111111111111111111111111111111111111111111111111111111111110000000000000000000000000000000000001111111111000000000
111111111111111111111111111111111111111111111111111111111111111110000000000000000000000000000000011111111111111110000011
111111111111111111111111111111111111111111111111111111111111111110000000000000000000000000000001111111111111111111100011
111111111111111111111111111111111111111111111111111111111111111110000000000000000000000000000011111111111111111111111111
111111111111111111111111111111111111111111111111111111111111111110000000000000000000000000000011111111111110111111111111
111111111111111111111111111111111111111111111111111111111111111110000000000000000000000000000000011111111111111111111100
111111111111111111111111111111111111111111111111111111111111111110000000000000000000000000000000001111111111111111000000
111111111111111111111111111111111111111111111111111111111111111110000000000000000000000000000000001111111111111111000000
111111111111111111111111111111111111111111111111111111111111111110000000000000000000000000000000000110000111111111000000
111111111111111111111111111111111111111111111111111111111111111110000000000000000000000000000000000000001111111111000000
111111111111111111111111111111111111111111111111111111111111111110000000000000000000000000000000000000011111111111100000
111111111111111111111111111111111111111111111111111111111111111110000000000000000000000000000000000000011111111111110000
