000000000000000000000000000000000000011111111111111111111111111111111111111111111111111111111111111111111111110000000000
000000000000000000000000000000000000111111111111111111111111111111111111111111111111111111111111111111111111110000000000
000000000000000000000000000000000001111111111111111111111111111111111111111111111111111111111111111111111111110000000000
000000000000000000000000000000000011111111111111111111111111111111111111111111111111111111111111111111111111110000000000
000000000000000000000000000000000111111111111111111111111111111111111111111111111111111111111111111111111111110000000000
000000000111111000000000000000011111111111111111111111111111111111111111111111111111111111111111111111111111110000000000
000000111111111111111110000111111111111111111111111111111111111111111111111111111111111111111111111111111111110000000000
000001111111111111111111111111111111111111111111111111111111111111111111111111111111111111111111111111111111110000000000
000000111111111111111111111111111111111111111111111111111111111111111111111111111111111111111111111111111111110000000000
000000000000000001111111111111111111111111111111111111111111111111111111111111111111111111111111111111111111110000000000
000000000000000000011111111111111111111111111111111111111111111111111111111111111111111111111111111111111111110000000000
000000000000000000000001111111111111111111111111111111111111111111111111111111111111111111111111111111111111110000000000
000000000000000000000011111111111111111111111111111111111111111111111111111111111111111111111111111111111111110000000000
000000000000000000001111111111111111111111111111111111111111111111111111111111111111111111111111111111111111100000000000
000000000000000000011111111111111111111111111111111111111111111111111111111111111111111111111111111111111111100000000000
000000000000000000111111111111111111111111111111111111111111111111111111111111111111111111111111111111111111000000000000
000000000000000000000111111111111111111111111111111111111111111111111111111111111111111111111111111111111111000000000000
000000000000000000000111111111111111111111111111111111111111111111111111111111111111111111111111111111111111000000000000
000000000000000000000011111111111111111111111111111111111111111111111111111111111111111111111111111111111111000000000000
000000000000000000000001111111111111111111111111111111111111111111111111111111111111111111111111111111111111000000000000
000000000000000000000000111111111111111111111111111111111111111111111111111111111111111111111111111111111111000000000000
000000000000000000000000011111111111000000001111110000000000000000000011111000000000111111111111111111111111000000000000
000000000000000000000000000001110000000000000000000000000000000000000000000000000000000011111111111111111111000000000000
000000000000000000000000000000000000000000000000000000000000000000000000000000000000000000111111111111111111111000000000
000000000000000000000000000000000000000000000000000000000000000000000000000000000000000000001111111111111111111111000000
000000000000000000000000000000000000000000000000000000000000000000000000000000000000000000000011111111111110001111110000
000000000000000000000000000000000000000000000000000000000000000000000000000000000000000000000001111111111110000011111100
000000000000000000000000000000000000000000000000000000000000000000000000000000000000000000000000011111111100000000111110
000000000000000000000000000000000000000000000000000000000000000000000000000000000000000000000000001111111100000000000000
000000000000000000000000000000000000000000000000000000000000000000000000000000000000000000000000000111111000000000000000
000000000000000000000000000000000000000000000000000000000000000000000000000000000000000000000000000011111000000000000000
000000000000000000000000000000000000000000000000000000000000000000000000000000000000000000000000000011111100000000000000
000000000000000000000000000000000000000000000000000000000000000000000000000000000000000000000000000001111110000000000000
000000000000000000000000000000000000000000000000000000000000000000000000000000000000000000000000000000011000000000000000
000000000000000000000000000000000000000000000000000000000000000000000000000000000000000000000000000000000110000000000000
000000000000000000000000000000000000000000000000000000000000000000000000000000000000000000000000000000000001000000000000
000000000000000000000000000000000000000000000000000000000000000000000000000000000000000000000000000000000000000000000000
000000000000000000000000000000000000000000000000000000000000000000000000000000000000000000000000000000000000000000001111
000000000000000000000000000000000000000000000000000000000000000000000000000000000000000000000000000000000000011111111111
000000000000000000000000000000000000000000000000000000000000000000000000000000000000000000000000000000111111111111111111
