000000000000000000000000000000000000000000000000000000000000000011000000001111111111111111111111111111111111111111111111
000000000000000000000000000000000000000000000000000000000000000001100000000111111111111111111111111111111111111111111111
000000000000000000000000000000000000000000000000000000000000000000111000000011111111111111111111111111111111111111111111
000000000000000000000000000000000000000000000000000000000000000000000111111011111111111111111111111111111111111111111111
000000000000000000000000000000000000000000000000000000000000000000000000000000100011111111111111111111111111111111111111
000000000000000000000000000000000000000000000000000000000000000000000000000000010011111111111111111111111111111111111111
000000000000000000000000000000000000000000000000000000000000000000000000000001111111111111111111111111111111111111111111
000000000000000000000000000000000000000000000000000000000000000000000000011111111111111111111111111111111111111111111111
000000000000000000000000000000000000000000000000000000000000000000000000111111111111111111111111111111111111111111111111
000000000000000000000000000000000000000000000000000000000000000000000000001111111111111111111111111111111111111111111111
000000000000000000000000000000000000000000000000000000000000000000000000001111111111111111111111111111111111111111111111
000000000000111100000000000000000000000000000000000000000000000000000000001111111111111111111111111111111111111111111111
000000000011111111000000000000000000000000000000000000000000000000000000001111111111111111111111111111111111111111111111
000000001111111111100000000000000000000000000000000000000000000000000000000111111111111111111111111111111111111111111111
000000011111111111111000000000000000000000000000000000000000000000000000000011111111111111111111111111111111111111111111
000000111111111111111110000000000000000000000000000000000000000000000000000000001111111111111111111111111111111111110011
000001111111111111111111100000000000000000000000000000000000000000000000000000000011111111111111111111111111111111111111
000011111111111111111111111000000000000000000000000000000000000000000000000000000001111111111111111111111111111111111000
000111111111111111111111111100000000000000000000000000000000000000000000000000000011111111111111111111111111111111111000
000111111111111111111111111111000000000000000000000000000000000000000000000000001111111111111111111111111111111111111000
001111111111111111111111111111110000000000000000000000000000000000000001110000000111111111111111111111111111111111111100
001111111111111111111111111111111111111111111111111111111111111111111111111111111111111111111111111111111111111111111100
001111111111111111111111111111111111111111111111111111111111111111111111111111111111111111111111111111111111111111111100
001111111111111111111111111111111111111111111111111111111111111111111111111111111111111111111111111111111111111111111100
001111111111111111111111111111111111111111111111111111111111111111111111111111111111111111111111111111111111111111111110
001111111111111111111111111111111111111111000000000000000000000000000000000000111111111111111111111111111111111111111110
001111111111111111111111111111110011110000000000000000000000000000000000000000001111111111111111111111111111111111111111
000111111111111111111111111111000000000000000000000000000000000000000000000000001111111111111111111111111111111111111111
000111111111111111111111111100000000000000000000000000000000000000000000000000111111111111111111111111111111111111111111
000011111111111111111111111000000000000000000000000000000000000000000000000001111111111111111111111111111111111111111111
000011111111111111111111100000000000000000000000000000000000000000000000000111111111111111111111111111111111111111111111
000001111111111111111110000000000000000000000000000000000000000000000000001111111111111111111111111111111111111111111111
000000011111111111111000000000000000000000000000000000000000000000000000011111111111111111111111111111111111111111111111
000000001111111111110000000000000000000000000000000000000000000000000001111111111111111111111111111111111111111111111111
000000000111111111000000000000000000000000000000000000000000000000000111111110000111111111111111111111111111111111111111
000000000001111100000000000000000000000000000000000000000000000000001111111000000111111111111111111111111111111111111111
000000000000000000000000000000000000000000000000000000000000000000111111100000000111111111111111111111111111111111111111
000000000000000000000000000000000000000000000000000000000000000000111110000000001111111111111111111111111111111111111111
000000000000000000000000000000000000000000000000000000000000000000000000000000011111111111111111111111111111111111111111
000000000000000000000000000000000000000000000000000000000000000000000000000000011111111111111111111111111111111111111111
