111111111111111111111111111111111100000000000000000000000000000000000000000000000000000011111000000000000011111111111111
111111111111111111111111111111111111110000000000000000000000000000000000000000000000000111110000000000000011111111111111
111111111111111111111111111111111111110100000000000000010000000000000000000000000000001111110000000000000011111111111111
111111111111111111111111111111111111111110000000000000000000000000000000000000000000000111110000000000000001111111111111
111111111111111111111111111111111111111111000000000000000000000000000000000000000000111111110000000000000001111111111111
111111111111111111111111111111111111111111110000000000000000000000000000000000000000111111110000000000000001111111111111
111111111111111111111111111111111111111111111110010000000000000000000000000000000111011111110000000000000001111111111110
000111111111111111111111111111111111111111111111110000000000000001000001100100111111111111110000000000000001111111100000
000000011111111111111111111111111111111111111111111100000000000000010011100111111111111111110000000000000011111100000001
111100000000111111111111111111111111111111111111111100000000000000011111111111111111111111111000000000000000000000011111
111111100000000000000000000000000001111111111100000000000000000000000000011111111111100000000000000000000000000001111111
011111100000000000000000000000000000111110000000000000000000000000000000000001111110000000000000000000001110000000111110
001110000000011111111111100000100000011000000000000000000000000000000000000000011100000011000000000000011110000000011110
011100000000001111111110000000111000000000000000000000000000000000000000000000000000001110000000000010111100000000001111
111100000000000111111100000000011100000000000000000000000000000000000000000000000000011100000000000011111000000000000111
111100000000000111111000000000000000000000000000000000000000000000000000000000000000000000000000000111111000000000000111
111100000000000111111000000000000000000000000000000000000000000000000000000000000000000000000000000111111100000000001111
111110000000001111111000000000000000000000000000000000000000000000000000000000000000000000000000000111111100000000011111
111110000000011111111000000000000000000000000000000000000000000000000000000000000000000000000000001111111110000000011111
111111000000011111111100000000000000000000000000000000000000000000000000000000000000000000000000001111111110000000111111
111111000000111111111110000000000000000000111111111111111111111111111111111111111111111111111111111111111111111111111111
111111111111111111111111111111111111111111111111111111111111111111111111111111111111111111111111111111111111111111111111
111111111111111111111111111111111111111111111111111111111111111111111111111111111111111111111111111111111111111111111111
111111111111111111111111111111111111111111111111111111111111111111111111111111111111111111111111111111111111111111111111
111111111111111111111111111111111111111111111111110000000000000000000000000000000000000000011001111111111111111111111111
111111111111111111111111100000000000000000000000000000000000000000000000000000000000000000001101111111111111111111111111
111111111111111111111111110000000000000000000000000000000000000000000000000000000000000000000111111111111111111111111111
111111111111111111111111100000000000000000000000000000000000000000000000000000000000000000000111111111111111111111111111
111111111111111111111111000000000000000000000000000000000000000000000000000000000000000000000011111111111111111111111111
111111111111111111111111000000000000000000000000000000000000000000000000000000000000000000000001111111111111111111111111
111111111111111111111110000000000000000000000000000000000000000000000000000000000000000000000001111111111111111111111111
111111111111111111111110000000000000110000000000000000000000000000000000000000000000000000000000111111111111111111111111
111111111111111111111100000000000001110000000000000000000000000000000000000000000010000000000000111111111111111111111111
111111111111111111111100000000000011110000000000000000000000000000000000000000000011000000000000011111111111111111111111
111111111111111110000000000000000111110000000000000000000000000000000000000000000011100000000000000001111111111111111111
111111111111100000000000000000001111110000000000000000000000000000000000000000000011110000000000000000000111111111111111
111111111000000000000000000000011111110000000000000000000000000000000000000000000011111000000000000000000000011111111111
111111000000000000000000000000111111110000000000000000000000000000000000000000000011111100000000000000000000000001111111
110000000000000000000000000011111111100000000000000000000000000000000000000000000011111111000000000000000000000000000111
000000000000000000000000011111111111100000000000000000000000000000000000000000000001111111111000000000000000000000000000
