000000000000000000000000011111111111111111111111111111111111111111111111111111111111111111111111111111111111111111111111
000000000000000000000000011111111111111111111111111111111111111111111111111111111111111111111111111111111111111111111111
000000000000000100000000001111111111111111111111111111111111111111111111111111111111111111111111111111111111111111111111
000000111111111110000000000111000111111101111111111111111111111111111111111111111111111111111111111111111111111111111111
000000111111111111111111000000000001110000111111111111111111111111111111111111111111111111111111111111111111111111111111
000000011111111111111111100000000000000000111111111111111111111111111111111111111111111111111111111111111111111111111111
000000000001111111111111100000000000000000011111111111111111111111111111111111111111111111111111111111111111111111111111
000000000011111111111111100000000000000000111111111111111111111111111111111111111111111111111111111111111111111111111111
000000000011111111111111110000000000000000111111111111111111111111111111111111111111111111111111111111111111111111111111
000000000001111111111111111100000011100001111111111111111111111111111111111111111111111111111111111111111111111111111111
000000000000111111111111111111111111111101111111111111111111111111111111111111111111111111111111111111111111111111111111
000000000000011111111111111111111111111111111111111111111111111111111111111111111111111111111111111111111111111111111111
000000000000001111111111111111111111111110111111111111111111111111111111111111111111111111111111111111111111111111111111
000000000000011111111111111111111111111110111111111111111111111111111111111111111111111111111111111111111111111111111111
000000000000011111111111111111111111111110111111111111111111111111111111111111111111111111111111111111111111111111111111
000000000000011111111111111111111111111111011111111111111111111111111111111111111111111111111111111111111111111111111111
000000000000001111111111111111111111111111011111111111111111111111111111111111111111111111111111111111111111111111111111
000000000000001111111111111111111111111111111111111111111111111111111111111111111111111111111111111111111111111111111111
000000000000001111111111111111111111111111111111111111111111111111111111111111111111111111111111111111111111111111111111
000000000000001111111111111111111111111000111111111111111111111111111111111111111111111111111111111111111111111111111111
000000000000001111111111111111111111111000000000111111111111111111111111111111111111111111111111111111111111111111111111
000000000000001111111111111111111111111000000000011111111111111111111111111111111111111111111111111111111111111111111111
000000000000011111111111111111111111111000000000001111111111111111111111111111111111111111111111111111111111111111111111
000000000011111111111111111111111111111000000000001111111111111111111111111111111111111111111111111111111111111111111111
000000000011110111111111111111111111111000000000000111111111111111111111111111111111111111111111111111111111111111111111
000000000001001111111111111111111111111000000000000011111111111111111111111111111111111111111111111111111111111111111111
000000000000011111111111111111111111111000000000000001111111111111111111111111111111111111111111111111111111111111111111
000000000000111111111111111111111111111000000000000000111111111111111111111111111111111111111111111111111111111111111111
000000000011111111111111111111111111111000000000000000111111111111111111111111111111111111111111111111111111111111111111
000000001111111111111111111111111111111000000000000000111111111111111111111111111111111111111111111111111111111111111111
000000011111111111111111111111111111111000000000000000111111111111111111111111111111111111111111111111111111111111111111
000000111111111111111111111111111111111100000000000001111111111111111111111111111111111111111111111111111111111111111111
000001111111111111111111111111111111111100000000000001111111111111111111111111111111111111111111111111111111111111111111
000011111111111111111111111111111111111000000000000011111111111111111111111111111111111111111111111111111111111111111111
000010111111111111111111111111111111111000000000000011111111111111111111111111111111111111111111111111111111111111111111
000000000000111111111111111111111111111000000000000011111111111111111111111111111111111111111111111111111111111111111111
000000000000000001111111111111111110000000000000000011111111111111111111111111111111111111111111111111111111111111111111
000000000000000000011111001111000000000000000000000011111111111111111111111111111111111111111111111111111111111111111111
000000000000000000011110001111000000000000000000000000111111111111111111111111111111111111111111111111111111111111111111
000000000000000000011110001110000000000000000000000000111111111111111111111111111111111111111111111111111111111111111111
