000000000000000000000000000000000000000000000000000000000000000000000000000000000000000000000000000000000000000000000000
000000000000000000000000000000000000000000000000000000000000000000000000000000000000000000000000000000000000000000000000
000000000000000000000000000000000000000000000000000000000000000000000000000000000000000000000000000000000000000000000000
000000000000000000000000000000000000000000000000000000000000000000000000000000000000000000000000000000000000000000000000
000000000000000000000000000000000000000000000000000000000000000000000000000000000000000000000000000000000000000000000000
000000000000000000000000000000000000000000000000000000000000000000000000000000000000000000000000000000000000000000000000
000000000000000000000000000000000000000000000000000000000000000000000000000000000000000000000000000000000000000000000000
000000000000000000000000000000000000000000000000000000000000000000000000000000000000000000000000000000000000000000000000
000000000000000000000000000000000000000000000000000000000000000000000000000000000000000000000000000000000000000000000000
000000000000000000000000000000000000000000000000000000000000000000000000000000000000000000000000000000000000000000000000
000000000000000000000000000000000000000000000000000000000000000000000000001111000000000000000000000000000000000000000000
000000000000000000000000000000000000000000000000000000000000000000000000011111100000000000000000000000000000000000000000
000000000000000000000000000000000000000000000000000000000000000000000011111111110000000000000000000000000000000000000000
000000000000000000000000000000000000000000000000000000000000000000001101111111111111000000000000000000000000000000000000
000000000000000000000000000000000000000000000000000000000000000000000000111111111100000000000000000000000000000000000000
000000000000000000000000000000000000000000000000000000000000000000000000111111111000000000000000000000000000000000000000
000000000000000000000000000000000000000000000000000000000000000000000000111111110001000000000000000000000000000000000000
000000000000000000000000000000000000000000000000000000000000000000000000111111111111000000000000000000000000000000000000
000000000000000000000000000000000000000000000000000000000000000000000000001111111111111110000000000000000000000000000000
000000000000000000000000000000000000000000000000000000000000000000000000001111111111111111110000000000000000000000000000
000000000000000000000000000000000000000000000000000000000000000000000001111111111111111111111100000000000000000000000000
000000000000000000000000000000000000000000000000000000000000000000001111111111111111111111111000000000000000000000000000
000000000000010000000000000000000000000000000000000000000000000000000111111111111111111111111000000000000000000000000000
000000000000010000000000000000000000000000000000000000000000000000000000011110001111111111110000000000000000000000000000
000000000001111100000000000000000000000000000000000000000000000000000000001100001110001100000000000000000000000000000000
000000000001111100000000000000000000000000000000000000000000000000000000000000000000000000000000000000000000000000000000
000000001111111111000000000000000000000000000000000000000000000000000000000000000000000000000000000000000000000000000000
000000111111111111110000010000000000000000000000001110000000000000000000000000000000000000000000000000000000000000000000
000000111111111111111000111000000000000000000000011111000000000000000000000000000000000000000000000000000000000000000000
000000111111111111110001111100000000000000000000011111000000000000000000000000000000000000000000000000000000000000000000
000000111111111111110001111110000000000000000000011111000000000000000000000000000000000000000000000000000000000000000000
000001111111111111111111111111111111111111111000011111000000000000000000000000000000000000000000000000000000000000000000
111111111111111111111111111111111111111111111111011111000000000000000000000000000000000000000000000000000000000000000000
111111111111111111111111111111111111111111111111111111000000000000000000000000000000000000000000000000000000000000000000
111111111111111111111111111111111111111111111111111111000000000000000000000000000000000000000000000000000000000000000000
111111111111111111111111111111111111111111111111111111000000000000000000000000000000000000000000000000000000000000000000
111111111111111111111111111111111111111111111111111111000000000000000000000000000000000000000000000000000000000000000000
111111111111111111111111111111111111111111111111111111000000000000000000000000000000000000000000000000000000000000000000
111111111111111111111111111111111111111111111111111111000000000000000000000000000000000000000000000000000000000000000000
111111111111111111111111111111111111111111111111111111000000000000000000000000000000000000000000000000000000000000000000
