000000000000000000000000000000000111000000111000000000000000000000000000000000000000000000000000000000000000000000000000
000000000000000000000000000000000011110001111000010000000000000000000000000000000000000000000000000000000000000000000000
000000000000000000000000000000010001111101110011100000000000000000010000000000000000000000000000000000000000000000000000
000000000000000000000000000000001111111111111110000000000000000000010000000000000000000000100000000000000000000000000000
000000000000000000000000000000000000011111110000000000000000000000110000000000000000000000110000000000000000000000000000
000000000000000000000000000000000000011111111111011000000000000000110000000000000000011111111111000000000000000000000000
000000000000000000000000000000000111111111111111100000000000000000110000000000000000000111100110000000000000000000000000
000000000000000000000000000000000000111111111111000000000000000000111000000000000000000011100000000000000000000000000000
000000000000000000000000000000000000011111111111110000000000000000011111111111111100000111000000000000000000000000000000
000000000000000000000000000000000000111111111111111100000000000000011111111111111111011110000000000000000000000000000000
000000000000000000000000000000000001111111111111111111000000000000111111111111111111111000000000000000000000000000000000
000000000000000000000000000000000111111111111111111111100000000001111111111111111111111000000000000000000000000000000000
000000000000000000000000000000000111111111111111111111110000000001111111111111111111111000000000000000000000000000000000
000000000000000000000000000000000111111111111111111111110000000001111111111111111111111000000000000000000000000000000000
000000000000000000000000000000000111111111111111111111100000000001111111111111111111111000000000000000000000000000000000
000000000000000000000000000000001111111111111111111111100000000001111111111111111111111100000000000000000000000000000000
000000000000000000000000000000001111111111111111111111100000000001111111111111111111111100000000000000000000000000000000
000000000000000000000000000000001111111111111111111111100000000001111111111111111111111000000000000000000000000000000000
000000000000000000000000000000000111111111111111111111100000000001111111111111111111111000000000000000000000000000000000
000000000000000000000000000000000111111111111111111111100000110001111111111111111111111100000000000000000000000000000000
000000000000000000000000000000000111111111111111111111100111111001111111111111111111111100000000000000000000000000000000
000000000000000000000000000000001111111111111111111111100111111001111111111111111111111100000000000000000000000000000000
000000000000000000000000000000001111111111111111111111101111111101111111111111111111111100000000000000000000000000000000
000000000000000000000000000000001111111111111111111111111111111111111111111111111111111100000000000000000000000000000000
000000000000000000000000000000001111111111111111111111111111111111111111111111111111111100000000000000000000000000000000
000000000000000000000000000000011111111111111111111111101111111101111111111111111111111110000000000000000000000000000000
000000000000000000000000000000011111111111111111111111111110011111111111111111111111111110000000000000000000000000000000
000000000000000000000000000000011111111111111111111111111100001111111111111111111111111110000000000000000000000000000000
000000000000000000000000000000011111111111111111111111111000000111111111111111111111111110000000000000000000000000000000
000000000000000000000000000000001111111111111111111111100000000001111111111111111111111110000000000000000000000000000000
000000000000000000000000000000001111111111111111111111000000000000111111111111111111111100000000000000000000000000000000
000000000000000000000000000000001111111111111111111111000000000000111111111111111111111100000000000000000000000000000000
000000000000000000000000000000011111111111111111111111000000000000111111111111111111111110000000000000000000000000000000
000000000000000000000000000001111111111111111111101101000000000000101101111111111111111111111111000000000000000000000000
000000000000000000000000000011111111111111111111101101000000000000101101111111111111111111111111111110000000000000000000
000000000000000000000000000111111111111111111111000000000000000000000000111111111111111111111111111111100000000000000000
000000000000000000000000001111111111111111111111000000000000000000000000011111111111111111111111111111111000000000000000
000000000000000000000000011111111111111111111111100000000000000000000000111111111111111111111111111111111110000000000000
000000000000000000000000111111111111111111111111110000000000000000000000111111111111111111111111111111111111000000000000
000000000000000000000001111111111111111111111111110000000000000000000000111111111111111111111111111111111111100000000000
