111111111111111111111111111111111111111111111111111111111111111111111111111111111111111111111111111111111111111111111111
111111111111111111111111111111111111111111111111111111111111111111111111111111111111111011111111111111111111111111111111
111111111111111111111111111111111111111111111111111111111111111111111111111111111000000000011111111111111111111111111111
111111111111111111111111111111111111111111111111111111111111111111111111111111110000000000001111111111111111111111111111
111111111111111111111111111111111111111111111111111111111111111111111111100000000000000000001111111111111111111111111111
111111111111111111111111111111111111111111111111111111111111111111111100000000000000000000000111111111111111111111111111
111111111111111111111111111111111111111111111111111111111111111111110000000000000000000000000001111111111111111111111111
111111111111111111111111111111111111111111111111111111111111111111100000000000000000000000000000111111111111111111111111
111111111111111111111111111111111111111111111111111111111111111111100000000000000000000000000000011111111111111111111111
111111111111111111111111111111111111111111111111111111111111111111100000000000000000000000000000011111111111111111111111
111111111111111111111111111111111111111111111111111111111111111111110000000000000000000000000000011111111111111111111111
111111111111111111111111111111111111111111111111111111111111111111111000000000000000000000000000011111111111111111111111
111111111111111111111111111111111111111111111111111111111111111111100000000000000000000000000000011111111111111111111111
111111111111111111111111111111111111111111111111111111111111111111110000000000000000000000000000011111111111111111111111
111111111111111111111111111111111111111111111111111111111111111111111000000000000000000000000000001110111111111111111111
111111111111111111111111111111111111111111111111111111111111111111111000000000000000000000000001001000001111111111111111
111111111111111111111111111111111111111111111111111111111111111111111111110000000000000000000000100000000111111111111111
111111111111111111111111111111111111111111111111111111111111111111111111111000000000000000000000000000000001111111111111
111111111111111111111111111111111111111111111111111111111111111111111111111000000000000000000000000000000000001111111111
111111111111111111111111111111111111111111111111111111111111111111111111000000000000000000000000000000000000000011111111
111111111111111111111111111111111111111111110110000000011111111111111100000000000000000000000000000000000000000000001111
111111111111111111111111111110000001111111111100000000000000000111100000000000000000000000000000000000000000000000000000
111111111111111111111111111110000000011111111110000000000111111111000000000000000000000000000000000000000000000000000000
111111111111111111111111111111100000000111111111100000000111111110000000000000000000000000000000000000000000000000000000
111111111111111111111111111111111000000011111111110000000111111100000000000000000000000000000000000000000000000000000000
111111111111111111111111111111111110000000111111111000000011111100000000000000000000000000000000000000000000000000000000
111111111111111111111111111111111110000000000111111000000001111000000000000000000000000000000000000000000000000000000000
111111111111111111111111111111111111000000000000111100000000110000000000000000000000000000000000011000000000000000000000
111111111111111111111111111111111111100000000000001110000000000000000000000000000000000000000011111100000000000000000000
111111111111111111111111111111111111110000000000000010000000000000000000000000000000001111111111111000000000000000000000
111111111111111111111111111111111111111100000000000000000000000000000000000000000000000111111111111010000000000000000000
111111111111111111111111111111111111111111111110000000000000000000000000000000000000100111111111111110000000000000000000
111111111111111111111111111111111111111111111111111000000000000000000000000000000000100111111111111100000000000000000000
111111111111111111111111111111111111111111111111111110000000000000000000000000000000100111111111111110000000000000000000
111111111111111111111111111111111111111111111111111111110000000000000000000000000000110111111111111110000000000000000000
111111111111111111111111111111111111111111111111111111111110000000000000000000000000000011111111111111100000000000000000
111111111111111111111111111111111111111111111111111111111111100000000000000000000000000011111111111111111000000000000000
111111111111111111111111111111111111111111111111111111111111000000000000000000000000000001111111111111111100100000000000
111111111111111111111111111111111111111111111111111111111111000000000000000000000000000000011111111111111111000000000000
111111111111111111111111111111111111111111111111111111111111100000000000000000000000000000001111111111111111000000000000
