000000000000000000000000000000000000000000000000000000000000000000000000000000000000000000000000000000000000000000000000
000000000000000000000000000000000000000000000000000000000000000000000000000000000000000000000000000000000000000000000000
000000000000000000000000000000000000000000000000000000000000000000000000000000000000000000000000000000000000000000000000
000000000000000000000000000000000000000000000000000000000000000000000000000000000000000000000000000000000000000000000000
000000000000000000000000000000000000000000000000000000000000000000000000000000000000000000000000000000000000000000000000
000000000000000000000000000000000000000000000000000000000000000000000000000000000000000000000000000000000000000000000000
000000001100000000000000000000000000000000000000000000000000000000000000000000000000000000000000000000000000000000000000
001000000000000000000000000000000000000000000000000000000000000000000000000000000000000000000000000000000000000000000000
000000000000000000000000000000000000000000000000000001111110000111111111111111111111000000000000000000000000000000000000
000000000000000000000000000000000000000000000000000111111111111111111111111111111111111100000000000000000000000000000000
000000000000000000000000000000000000000000000000011111111111111111111111111111111111111111100000000000000000000000000000
000000000000000000000000000000000000000000000000111111111111111111111111111111111111111111111000000000000000000000000000
000000000000000000000000000000000000000000000111111111111111111111111111111111111111111111111110000000000000000000000000
000000000000000000000000000000000000000000011111111111111111111111111111111111111111111111111111100000000000000000000000
000000000000000000000000000000000000000000001111111111111111111111111111111111111111111111111111110000000000000000000000
000000000000000000000000000000000000000000000001011111111111111111111111111111111111111111111111111000000000000000000000
000000000000000000000000000000000000000000000000111111111111111111111111111111111111111111111111111100000000000000000000
000000000000000000000000000000000000000000000000111111111111111111111111111111111111111111111111111100000000000000000000
000000000000000000000000000000000000000000000000011111111111111111111111111111111111111111111111111110000000000000000000
000000000000000000000000000000000000000000000000001111111111111111111111111111111111111111111111111100000000000000000000
000000000000000000000000000000000000000000000000001111111111111001111111111111111111111111111111111000000000000000000000
000000000000000000000000000000000000000000000000001111111111111000111111111111111111111111111111110000000000000000000000
000000000000000000000000000000000000000000000000011111111111111000001100111111111111111111111111000000000000000000000000
000000000000000000000000000000000000000000000000000111111111111100010000000111011111111111110000000000000000000000000000
000000000000000000000000000000000000000000000000000001111111111111110000000000000000000000000000000000000000000000000000
000000000000000000000000000000000000000000000000000011111111111111100000000000000000000000000000000000000000000000000000
000000000000000000000000000000000000000000000000001111111111111110000001000000000000000000000000000000000000000000000000
000000000000000000000000000000000000000000000000111111111111111111100111000000000000000000000000000000000000000000000000
000000000000000000000000000000000000000000000001111111111111111110000000000000000000000000000000000000000000000000000000
000000000000000000000000000000000000000000000111111111111111111110000000000000000000000000000000000000000000000000000000
000000000000000000000000000000000000000000111111111111111111111111000000000000000000000000000000000000000000000000000000
000000000000000000000000000000000000001111111111111111111111111111000000000000000000000000000000000000000000000001100000
000000000000000000000000000000000011111111111111111111111111111111000000000000000000000000000000000000000000000001000000
000000000000000000000000000000001111111111111111111111111111111111000000000000000000000000000000000000000000000000000000
000000000000000000000000000000111111111111111111111111111111111111100000000000000000000000000000000000000000000000000000
000000000000000000000000000001111111111111111111111111111111111111100000000000000000000000000000000000000000000000000000
000000000000000000000000000011111111111111111111111111111111111111100000000000000000000000000000000000000000000000000001
000000000000000000000000000001111111111111111111111111111111111111110000000000000000000000000000000000000000000000000000
000000000000000000000000000000001111111111111111111111111111111111110000000000000000000000000000000000000000000000000000
000000000000000000000000000000000011111111111111111111111111111111111000000000000000000000000000000000000000000000000000
