000000000000000000000111111111111111111111111111111111111111000000000000000000000000000000000000000000000000000000000000
000000000000000000111111111111111111111111111111111111111111000000000000000000000000000000000000000000000000000000000000
000000000000000011111111111111111111111111111111111111111111000000000000000000000000000000000000000000000000000000000000
000000000000000111111111111111111111111111111111111111111111000000000000000000000000000000000000000000000000000000000000
000000000000011111111111111111111111111111111111111111111111000000000000000000000000000000000000000000000000000000000000
000000000000011111111111111111111111111111111111111111111111000000000000000000000000000000000000000000000000000000000000
000000000000011111111111111111111111111111111111111111111111000000000000000000000000000000000000000000000000000000000000
000000000000011111111111111111111111111111111111111111111111000000000000000000000000000000000000000000000000000000000000
000000000000111111111111111111111111111111111111111111111111000000000000000000000000000000000000000000000000000000000000
100000000000111111111111111111111111111111111111111111111111000000000000000000000000000000000000000000000000000000000000
100000000000011111111111111111111111111111111111111111111111000000000000000000000000000000000000000000000000000000000000
110000000000000000000001111111111111111111111111111111111111000000000000000000000000000000000000000000000000000000000000
111000000000110000000000001111111111111111111111111111111111000000000000000000000000000000000000000000000000000000000000
000000000000001111111111000000011111111111111111111111111111000000000000000000000000000000000000000000000000000000000000
000000000000000000011111111000011111111111111111111111111111000000000000000000000000000000000000000000000000000000000000
000000000000000000000111111111111111111111111111111111111111000000000000000000000000000000000000000000000000000000000000
000000000000000000000111111111111111111111111111111111111111000000000000000000000000000000000000000000000000000000000000
000000000000000000001111111111111111111111111111111111111111000000000000000000000000000000000000000000000000000000000000
110000000000111111111111111111111111111111111111111111111111000000000000000000000000000000000000000000000000000000000000
111100000011111111111111111111111111111111111111111111111111000000000000000000000000000000000000000000000000000000000000
111111111111111111111111111111111111111111111111111111111111000000000000000000000000000000000000000000000000000000000000
111111111111111111111111111111111111111111111111111111111111000000000000000000000000000000000000000000000000000000000000
111111111111111111111111111111111111111111111111111111111111000000000000000000000000000000000000000000000000000011000000
111111111111111111111111111111111111111111111111111111111111000000000000000000000000000000000000000000000001111111110000
111111111111111111111111111111111111111111111111111111111111000000000000000000000000000000000000000000000111111111100000
111111111111111111111111111111111111111111111111111111111111000000000000000000000000000000000000000000000011111111110000
111111111111111111111111111111111111111111111111111111111111000000000000000000000000000000000000000000000011111111100000
111111111111111111111111111111111111111111111111111111111111000000000000000000000000000000000000000000111111111111110000
111111111111111111111111111111111111111111111111111111111111000000000000000000000000000000000000000111111111111111110000
111111111111111111111111111111111111111111111111111111111111000000000000000000000000000000000000001111111111111111110000
111111111111111111111111111111111111111111111111111111111111000000000000000000000000000000000000011111111111111111111000
111111111111111111111111111111111111111111111111111111111111000000000000000000000000000000000000000011111111111111111100
111111111111111111111111111111111111111111111111111111111111000000000000000000000000000000000000000111111111111111111110
111111111111111111111111111111111111111111111111111111111111000000000000000000000000000000000000000111100110111111111110
111111111111111111111111111111111111111111111111111111111111000000000000000000000000000000000000000000000000111111111110
111111111111111111111111111111111111111111111111111111111111000000000000000000000000000000000000000000000001111111111111
111111111111111111111111111111111111111111111111111111111111000000000000000000000000000000000000000000000001111111111111
111111111111111111111111111111111111111111111111111111111111000000000000000000000000000000000000000000000011111111111111
111111111111111111111111111111111111111111111111111111111111000000000000000000000000000000000000000000000111111111111111
111111111111111111111111111111111111111111111111111111111111000000000000000000000000000000000000000000000111111111111111
