000000000000000000000000000000000000000110000111111111111111111111111111111111111001111111111111111111111111111111111000
000000000000000000000000000000000000000111001111111111111111111111111111111111111111111111111111111111111111111111111110
000000000000000000000000000000000000000011111111111111111111111111111111111111111111111111111111111111111111111111111111
000000000000000000000000000000000000000000111100001111111111111111111111111111111111111111111111111111111111111111111111
000000000000000000000000000000000000000000000111111001111111111111111111111111111111111111111111111111111111111111111111
000000000000000000000000000000000000000000000011000000001111111111111111111111111111111111111111111111111111111111111111
000000000000000000000000000000000000000000000000100000000111111111111111111111111111111111111111111111111111111111111111
000000000000000000000000000000000000000000000000001110011111111111111111111111111111111111111111111111111111111111111111
000000000000000000000000000000000000000000000000000000000001111111111111111111111111111111111111111111111111111111111111
000000000000000000000000000000000000000000000000000001111001111111111111111111111111111111111111111111111111111111111110
000000000000000000000000000000000000000000000000000111000011111111111111111111111111111111111111111111111111111111111110
000000000000000000000000000000000000000000000000011011111111111111111111111111111111111111111111111111111111111111111100
000000000000000000000000000000000000000000000000000011111111111111111111111111111111111111111111111111111111111111111110
000000000000000000000000000000000000000000000000000000111111111111111111111111111111111111111111111111111111111111111111
000000000000000000000000000000000000000000000000000000011111111111111111111111111111111111111111111111111111111111111111
000000000000000000000000000000000000000000000000000000000001111111111111111111111111111111111111111111111111111111111111
000000000000000000000000000000000000000000000000000000000001111111111111111111111111110111111111111111111111111111111111
000000000000000000000000000000000000000000000000000000000000111111111111111111111111110000111111111111111111111111111111
000000000000000000000000000000000000000000000000000000000000111111111111111111111111110000000111111111111111111111111111
000000000000000000000000000000000000000000000000000000000000111011111111111111111111111000000001111111111111111111111111
000000000000000000000000000000000111111111111100000000000000110011111111111111111111111000000000011111111111111111111111
000000000000000000000000000000111111111111111111111110000000111111111111111111111111111000000000000111111111111111111111
000000000000000000000000000000001111111111111111111111111000111111111111111111111111111000000000000011100011111111111111
000000000000000000000000000000000111111111111111111111111111111111111111111111111111111000000000000001110000001111111111
000000000000000000000000000000000001111111111111111111111111111111111111111111111111111000000000000000111100000001111111
000000000000000000000000000000000000111111111111111111111111111111111111111111111111111000000000000000001111000000011111
000000000000000000000000000000000000001111111111111111111111111111111111111111111111111000000000000000000001111110001111
000000000000000000000000000000000000000011111111111111111111111111111111111111111111111000000000000000000000000000111111
000000000000000000000000000000000000000001111111111111111111111111111111111111111111111000000000000000000000000000000000
000000000000000000000000000000000000000000011111111111111111111111111111111111111111111000000000000000000000000000000000
000000000000000000000000000000000000000000011111111111111111111111111111111111111111111100000000000000000000000000000000
000000000000000000000000000000000000000000111111111111111111111111111111111111111111111100000000000000000000000000000000
000000000000000000000000000000000000000001111111111111111111111111111111111111111111111100000000000000000000000000000000
000000000000000000000000000000000000000000111111111111111111111111111111111111111111111110000000000000000000000000000000
000000000000000000000000000000000000000000011111111111111111111111111111111111111111111110000000000000000000000000000000
000000000000000000000000000000000000000000001111111111111111111111111111111111111111111111000000000000000000000000000000
000000000000000000000000000000000000000000011111111111111111111111111111111111111111111111100000000000000000000000000000
000000000000000000000000000000000000000000011111000001111111111111111111111111111111111111100000000000000000000000000000
000000000000000000000000000000000000000000000000000001111111111111111111111111111111111111110000000000000000000000000000
000000000000000000000000000000000000000000000000000001111111111111111111111111111111111111111000000000000000000000000000
