111111111111111111111111111111111111111111110000000000011111111111111111111111111111111111111111111111111111111111111111
111111111111111111111111111111111111111111100000000000000111111111111111111111111111111111111111111111111111111111111111
111111111111111111111111111111111111111111100000000000000111111111111111111111111111111111111111111111111111111111111111
111111111111111111111111111111111111111100000000000000001111111111111111111111111111111111111111111111111111111111111111
111111111111111111111111111111111111100000000000000000000111111111111111111111111111111111111111111111111111111111111111
111111111111111111111111111111111111000000000000000000000111111111111111111111111111111111111111111111111111111111111111
111111111111111111111111111111111111110000000000000000001111111111111111111111111111111111111111111111111111111111111111
111111111111111111111111111111111111110000000000000000001111111000000000000000011111111111111111111111111111111111111111
111111111111111111111111111111111110000000000000000000001110000000000000000000000001111111111111111111111111111111111111
111111111111111111111111111111111000111000000000000000001000000000000000000000000000111111111111111111111111111111111111
111111111111111111111111111111110011110000000000000000000000000000000000000000000000001111111111111111111111111111111111
111111111111111111111111111111100111100000000000000000000000000000000000000000000000000111111111111111111111111111111111
111111111111111111111111111111111111000011000000000000000000000000000000000000000000000011111111111111111111111111111111
111111111111111111111111111111111111111111000000000000000000000000000000000000000000000001111111111111111111111111111111
111111111111111111111111111111111111111111100000000000100000000000000000000000000000000001111111111111111111111111111111
111111111111111111111111111111111111111111100000000000111100000000000000000000000000000000111111111111111111111111111111
111111111111111111111111111111111111111111000000000000111000000000000000000000000000000000111111111111111111111111111111
111111111111111111111111111111111111111110000000000000011000000000000000000000000000000000111111111111111111111111111111
111111111111111111111111111111111111111000000000000000000100000000000000000000000000000000111111111111111111111111111111
111111111111111111111111111111111111100000000000000000000000000000000000000000000000000000111111111111111111111111111111
111111111111111111111111111111111111000000000000000000000000100000000000000000000000000000111111111111111111111111111111
111111111111111111111111111111111110000000000000000000000000000000000000000000000000000001111111111111111111111111111111
111111111111111111111111111111111100000000000000000000000000000000000000000000000000000001111111111111111111111111111111
111111111111111111111111111111110000000000000000000000000000000000000000000000000000000001111111111111111111111111111111
111111111111111111111111111111100000000000000000000000000000000000000000000000000000000001111111111111111111111111111111
111111111111111111111111111110000000000000000000000000000000000000000000000000000000000001111111111111111111111111111111
111111111111111111111111111100000000000000000000000000000000000000000000000000000000000001111111111111111111111111111111
111111111111111111111111110000000000000000000000000000000000000000000000000000000000000001111111111111111111111111111111
111111111111111111111111100000000000000000000000000000000000000000000000000000000000000001111111111111111111111111111111
111111111111111111111110000000000000000000000000000000000000000000000000000000000000000001111111111111111111111111111111
111111111111111111111100000000000000000000000000000000000000000000000000000000000000000001111111111111111111111111111111
111111111111111111111100000000000000000000000000000000000000000000000000000000000000000001111111111111111111111111111111
111111111111111111111100000000000000000000000000000000000000000000000000000000000000000000111111111111111111111111111111
111111111111111111111110000000000000000000000000000000000000000000000000000000000000000000111111111111111111111111111111
111111111111111111111111100000000000000000000000000000000000000000000000000000000000000000111111111111111111111111111111
111111111111111111111111111000000000000000000000000010000000000000000000000000000000000000111111111111111111111111111111
111111111111111111111111111111100000111111000000011111100000000000000000000000000000000000111111111111111111111111111111
111111111111111111111111111111111111111111110000011111100000000000000000000000000000000000011111111111111111111111111111
111111111111111111111111111111111111111111110000001111100000000000000000000000000000000000011111111111111111111111111111
111111111111111111111111111111111111111111111000001111110000000000000000000000000000000000111111111111111111111111111111
