000000000000000000000000000000000000000000000000000000000000000000000000000000000000000000000000000000000000000000000000
000000000000000000000000000000000000000000000000000000000000000000000000000000000000000000000000000000000000000000000000
000000000000000000000000000000000000000000000000000000000000000000000000000000000000000000000000000000000000000000000000
000000000000000000000000000000000000000000000000000000000000000000000000000000000000000000000000000000000000000000000000
000000000000000000000000000000000000000000000000000000000000000000000000000000000000000000000000000000000000000000000000
000000000000000000000000000000000000000000000000000000000000000000000000000000000000000000000000000000000000000000000000
000000000000000000000000000000000000000000000000000000000000000000000000000000000000000000000000000000000000000000000000
000000000000000000000000000000000000000000000000000000000000000000000000000000000000000000000000000000000000000000000000
000000000000000000000000000000000000000000000000000000000000000000000000000000000000000011111111110000000000000000000000
000000000000000000000000000000000000000000000000000000000000000000000000000000000001111111111111111110000000000000000000
000001111110000000000000000000000000000000000000000000000000000000000000000000000011111111111111111111000000000000000000
000011111110000000000000000000000000000000000000000000000000000000000000000000000111111111111111111111111110000000000000
000001111111111111111100000000000001111111111111111110000000000000000000000001111111111111111111111111111111000000000000
000000011111111111111111111111111111111111111111111111111111100000000000000011111111111111111111111111100000000000000000
000000001111111111111111111111111111000000000000000111111111111111100000000000111111111111111111111111110000000000000000
000000001111111111111111111110000000000000000000000000000001111111111111000011111111111111111111111111110000000000000000
000000011111111111111110000000000000000000000000000000000000000001111111111111111111111111111111111111000000000000000000
000000011111111111111110000000000000000000000000000000000000000000000011111111111111111111111111110000000000000000000000
000000011111111111111100000000000000000000000000000000000000000000000000000111111111111111111111111110000000000000000000
000000111111111111111100000000000000000000000000000000000000000000000000000000111111111111111111111111000000000000000000
000000111111111111111000000000000000000000000000000000000000000000000000000000111111111111111111111111000000000000000000
000000111111111111111000000000000000000000000000000000000000000000000000000001111111111111111111111100000000000000000000
000000111111111111111000000000000000000000000000000000000000000000000000000011111111111111111111110000000000000000000000
000001111111111111111000000000000000000000000000000000000000000000000000000111111111111111111111111100000000000000000000
000001111111111111110000000000000000000000000000000000000000000000000000001111111111111111111111111111100000000000000000
000001111111111111110000000000000000000000000000000000000000000000000000001111111111111111111111111111111000000000000000
000001111111111111110000000000000000000000000000000000000000000000000000001111111111111111111111111111111111000000000000
000001111111111111110000000000000000000000000000000000000000000000000000011111111111111111111111111111111111100000000000
000000111111111111100000000000000000000000000000000000000000000000000000111111111111111111111111111111111111111000000000
000000111111111111100000000000000000000000000000000000000000000000000001111111111111111111111111111111111111111110000000
000000111111111111100000000000000000000000000000000000000000000000000000111111111111111111111100001111111111111111000000
000000111111111111100000000000000000000000000000000000000000000000000000011111111111111111111000000000000000001111100000
000000111111111111100000000000000000000000000000000000000000000000000000000000111111111111110000000000000000000111111000
000000011111111111100000000000000000000000000000000000000000000000000000000001111111111111110000000000000000000001111100
000000011111111111100000000000000000000000000000000000000000000000000000000011111111111111110000000000000000000000111110
000000001111111111100000000000000000000000000000000000000000000000000000000111111111111111111000000000000000000000011111
000000001111111111110000000000000000000000000000000000000000000000000000011111111111111111111000000000000000000000001111
000000000111111111110000000000000000000000000000000000000000000000000000111111111111111111111100000000000000000000000111
000000000011111111111000000000000000000000000000000000000000000000000001111111111111111111111100000000000000000000000111
000000000001111111111000000000000000000000000000000000000000000000000011111111111111111111111110000000000000000000000011
