111111111111111111111111111111111111111111111111111111111111111111111111111111111111111111111111111111111111111111111111
111111111111111111111111111111111111111111111111111111111111111111111111111111111111111111111111111111111111111111111111
111111111111111111111111111111111111111111111111111111111111111111111111111111111111111111111111111111111111111111111111
111111111111111111111111111111111111111111111111111111111111111111111111111111111111111111111111111111111111111111111111
111111111111111111111111111111111111111111111111111111111111111111111111111111111111111111111111111111111111111111111111
111111111111111111111111111111111111111111111111111111111111111111111111111111111111111111111111111111111111111111111111
111111111111111111111111111111111111111111111111111111111111111111111111111111111111111111111111111111111111111111111111
111111111111111111111111111111111111111111111111111111111111111111111111111111111111111111111111111111111111111111111111
111111111111111111111111111111111111111111111111111111111111111111111111111111111111111111111111111111111111111111111111
111111111111111111111111111111111111111111111111111111111111111111111111111111111111111111111111111111111111111111111111
111111111111111111111111111111111111111111111111111111111111111111111111111111111111111111111111111111111111111111111111
111111111111111111111111111111111111111111111111111111111111111111111111111111111111111111111111111111111111111111111111
111111111111111111111111111111111111111111111111111111111111111111111111111111111111111111111111111111111111111111111111
111111111111111111111111111111111111111111111111111111111111111111111111111111111111111111111111111111111111111111111111
111111111111111111111111111111111111111111111111111111111111111111111111111111111111111111111111111111111111111111111111
111111111111111111111111111111111111111111111111111111111111111111111111111111111111111111111111111111111111111111111111
111111111111111111111111111111111111111111111111111111111111111111111111111111111111111111111111111111111111111111111111
111111111111111111111111111111111111111111111111111111111111111111111111111111111111111111111111111111111111111111111111
111111111111111111111111111111111111111111111111111111111111111111111111111111111111111111111111111111111111111111111111
111111111111111111111111111111111111111111111111111111111111111111111111111111111111111111111111111111111111111111111111
111111111111111111111111111111111111111111111111111111111111111111111111111111111111111111111111111111111111111111111111
111111111111111111111111111111111111111111111111111111111111111111111111111111111111111111111111111111111111111111111111
111111111111111111111111111111111111111111111111111111111111011111111111111111111111111111111111111111111111111111111111
111111111111111111111101111111111111111111111111111111111110001111111111111111111111111111111111111011111111111111111111
111111111111111111111000011111111111111111111111111111110000000001111111111111111111111111111111110000001111111111111111
111111111111111111100000001111111111111111111111111111111000000001111111111111111111111111111111100000000011111111111111
111111111111111110000000000111111111111111111111111111111000000001111111111111111111111111111111100000000001111111011111
111111111111111110000000000111111111111111111111111111111000000001111111111111111111111111111111100000000011111101111111
111111111111111111100000000011111111111111111111111111100000000000111111111111111111111111111111110000000011110111111111
111111111111111111100000000111111111111111111111111111100000000000111111111111111111111111111111110000000000000011111111
111111111111111111000000001111111111111111111111111111110000000000001111111111111111111111111111100000000000000000000000
111111111111111111000000000111111111111111111111111111110000000000001111111111111111111111111111110000000000111000000000
111111111111111111000000000111111111111111111111111111100000001111111111111111111111111111111111111000000000111111111111
111111111111111000000000000111111111111111111111111111110000000111111111111111111111111111111111111000000000111111111111
000000110000000001100000000111111111111111111111111111100000000001111111111111111111111111111111111000000001111111111111
000000000000000110000000000111111111111111111111111111100000000000111111111111111111111111111111110000000001111111111111
000000000000000000000000000001111111111111111111111111100000000000001111111111111111111111111111100000000000111111111111
100000000000000000000000000000111111111111111111111111100000000000000111111111111111111111111111100000000000011111111111
111110000000000000000000000000011111111111111111111111110000000000000011111111111111111111111111000000000000011111111111
111111111000000000000000000000001111111111111111111111110000000000000011111111111111111111111110000000000000001111111111
