000000000000000000000000000000000000000000000000000000000000000000000000000000000000000000000000000000000000000000000000
000000000000000000000000000000000000000000000000000000000000000000000000000000000000000000000000000000000000000000000000
000000000000000000000000000000000000000000000000000000000000000000000000000000000000000000000000000000000000000000000000
000000000000000000000000000000000000000000000000000000010000000000000000000000000000000000000000000000000000000000000000
000000000000000000000000000000000000000000011000000011110000000000000000000000000000000000000000000000000000000000000000
000000000000000000000000000000000000000000011111111111110000000000000000000000000000000000000000000000000000000000000000
000000000000000000000000000000000000000000001111111111111111111111000000000000000000000000000000000000000000000000000000
000000000000000000000000000000000000000000001111111111111111111111111111111000000000000000000000000000000000000000000000
000000000000000000000000000000000000000111111111111111111111111111111111111111111000000000000000000000000000000000000000
000000000000000000000000000000000000001111111111111111111111111111111111111111110000000000000000000000000000000000000000
000000000000000000000000000000000000000011111111111111111111111111111111111111100000000000000000000000000000000000000000
000000000000000000000000000000000000000000001111111111111111111111111111111111110000000000000000000000000000000000000000
000000000000000000000000000000000000000000111111111111111111111111111111111111111100000000000000000000000000000000000000
000000000000000000000000000111111000000001111111111111111111111111111111101111110110000000000000000000000000000000000000
000000000000000000000001111111111111111011111111111111111111111111111111100000000000000000000000000000000000000000000000
000000000000000000000111111111111111111111111111111111111111111111111111000000000000000000000000000000000000000000000000
000000000000000000001111111111111111111100111111111111111111111111111111000000000000000000000000000000000000000000000000
000000000000000000111111111111110011111110011111111111111111111111111111000000000000000000000000000000000000000000000000
000000000000000001111111111110000000000000001111111111111111111111111111000000000000000000000000000000000000000000000000
000000000000000111111111100000000000000000001111111111111111111111111111100000000000000000000000000000000000000000000000
000000000000001111111111100000000000000000011111111111111111111111111111100000000000000000000000000000000000000000000000
000000000000011111111111000000000000000000011111111111111111111111111111100000000000000000000000000000000000000000000000
000000000000011111111110000000011111100001111111111111111111111111111111110000000000000000000000000000000000000000000000
000000000000111111111110000001111111111111111111111111111111111111111111110000000000000000000000000000000000000000000000
000000000000111111111100111111111111111111111111111111111111111111111111111000000000000000000000000000000000000000000000
000000000001111111111111111111111111111111111111111111111111111111111111111100000000000000000000000000000000000000000000
000000000001111111111111111111111111111111111111111111111111111111111111111110000000000000000000000000000000000000000000
000000000011111111111111111111111111111111111111111111111111111111111111111111000000000000000000000000000000000000000000
000000000001111111111111111111111111111100001111111111111111111111111111111111000000000000000000000000000000000000000000
000000000001111111111110000100000000000000001111111111111111111111111111111111000000000000000000000000000000000000000000
000000000000000000000000000000000000000000001111111111111111111111111111111110000000000000000000000000000000000000000000
000000000000000000000000000000000000000000001111111111111111111111111111111111000000000000000000000000000000000000000000
000000000000000000000000000000000000000000001111111111111111111111111111111111000000000000000000000000000000000000000000
000000000000000000000000000000000000000000001111111111111111111111111111111111000000000000000000000000000000000000000000
000000000000000000000000000000000000000000001011111111111111111111111111111111100000000000000000000000000000000000000000
000000000000000000000000000000000000000000001001111111111111111111111111111111100000000000000000000000000000000000000000
000000000000000000000000000000000000000000000001111111111111111111111111111111110000000000000000000000000000000000000000
000000000000000000000000000000000000000000000000111111111111111111111111111111111000000000000000000000000000000000000000
000000000000000000000000000000000000111111111111111111111111111111111111111111111000000000000000000000000000000000000000
000000000000000000000000000000000011111111111111111111111111111111111111111111111000000000000000000000000000000000000000
