000000000000000000000000000000000000000001111111111111111111111111111111111111111111111111111111111111111111111111111110
000000000000000000000000000000000000000000111000111111111111111111111111111111111111111111111111111111111111111111111111
000000000000000000000000000000000000000000001111111111111111111111111111111111111111111111111111111111111111111111111111
000000000000000000000000000000000000000000000110000000111111111111111111111111111111111111111111111111111111111111111111
000000000000000000000000000000000000000000000001000000011111111111111111111111111111111111111111111111111111111111111111
000000000000000000000000000000000000000000000000011000001111111111111111111111111111111111111111111111111111111111111111
000000000000000000000000000000000000000000000000000000000111111111111111111111111111111111111111111111111111111111111111
000000000000000000000000000000000000000000000000000000000101111111111111111111111111111111111111111111111111111111111110
000000000000000000000000000000000000000000000000000000000111111111111111111111111111111111111111111111111111111111111100
000000000000000000000000000000000000000011111111111000001111111111111111111111111111111111111111111111111111111111111100
000000000000000000000000000000000000111111111111111110111111111111111111111111111111111111111111111111111111111111111111
000000000000000000000000000000000111111111111111111110011111111111111111111111111111111111111111111111111111111111111111
000000000000000000000000000000011111111111111111111111111111111111111111111111111111111111111111111111111111111111111111
000000000000000000000000000001111111111111111111101111111111111111111111111111111111111111111111111111111111111111111111
000000000000000000000000000111111111111111111111001111111111111111111111111111111111111111111111111111111111111111111111
000000000000000000000000001111111111111111111110000111111111111111111111111111111110001111111111111111111111111111111111
000000000000000000000000011111111111111111111100000011111111111111111111111111111110000001111111111111111111111111111111
000000000000000000000000011111111111111111111000000000000111111111111111111111111111000000001111111111111111111111111111
000000000000000000000000000001111111111111110000000000000011111111111111111111111111100011011111111111111111111111111111
000000000000000000000000000000000111111111110000000000000011111111111111111111111111100000000000111111111111111111111111
000000000000000000000000000000000000011111111000000000000011111111111111111111111111100000000000100000111111111111111111
000000000000000000000000000000000000011111111100000000000011111111111111111111111111100000000000010000000011111111111111
000000000000000000000000000000000000011111111000000000000001111111111111111111111111110000000000001000000000001111111111
000000000000000000000000000000000000011111111100000000000001111111111111111111111111110000000000000010000000000011111111
000000000000000000000000000000000000000111111110000000111001111111111111111111111111110000000000000000011110011111111111
000000000000000000000000000000000000000011111111000001111111111111111111111111111111111000000000000000000000000000001111
000000000000000000000000000000000000000001111111100011111111111111111111111111111111111000000000000000000000000000000100
000000000000000000000000000000000000000000111111110000111111111111111111111111111111111100000000000000000000000000000010
000000000000000000000000000000000000000000111111111011111111111111111111111111111111111100000000000000000000000000000001
000000000000000000000000000000000000000000011111111111111111111111111111111111111111111110000000000000000000000000000000
000000000000000000000000000000000000000000001111111111111111111111111111111111111111111110000000000000000000000000000000
000000000000000000000000000000000000000000000111111111111111111111111111111111111111111111000000000000000000000000000000
000000000000000000000000000000000000000000000011111111111111111111111111111111111111111111000000000000000000000000000000
000000000000000000000000000000000000000000000011111110011111111111111111111111111111111111100000000000000000000000000000
000000000000000000000000000000000000000000000111111000011111111111111111111111111111111111110000000000000000000000000000
000000000000000000000000000000000000000000011111100000011111111111111111111111111111111111111000000000000000000000000000
000000000000000000000000000000000000000000001100000000111111111111111111111111111111111111111100000000000000000000000000
000000000000000000000000000000000000000000000000000000111111111111111111111111111111111111111110000000000000000000000000
000000000000000000000000000000000000000000000000000001111111111111111111111111111111111111111110000000000000000000000000
000000000000000000000000000000000000000000000000000001111111111111111111111111111111111111111111000000000000000000000000
