111111111111111111111111111111111111111100000000000000000000110000000000000000000000111111111111111111111111111111111111
111111111111111111111111111111111111111100000000000000000000000000000000000000000000001111111111111111111111111111111111
111111111111111111111111111111111111111110000000000000000000000000000000000000000000000011111111111111111111111111111111
111111111111111111111111111111111111111111000000000000000000000000000000000000000000000001111111111111111111111111111111
111111111111111111111111111111111111111111110000000000000000000000000000000000000000000000011111111111111111111111111111
111111111111111111111111111111111111111111111110000000000000000000000000000000000000000000000111111111111111111111111111
111111111111111111111111111111111111111111111111100000000000000000000000000000000000000000000011111111111111111111111111
111111111111111111111111111111111111111111111111000000000000000000000000000000000000000000000000111111111111111111111111
111111111111111111111111111111111111111111111110000000000000000000000000000000000000000000000000011111111111111111111111
111111111111111111111111111111111111111111111100000000000000000000000000000000000000000000000000001111111111111111111111
111111111111111111111111111111111111111111111100000000000000000000000000000000000000000000000000000111111111111111111111
111111111111111111111111111111111111111111111100000000000000000000000000000000000000000000000000000111111111111111111111
111111111111111111111111111111111111111111111000000000000000000000000000000000000000000000000000000011111111111111111111
111111111111111111111111111111111111111111111000000000000000000000000000000000000000000000000000000001111111111111111111
111111111111111111111111111111111111111111111100000000000000000000000000000000000000000000000000000001111111111111111111
111111111111111111111111111111111111111111111100000000000000000000000000000000000000000000000000000000111111111111111111
111111111111111111111111111111111111111111111110000000000000000000000000000000000000000000000000000000111111111111111111
111111111111111111111111111111111111111111111111100000000000000000000000000000000000000000000000000000011111111111111111
111111111111111111111111111111111111111111111111111111100000000000000000000000000000000000000000000000011111111111111111
111111111111111111111111111111111111111111111111111111111110000000000000000000000000000000000000000000011111111111111111
111111111111111111111111111111111111111111111111111111111110000000000000000000000000000000000000000001011111111111111111
111111111111111111111111111111111111111111111111111111111111000000000000000000000000000000000000000000111111111111111111
111111111111111111111111111111111111111111111111111111111111000000000000011000000000000000000000000000011111111111111111
111111111111111111111111111111111111111111111111111111111111000000010000001100000000000000000000010000011111111111111111
111111111111111111111111111111111111111111111111111111111111100000011000001100000000000000000000011000001111111111111111
111111111111111111111111111111111111111111111111111111111111100000011100010000000000000000000000001111011111111111111111
111111111111111111111111111111111111111111111111111111111111100000001100000000000000000000000000000111111111111111111111
111111111111111111111111111111111111111111111111111111111111110000011110000000000000000000000000000111111111111111111111
111111111111111111111111111111111111111111111111111111111111111000011100000000000000000000000000000011111111111111111111
111111111111111111111111111111111111111111111111111111111111111100010000000000000000000000000000000001111111111111111111
111111111111111111111111111111111111111111111111111111111111111100110000000000000000000000000000000000111111111111111111
111111111111111111111111111111111111111111111111111111111111111110100000000000000000000000000000000000001111111111111111
111111111111111111111111111111111111111111111111111111111111111110000000000000000000000000000000000000001111111111111111
111111111111111111111111111111111111111111111111111111111111111111000000000000000000000000000000000000001111111111111111
111111111111111111111111110000000000011111111111111111111111111111000000000000000000000000000000000100000111111111111111
111111111111111111111110000000000000000111111111111111111111111110000000000000000000000000000000000000000111111111111111
111111111111111111111100000000000000000011111111111111111111111110000000000000000000000000000000000010000011111111111111
111111111111111111111000000000000000000011111111111111111111111110000000000000000000000000000000000010000001111111111111
111111111111111111111100000000000000000001111111111111111111111110000000000000000000000000000000000001000001111111111111
111111111111111111111100000000000000000000000000000000000000000000000000000000000000000000000000000001000000111111111111
