000000000000000000000000000000000000000000000000000000000000000000000000000000000000000000000000000000000000000000000000
000000000000000000000000000000000000000000000000000000000000000000000000000000000000000000000000000000000000000000000000
000000000000000000000000000000000000000000000000000111100000000000000000000000000000000000000000000000000000000000000000
000000000000000000000000000000000000000000000000001111111111000000000000000000000000000000000000000000000000000000000000
000000000000000000000000000000000000000000000000011111111111110000001111111000000000000000000000000000000000000000000000
000000000000000000000000000000000000000000000000111111111111111111111111111000000000000000000000000000000000000000000000
000000000000000000000000000000000000000000000000011111111111111111111111110000000000000000000000000000000000000000000000
000000000000000000000000000000000000000000000000000011111111111111111111110000000000000000000000000000000000000000000000
000000000000000000000000000000000000000000000000000111111111111111111111100000000000000000000000000000000000000000000000
000000000000000000000000000000000000000000000000001111111111111111111111110000000000000000000000000000000000000000000000
000000000000000000000000000000000000000000000000001111111111111111111111110000000000000000000000000000000000000000000000
000000000000000000000000010000000000000000000000011111111111111111111111100000000000000000000000000000000000000000000000
000000000000000000000000101111000000000000000000011111111111111111111111000000000000000000000000000000000000000000000000
000000000000000000000001111111100000000000000000111111111111111111111000000000000000000000000000000000000000000000000000
000000000000000000010001111111100000000000000000111111111111111111110000000000000000000000000000000000000000000000000000
000000000000000000001001111111100000000000000000111111111111111111110000000000000000000000000000000000000000000000000000
000000000000000000000111111111110000000000000001111111111111111111111100000000000000000000000000000000000000000000000000
000000000000000000000111111111110000000000000011111111111111111111111110000000000000000000000000000000000000000000000000
000000000000000000000011111111110000000000000111111111111111111111111111100000000000000000000000000000000000000000000000
000000000000000000000001111111110000000000001111111111111111111111111111110000000000000000000000000000000000000000000000
000000000000000000000000111111100000000000011111111111111111111111111111111100000000000000000000000000000000000000000000
000000000000000000000001111110000000000000111111111111111111111111111111111100000000000000001111110000000000000000000000
000000000000000000011111111111111111000001111111111111111111111111111111111100000000000000111111111100000000000000000000
000000000000000000000000001111111111111111111111111111111111111111111111111100000000000000111111111100000000000000000000
000000000000000000000000000000111111111111111111111111111111111111111111111100000000000000000111111000000000000000000000
000000000000000000000000000000000001111111111111111111111111111111111011111111111110000000000011000000000000000000000000
000000000000000000000000000000000000000011111111111111111111111111111001111111111111111111111111110000000000000000000000
000000000000000000000000000000000000000000000111111111111111111111111000011111111111111111111111111111000000000000000000
000000000000000000000000000000000000000000000111111111111111111111111100000000000000111110011110000000000000000000000000
000000000000000000000000000000000000000000000000111111111111111111111100000000000000000000000000000000000000000000000000
000000000000000000000000000000000000000000000000111111111111111111111100000000000000000000000000000000000000000000000000
000000000000000000000000000000000000000000000000011111111111111111111100000000000000000000000000000000000000000000000000
000000000000000000000000000000000000000000000000011111111111111111111110000000000000000000000000000000000000000000000000
000000000000000000000000000000000000000000000000111111111111111111111111000000000000000000000000000000000000000000000000
000000000000000000000000000000000000000000000001111111111111111111111111100000000000000000000000000000000000000000000000
000000000000000000000000000000000000000000000011111111111111111111111111110000000000000000000000000000000000000000000000
000000000000000000000000000000000000000000000111111111111111111111111111111000000000000000000000000000000000000000000000
000000000000000000000000000000000000000000000111111111111111111111111111111000000000000000000000000000000000000000000000
000000000000000000000000000000000000000000001111111111111111111111111111111100000000000000000000000000000000000000000000
000000000000000000000000000000000000000000001111111111111111111111111111111110000000000000000000000000000000000000000000
