111111111111111111111111100000000000000011111111111111111111111111111111111111111111111111111111111111111111111111111111
111111111111111111110000000000000000000000011111111111111111110000011111111111111111111111111111111111111111111111111111
111111111111111111110000000000000000000000001111111111111100010011111111111111111111111111111111111111111111111111111111
111111111111111111110000000000000000000000000111111110000011111111111111111111111111111111111111111111111111111111111111
111111111111111111111000000000000000000000001111100000111111111111111111111111111111111111111111111111111111111111111111
111111111111111111111110000000000000000000000000011111111111111111111111111111111111111111111111111111111111111111111111
111111111111111111111100000000000000000000000111111111111111111111111111111111111111111111111111111111111111111111111111
111111111111111111111100000000000000000000000110001111111111111111111111111111111111111111111111111111111111111111111111
111111111111111111111100000000000000000000000000000000001111111111111111111111111111111111111111111111111111111111111111
111111111111111111111100000000000000000000000000000000000011111111111111111111111111111111111111111111111111111111111111
111111111111111111111000000000000000000000000000000000000111111111111111111111111111111111111111111111111111111111111111
111100000000011100000000000000000000000000000000000000001111111111111111111111111111111111111111111111111111111111111111
100000000000000000100000000000000000000000000000000000001111111111111111111111111111111111111111111111111111111111111111
000000000000001111000000000000000000000000000000000000111111111111111111111111111111111111111111111111111111111111111111
000000000000111100000000000000000000000000000000000001111111111111111111111111111111111111111111111111111111111111111111
000000000000111000000000000000000000000000000000001111111111111111111111111111111111111111111111111111111111111111111111
110000000000000000000000000000000000000000000001111111111111111111111111111111111111111111111111111111111111111111111111
111000000000000000000000000000000000000000000011111111111111111111111111111111111111111111111111111111111111111111111111
111100000000000000000000000000000000000000000011111111111111111111111111111111111111111111111111111111111111111111111111
111110000000000001111111000000000000000000000001111111111111111111111111111111111111111111111111111111111111111111111111
111111000000011111111111110000000000000000000001111111111111111111111111111111111111111111111111111111111111111111111111
111111111111111111111111111000000000000000000000111111111111111111111111111111111111111111111111111111111111111111111111
111111111111111111111111111100000000000000000000111111111111111111111111111111111111111111111111111111111111111111111111
111111111111111111111111111100000000000000000000111111111111111111111111111111111111111111111111111111111111111111111111
111111111111111111111111111100000000000000000000111111111111111111111111111111111111111111111111111111111111111111111111
111111111111111111111111111111000000000000000001111111111111111111111111111111111111111111111111111111111111111111111111
111111111111111111111111111110000000000000000011111111111111111111111111111111111111111111111111111111111111111111111111
111111111111111111111111111000000000000000000001111111111111111111111111111111111111111111111111111111111111111111111111
111111111111111111111111110000000000000000000000111111111111111111111111111111111111111111111111111111111111111111111111
111111111111111111111111100000000000000000000000011111111111111111111111111111111111111111111111111111111111111111111111
111111111111111111111111000000000000000000000000011111111111111111111111111111111111111111111111111111111111111111111111
111111111111111111111110000000000000000000000000011111111111111111111111111111111111111111111111111111111111111111111111
111111111111111111111100000000000000000000000000001111111111111111111111111111111111111111111111111111111111111111111111
111111111111111111111000000000000000000000000000001111111111111111111111111111111111111111111111111111111111111111111111
111111111111111111110000000000000000000000000000001111111111111111111111111111111111111111111111111111111111111111111111
111111111111111111000000000000000000000000000000001111111111111111111111111111111111111111111111111111111111111111111111
111111111111111110000000000000000000000000000000000111111111111111111111111111111111111111111111111111111111111111111111
111111111111111000000000000000000000000000000000000111111111111111111111111111111111111111111111111111111111111111111111
111111111111100000000000000000000000000000000000000111111111111111111111111111111111111111111111111111111111111111111111
111111111110000000000000000000000000000000000000000111111111111111111111111111111111111111111111111111111111111111111111
