111111111111111111111111111111111111111111111111111111111111111111111111111111111111111111111111111111110000000000000000
111111111111111111111111111111111111111111111111111111111111111111111111111111111111111111111111111111111000000000000000
111111111111111111111111111111111111111111111111111111111111111111111111111111111111111111111111111111111000000000000000
111111111111111111111111111111111111111111111111111111111111111111111111111111111111111111111111111111111100000000000000
111111111111111111111111111111111111111111111111111111111111111111111111111111111111111111111111111111111000000000000000
111111111111111111111111111111111111111111111111111111111111111111111111111111111111111111111111111111100000000000000000
111111111111111111111111111111111111111111111111111111111111111111111111111111111111111111111111111110000000000000000000
111111111111111111111111111111111111111111111111111111111111111111111111111111111111111111111111111000000000000000000000
111111111111111111111111111111111111111111111111111111111111111111111111111111111111111111111111100000000000000000000000
111111111111111111111111111111111111111111111111111111111111111111111111111111111111111111111111000000000000000000000000
111111111111111111111111111111111111111111111111111111111111111111111111111111111111111111111110000000000000000000000000
111111111111111111111111111111111111111111111111111111111111111111111111111111111111111111111110000000000000000000000000
111111111111111111111111111111111111111111111111111111111111111111111111111111111111111111111000000000000000000000000000
111111111111111111111111111111111111111111111111111111111111111111110111111111111111111111111000000000000000000000000000
111111111111111111111111111111111111111111111111111111111111111111110011111111111111111111110000000000000000000000000000
111111111111111111111111111111111111111111111111111111111111111111110001111111111111111111111000000000000000000000000000
111111111111111111111111111111111111111111111111111111111111111111111000111111111111111111111000000000000000000000000000
111111111111111111111111111111111111111111111111111111111111111111111000011111111111111111111100000000000000000000000000
111111111111111111111111111111111111111111111111111111111111111111111100001111111111111111111100000000000000000000000000
111111111111111111111111111111111111111111111111111111111111111111111100000111111111111111111110000000000000000000000000
111111111111111111111111111111111111111111111111111111111111111111111110000011111111111111111111100000000000000000000000
111111111111111111111111111111111111111111111111111111111111111000000000000000111111111111111111111000000000000000000000
111111111111111111111111111111111111111111111111111111111111100000000000000000001111111111111111111111110010000000000000
111111111111111111111111111111111111111111111111111111111111100000000000000000001111111111111111111111111110000000000000
111111111111111111111111111111111111111111111111111111111111110000000000000000001111111111111111111111111100000000000000
111111111111111111111111111111111111111111111111111111111111100000000000000000001111111111111111111111111100000000000000
111111111111111111111111111111111111111111111111111111111111000000000000000000001111111111111111111111111111000000000000
111111111111111111111111111111111111111111111111111111111110000000000000000000000111111111111111111111111111111000000000
111111111111111111111111111111111111111111111111111111111100000000000000000000000111111111111111111111111111111100000000
111111111111111111111111111111111111111111111111111111111100000000000000000011100011111111111111111111111111111111110000
111111111111111111111111111111111111111111111111111111111000000000000000001111100001111111111111111111111111111111111000
111111111111111111111111111111111111111111111111111111111000000000000000111111110001111111111111111111111111111111111111
111111111111111111111111111111111111111111111111111111111000000000000011111111111000111111111111111111111111111111111110
111111111111111111111111111111111111111111111111111111110000000000000011111111111100011111111111111111111111111111000000
111111111111111111111111111111111111111111111111111111111000000000000001111111111110011111111111111111111111111000000000
111111111111111111111111111111111111111111111111111111111000000000000001111111111111101111111111111110000000000000000000
111111111111111111111111111111111111111111111111111111111000000000000000111111111111111111111110000000000000000000000000
111111111111111111111111111111111111111111111111111111111100000000000000011111111111111111111100000000000000000000000000
111111111111111111111111111111111111111111111111111111111100000000000000011111111111111111111000000000000000000000000000
111111111111111111111111111111111111111111111111111111111110000000000000001111111111111100000000000000000000000000000000
