111111111111111111111111111111111111111111000000000000000000000000000000111111111111111111111111111111111111111111111111
111111111111111111111111111111111111111111100000000000000000000000000001111111111111111111111111111111111111111111111111
111111111111111111111111111111111111111111110000000000000000000000000011111111111111111111111111111111111111111111111111
111111111111111111111111111111111111111111111000000000000000000000000111111111111111111111111111111111111111111111111111
111111111111111111111111111111111111110000111110000000000000000000011111111111111111111111111111111111111111111111111111
111111111111111111111111111111111111100000000000000000000000000000001111111111111111111111111111111111111111111111111111
111111111111111111111111111111111000000000000000000000000000000000000111111111111111111111111111111111111111111111111111
111111111111111111111111111111111110000000000000000000000000000000000011111111111111111111111111111111111111111111111111
111111111111111111111111111111111111000000000000000000000000000000000011111111111111111111111111111111111111111111111111
111111111111111111111111111111111111000000000110000000000000000000000011111111111111111111111111111111111111111111111111
111111111111111111111111111111111111100000000111000000000000000000000111111111111111111111111111111111111111111111111111
111111111111111111111111111111111111000000000011100000000000000000001111111111111111111111111111111111111111111111111111
111111111111111111111111111111111111100000000011111000000000000000111111111111111111111111111111111110000111111111111111
111111111111111111111111111111111111100000000011111111110000001111111100000000000011111111111110000000001111111111111111
111111111111111111111111111111111111100000000011111111111000001111110000000000000000001100000000000000111111111111111111
111111111111111111111111111111111111100000000001111111111100111111000000000000000000000000000000001111111111111111111111
111111111111111111111111111111111111100000000001111111111111111111000000000000000000000000000000011111111111000000000000
111111111111111111111111111111111111001000000000111111111111110000000000000000000000000000000000000000000000000000000011
111111111111111111111111111111111111000000000000111111111111100000000000000000000000000000000000000000000000000000000001
111111111111111111111111111111111111100010000000001111111111000000000000000000000000000000000000000000000011000000001111
111111111111111111111111111111111111000011000000000001111100000000000000000000000000000000000000000011111111111100000011
111111111111111111111111111111111111010011110000000000011000000000000000000000000000000000000000000011111111111111111111
111111111111111111111111111111111110011011111100000000000100000000000000000000000000000000000000000000111111111111111111
111111111111111111111111111111111111000111111111000000000000000000000000000000000000000000000000000000011111111111111111
111111111111111111111111111111111111010111111111110000000000000000000000000000000000000000000000000000001111111111111111
111111111111111111111111111111111111000111111111111100000000000000000000000000000000000000000000000000001111111111111111
111111111111111111111111111111111110110111111111111111000000000000000000000000000000000000000000000000011111111111111111
111111111111111111111111111111111110110111111111111111110000000000000000000000000000000000000000000001111111111111111111
111111111111111111111111111111111110000111111111111111110000000000000000000000000000000000000000000111111111111111111111
111111111111111111111111111111111110001111111111111111000000000000000000000000000000000000000000111111111111111111111111
111111111111111111111111111111111110000111111111111110000000000000000000000000000000000000000111111111111111111111111111
111111111111111111111111111111111110110111111111111000000000000000000000000000000000000011111111111111111111111111111111
111111111111111111111111111111111110100111111111111000000000000000000000000000000000011111111111111111111111111111111111
111111111111111111111111111111111110001111111111110000000000000000000000000000000000011111111111111111111111111111111111
111111111111111111111111111111111110101111111111000000000000000000000000000000000000011111111111111111111111111111111111
111111111111111111111111111111111100001111111110000000000000000000000000000000000000111111111111111111111111111111111111
111111111111111111111111111111111101101111111100000000000000000000000000000000000000111111111111111111111111111111111111
111111111111111111111111111111111100001111111000000000000000000000000000000000000000111111111111111111111111111111111111
111111111111111111111111111111111100001111111000000000000000000000000000000000000000011111111111111111111111111111111111
111111111111111111111111111111111100011111110000000000000000000000000000000000000000011111111111111111111111111111111111
