111111111111111111111111111111111111111111111111111111111111111111111111111111111111111111111111111111111111111111111111
111111111111111111111111111111111111111111111111111111111111111111111111111111111111001111111111111111111111111111111111
111111111111111111111111111111111111111111111111111111111111111111111111111111110000000000000001111111111111111111111111
111111111111111111111111111111111111111111111111111111111111111111111111111111111000000000000000000111111111111111111111
111111111111111111111111111111111111111111111111111111111111111111111111111111111100000000111000000111111111111111111111
111111111111111111111111111111111111111111111111111111111111111111111111111111111100000000000011101111111111111111111111
111111111111111111111111111111111111111111111111111111111111111111111111111111111000000000000000000000001111111111111111
111111111111111111111111111111111111111111111111111111111111111111111111111111100000000000000000000000000001111111111111
111111111111111111111111111111111111111111111111111111111111111111111111111110000000000000000000000000000011111111111111
111111111111111111111111111111111111111111111111111111111111111111111111100000000000000000000000000000000111111111111111
111111111111111111111111111111111111111111111111111111111111111111111110000000000000000000000000000000000111111111111111
111111111111111111111111111111111111111111111111111111111111111111111100000000000000000000000000000000000011111111111111
111111111111111111111111111111111111111111111111111111111111111111111111000000000000000000000000000000000001111111111111
111111111111111111111111111111111111111111111111111111111111111111111111111000000000000000000000000000000000111111111111
111111111111111111111111111111111111111111111111111111111111111111111111111100000000000000000000000000000000111111111111
111111111111111111111111111111111111111111111111111111111111111111111111111100000000000000000000000000000000011111111111
111111111111111111111111111111111111111111111111111111111111111111111111111100000000000000000000000000000000001111111111
111111111111111111111111111111111111111111111111111111111111111111111111111100000000000000000000000000000000001111111111
111111111111111111111111111111111111111111111111111111111111111111111111111100000000000000000000000000000000001111111111
111111111111111111111111111111111111100000011111111111111111111111111111111100000000000000000000000000000000011111111111
111111111111111111111111111000111111111000000001111111111111111111111111111110000000000000000000000000000000011111111111
111111111111111111111111111110000000000000000000000001111111111111111111111111100000000000000000000000000111111111111111
111111111111111111111111111111110000000000000000000000011111111111111111111111111100000000000000000000011111111111111111
111111111111111111111111111111111111100000000000000000001111111111111111111111111100000000000000000000000000111111111111
111111111111111111111111111111111111111111100000000000001111111111111111100000000000000000000000000000000000000000111111
111111111111111111111111111111111111111111110000000000000111111111100000000000000000000000000000000000000000000000001111
111111111111111111111111111111111111111111111000000000000111111110000000000000000000000000000000000000000000000000000111
111111111111111111111111111111111111111111111110000000000011100000000000000000000000000000000000000000000000000000000111
111111111111111111111111111111111111111111111110000000000000000000000000000000000000000000000000000000000000000000000111
111111111111111111111111111111111111111111111111000000000000000000000000000000000000000000000000000000000000000000000011
111111111111111111111111111111111111111111111111100000000000000000000000000000000000000000000000000000000000000000000001
111111111111111111111111111111111111111111111111110000000000000000011111111111100000000000000000000000000000000000000011
111111111111111111111111111111111111111111111111111100000000011111111111111111100000000000000000000000000000000000000011
111111111111111111111111111111111111111111111111111111111111111111111111111111100000000000000000000000000000000000000001
111111111111111110000000000000111111111111111111111111111111111111111111111111110000000000000000000000000000000000000000
000000000000000000000000000000001111111111111111111111111111111111111111111111110000000000000000000000000000000000000000
000000000000000000000000000000000011111111111111111111111111111111111111111111111000000000000000000000000000000000000000
000000000000000000000000000000000000000000111111111111111111111111111111111111111000000000000000000000000000000000000000
000000000000000000000000000000000000000000000000000111111111111111111111111111111100000000000000000000000000000000000000
000000000000000000000000000000000000000000000000000000000001111111111111111111111110000000000000000000000000000000000000
