000000000000000000000000000000000000000000000000000000000000000000000000000000000000000000000000000000000000000000000000
000000000000000000000000000000000000000000000000000000000000000000000000000000000000000000000000000000000000000000000000
000000000000000000000000000000000000000000000000000000000000000000000000000000000000000000000000000000000000000000000000
000000000000000000000000000000000000000000000000000000000000000000000000000000000000000000000000000000000000000000000000
000000000000000000000000000000000000000000000000000000000000000000000000000000000000000000000000000000000000000000000000
000000000000000000000000000000000000000000000000000000000000000000000000000000000000000000000000000000000000000000000000
000000000000000000000000000000000000000000000000000000000000000000000000000000000000000000000000000000000000000000000000
000000000000000000000000000000000000000000000000000000000000000000000000000000000000000000000000000000000000000000000000
000000000000000000000000000000000000000000000000000000000000000000000000000000000000000000000000000000000000000000000000
000000000000000000000000000000000000000000000000000000111100011111111000000000000000000000000000000000000000000000000000
000000000000000000000000000000000000000000000000000001111111111111110011000000000000000000000000000000000000000000000000
000000000000000000000000000000000000000000000000000000001111111111110000000000000000000000000000000000000000000000000000
000000000000000000000000000000000000000000000000000000000000111111111111000000000000000000000000000000000000000000000000
000000000000000000000000000000000000000000000000000000000111001111111111100000000000000000000000000000000000000000000000
000000000000000000000000000000000000000000000000000000000111001111111111111000000000000000000000000000000000000000000000
000000000000000000000000000000000000000000000000000000000000111111111001111000000000000000000000000000000000000000000000
000000000000000000000000000000000000000000000000000000000000111111111101111000000000000000000000000000000000000000000000
000000000000000000000000000000000000000000000000000000000000011011111111111000000000000000000000000000000000000000000000
000000000000000000000000000000000000000000000000000000000001100001111111111111111100000000000000000000000000000000000000
000000000000000000000000000000001111111110000000000000000011001111111111111111111111111111111111000000000000000000000000
000000000000000000000000000000000000111111111111111111111111111111111111111111111111111111111111111000000000000000000000
000000000000000000000000000000000000000000000011110000000001111111111111111111111111111111111111111100000000000000000000
000000000000000000000000000000000000000000000000000000000000000000000111110000011111111111111111111100000000000000000000
000000000000000000000000000000000000000000000000000000000000000000000111110000000000000000111111100000000000000000000000
000000000000000000000000000000000000000000000000000000000000000000000000000000000000000000000000000000000000000000000000
000000000000000000000000000000000000000000000000000000000000000000000000000000000000000000000000000000000000000000000000
000000000000000000000000000000000000000000000000000000000000000000000000000000000000000000000000000000000000000000000000
000000000000000000000000000000000000000000000000000000000000000000000000000000000000000000000000000000000000000000000000
000000000000000000000000000000000000000000000000000000000000000000000000000000000000000000000000000000000000000000000000
000000000000000000000000000000000000000000000000000000000000000000000000000000000000000000000000000000000000000000000000
000000000000000000000000000000000000000000000000000000000000000000000000000000000000000000000000000000000000000000000000
000000000000000000000000000000000000000000000000000000000000000000000000000000000000000000000000000000000000000000000000
000000000000000000000000000000000000000000000000000000000000000000000000000000000000000000000000000000000000000000000000
000000000000000000000000000000000000000000000000000000000000000000000000000000000000000000000000000000000000000000000000
000000000000000000000000000000000000000000000000000000000000000000000000000000000000000000000000000000000000000000000000
000000000000000000000000000000000000000000000000000000000000000000000000000000000000000000000000000000000000000000000000
000000000000000000000000000000000000000000000000000000000000000000000000000000000000000000000000000000000000000000000000
000000000000000000000000000000000000000000000000000000000000000000000000000000000000000000000000000000000000000000000000
000000000000000000000000000000000000000000000000000000000000000000000000000000000000000000000000000000000000000000000000
000000000000000000000000000000000000000000000000000000000000000000000000000000000000000000000000000000000000000000000000
