000000000000000000000000000000000000000000000111111111111111111111111111111111111111111111111111111111111111111111111111
000000000000000000000000000000000000000000000111111111111111111111111111111111111111111111111111111111111111111111111111
000000000000000000000000000000000000000000000111111111111111111111111111111111111111111111111111111111111111111111111111
000000000000000000000000000000000000000000000111111111111111111111111111111111111111111111111111111111111111111111111111
000000000000000000000000000000000000000000100111111111111111111111111111111111111111111111111111111111111111111111111111
000000000000000000000000000000000000000000111001111111111111111111111111111111111111111111111111111111111111111111111111
000000000000000000000000000000000000000000111000011111111111111111111111111111111111111111111111111111111111111111111111
000000000000000000000000000000000000000000011000001111111111111111111111111111111111111111111111111111111111111111111111
000000000000000000000000000000000000000000000000000111111111111111111111111111111111111111111111111111111111111111111111
000000000000000000000000000000000000000000000100000001111111111111111111111111111111111111111111111111111111111111111111
000000000000000000000000000000000000000000000111000000111111111111111111111111111111111111111111111111111111111111111111
000000000000000000000000000000000000000000000111100000011111111111111111111111111111111111111111111111111111111111111111
000000000000000000000000000000000000000000000111111000000111111111111111111111111111111111111111111111111111111111111111
000000000000000000000000000000000000000000000111111100000011111111111111111111111111111111111111111111111111111111111111
000000000000000000000000000000000000000000000111111111000000111111111111111111111111111111111111111111111111111111111111
000000000000000000000000000000000000000000000111111111100000001111111111111111111111111111111111111111111111111111111111
000000000000000000000000000000000000000000000111111100000000000011111111111111111111111111111111111111111111111111111111
000000000000000000000000000000000000000000000111110000000000000011111111111111111111111111111111111111111111111111111111
000000000000000000000000000000000000000000011000000000000000000001111111111111111111111111111111111111111111111111111111
000000000000000000000000000000000000000000011000000000000000000000011111111111111111111111111111111111111111111111111111
000000000000000000000000000000000000000000111000000000000000000000111111111111111111111111111111111111111111111111111111
000000000000000000000000000000000000000001111000000000000000000000111111111111111111111111111111111111111111111111111111
000000000000000000000000000000000000000000111000000000000000000001111111111111111111111111111111111111111111111111111111
000000000000000000000000000000000000000000111000000000000000000011111111111111111111111111111111111111111111111111111111
000000000000000000000000000000000000000001111000000000000000000011111111111111111111111111111111111111111111111111111111
000000000000000000000000000000000000000011000000000000000000000111111111111111111111111111111111111111111111111111111111
000000000000000000000000000000000000000011000100000000000000101111111111111111111111111111111111111111111111111111111111
000000000000000000000000000000000000000000111000000000000000001111111111111111111111111111111111111111111111111111111111
000000000000000000000000000000000000000001111000000000000000000111111111111111111111111111111111111111111111111111111111
000000000000000000000000000000000000000111000000000000000000000111111111111111111111111111111111111111111111111111111111
000000000000000000000000000000000000001100000000000000000000000111111111111111111111111111111111111111111111111111111111
000000000000000000000000000000000000011000000000000000000000000001111111111111111111111111111111111111111111111111111111
000000000000000000000000000000000000110000000000000000000000000000111111111111111111111111111111111111111111111111111111
000000000000000000000000000000000000100000001010000000000000000000011111111111111111111111111111111111111111111111111111
000000000000000000000000000000000001100000011000000000000000000111111111111111111111111111111111111111111111111111111111
000000000000000000000000000000000001100000011100000000000000000111111111111111111111111111111111111111111111111111111111
000000000000000000000000000000000011000000111100000000000000000011111111111111111111111111111111111111111111111111111111
000000000000000000000000000000000011000000111000000000000000000000011111111111111111111111111111111111111111111111111111
000000000000000000000000000000000000000001110000000000000000000000000111111111111111111111111111111111111111111111111111
000000000000000000000000000000000000000001110000000000000000000000000001111111111111111111111111111111111111111111111111
