111111111111111111111111111111111111111111111111111111111111111111111111111111111111111111111111111111111111111111111111
111111111111111111111111111111111111111111111111111111111111111111111111111111111111111111111111111111111111111111111111
111111111111111111111111111111111111111111111111111111111111111111111111111111111111111111111111111111111111111111111111
111111111111111111111111111111111111111111111111111111111111111111111111111111111111111111111111111111111111111111111111
111111111111111111111111111111111111111111111111111111111111111111111111111111111111111111111111111111111111111111111111
111111111111111111111111111111111000000000001111111111111111111111111111111111111111111111111111111111111111011111111111
111111111111111111111111111111000000000000000001111111111111111111111111111111111111111111111111111111110001111111111111
111111111111111111111111111100000000000000000000011111111111111111111111111111111111111111111111111100000111111111111111
111111111111111111111111111000000000000000000000001111111111111111111111111111111111111111111111100000011111111111111111
111111111111111111111111110000000000000000000000001111111111111111111111111111111111111111111100000000001111111111111111
111111111111111111111111100000000000000000000000000111111111111111111111111111111111111111000000000000001111111111111111
111111111111111111111111100000000000000000000000000000001111111111111111111111110011110000000000000000001111111111111111
111111111111111111111111110000000000000000000000000000000001111110000000000000000000000000000111111111111111111111111111
111111111111111111111111111000000000000000000000000000000000111000000000000000000000000000111111111111111111111111111111
111111111111111111111111111110000000000000000000000000000000010000000000000000000000000011111111111111111111111111111111
111111111111111111111111111111110000000000000000000000000000010000000000000000000000000100000000011111111111111111111111
111111111111111111111111111111111111111100000000000000000000001000000000000000000000000000000000011111111111111111111111
111111111111111111111111111111111111000000000000000000000000000000000000000000000000000000000000011111111111111111111111
111111111111111111111111111111111000000000000000000000000000000000000000000000000000000000000000111111111111111111111111
111111111111111111111111111111111000000000001110000000111110000000000000000000000000000000000001111111111111111111111111
111111111111111111111111111111110010000000011111111111111110000000000000000000000000000000000011111111111111111111111111
111111111111111111111111111111111111000000011111111111111111100000000000000000000000000000001111111111111111111111111111
111111111111111111111111111111111110000000001111111111111111000000000000000000000000001000111111111111111111111111111111
111111111111111111111111111111111111000000011111111111111110000000000000000000000000011111111111111111111111111111111111
111111111111111111111111111111111111100000001111111111111100000000000000000000000000011111111111111111111111111111111111
111111111111111111111111111111111111100000001111111100000000000000000000000000000000111111111111111111111111111111111111
111111111111111111111111111111111111100000000000000000000000000000000000000000000001111111111111111111111111111111111111
111111111111111111111111111111111111100000000000000000000000000000000000000000000001111111111111111111111111111111111111
111111111111111111111111111111111111100000000000000000000000000000000000000000000001111111111111111111111111111111111111
111111111111111111111111111111111111110011111111100000000000000000000000000000000011111111111111111111111111111111111111
111111111111111111111111111111111111110011111111000000000000000000000000000000000011111111111111111111111111111111111111
111111111111111111111111111111111111101101111110000000000000000000000000000000000011111111111111111111111111111111111111
111111111111111111111111111111111111101101111110000000000000000000000000000000000001111111111111111111111111111111111111
111111111111111111111111111111111111110011111110000000000000000000001110000000000000011111111111111111111111111111111111
111111111111111111111111111111111111110011111110000000000000000000011111000000000000000111111111111111111111111111111111
111111111111111111111111111111111111101101111110000000000000000000111111000000000000000001111111111111111111111111111111
111111111111111111111111111111111111101101111110000000000000000000111111100000000000000001111111111111111111111111111111
111111111111111111111111111111111111110011111110000000000000000000111111100000000000000001111111111111111111111111111111
111111111111111111111111111111111111110011111111000000000000000000111111110000000000000001111111111111111111111111111111
111111111111111111111111111111111111101101111111000000000000000000011110000000000000000111111111111111111111111111111111
