000000000000000000000000000000000000000000000000000000000000000000000000000000000000000000000000000000000000000000000000
000000000000000000000000000000000000000000000000000000000000000000000000000000000000000000000000000000000000000000000000
000000000000000000000000000000000000000000000000000000000000000000000000000000000000000000000000000000000000000000000000
000000000000000000000000000000000000000000000000000000000000000000000000000000000000000000000000000000000000000000000000
000000000000000000000000000000000000000000000100111000000000000000000000000000000000000000000000000000000000000000000000
000000000000000000000000000000000000000011111111111111111111111100000000000000000000000000000000000000000000000000000000
000000000000000000000000000000000000000000111111111111111111111111110000000000000000000000000000000000000000000000000000
000000000000000000000000000000000000000000111111111111111111111111111110000000000000000000000000000000000000000000000000
000000000000000000000000000000000000000001111111111111111111111111111111000000000000000000000000000000000000000000000000
000000000000000000000000000000000000000000111111111111111111111111111111100000000000000000000000000000000000000000000000
000000000000000000000000000000000000000001111111111111111111111111111111110000000000000000000000000000000000000000000000
000000000000000000000000000000000000000011111111111111111111111111111111111000000000000000000000000000000000000000000000
000000000000000000000000000000000000000011111111111111111111111111111111111000000000000000000000000000000000000000000000
000000000000000000000000000000000000000011111111111111111111111111111111111000000000000000000000000000000000000000000000
000000000000000000000000000000000000000001111111111111111111111111111111111000000000000000000000000000000000000000000000
000000000000000000000000000000000000000000001110111111111111111111111111111100000000000000000000000000000000000000000000
000000000000000000000000000000000000000000000000111111111111111111111111111100000000000000000000000000000000000000000000
000000000000000000000000000000000000000000000000011111111111111111111111111100000000000000000000000000000000000000000000
000000000000000000000000000000000000000000000000001111111111111111111111000000000000000000000000000000000000000000000000
000000000000000000000000000000000000000000000000011110110111111111111001000000000000000000000000000000000000000000000000
000000000000000000000000000000000000000000000000001111111111111111111111111100000111111111000000000000000000000000000000
000000000000000000000000000000000000000000000001111111111111111111111111111111001111111111110000000000000000000000000000
000000000000000000000000000000000000000000000011111111111111111111111111111111111111111111111100000000000000000000000000
000000000000000000000000000000000000000000000111111111111111111111111111111111111111111111111000000000000000000000000000
000000000000000000000000000000000000000000000111111111111111111111111111111111111111111111110000000000000000000000000000
000000000000000000000000000000000000000000000011111111111111111111111111111111111111111000000000000000000000000000000000
000000000000000000000000000000000000000000000001111111111111111111111111111111111111110000000000000000000000000000000000
000000000000000000000000000000000000000000000000111111111111111111111111111111111100000000000000000000000000000000000000
000000000000000000000000000000000000000000000000011111111111111111111111111111110000000000000000000000000000000000000000
000000000000000000000000000000000000000000000000001111111111111111111111111111111100000000000000000000000000000000000000
000000000000000000000000000000000000000000000000000111111111111111111111111111111111000000000000000000000000000000000000
000000000000000000000000000000000000000000000000000011111111111111111111111111111111111000000000000000000000000000000000
000000000000000000000000000000000000000000000000000001111111111111111111111111111111111100000000000000000000000000000000
000000000000000000000000000000000000000000000000000001111111111111111111111111111111111110000000000000000000000000000000
000000000000000000000000000000000000000001111111111111111111111111111111111111111111111110000000000000000000000000000000
000000000000000000000000000000000000000000111111111111111111111111111111111111111111111000000000000000000000000000000000
000000000000000000000000000000000000000000011111111111111111111111111111111111111111110000000000000000000000000000000000
000000000000000000000000000000000000000000000111111111111111111111111111111111111111100000000000000000000000000000000000
000000000000000000000000000000000000000000000001111111111111111111111111111111111110000000000000000000000000000000000000
000000000000000000000000000000000000000000000001111111111111111111111111111111110000000000000000000000000000000000000000
