000000000000000000000000000000000000000000000000000000000000000000000000000000000000000000000000000000000000000000000000
000000000000000000000000000000000000000000000000000000000000000000000000000000000000000000000000000000000000000000000000
000000000000000000000000000000000000000000000000000000000000000000000000000000000000000000000000000000000000000000000000
000000000000000000000000000000000000000000000000000000000000000000000000011111111111111111111110000000000000000000000000
000000000000000000000000000000000000000000000000000000000000000000000011111111111111111111111111100000000000000000000000
000000000000000000000000000000000000000000000000000000000001111111001111111111111111111111111111110000000000000000000000
000000000000000000000000000000000000000000000000000000000111111111111111111111111111111111111111110000000000000000000000
000000000000000000000000000000000000000000000000000000000111111111111111111111111111111111111111111000000000000000000000
000000000000000000000000000000000000000000000000000000001111111111111111111111111111111111111111111000000000000000000000
000000000000000000000000000000000000000000000000000000001111111111111111111111111111111111111111111000000000000000000000
000000000000000000000000000000000000000000000000000000001111111111111111111111111111111111111111111100000000000000000000
000000000000000000000000000000000000000000000000000000000000111111111111111111111111111111111111111110000000000000000000
000000000000000000000000000000000000000000000000000000000001111111111111111111111111111111111111111110000000000000000000
000000000000000000000000000000000000000000000000000000000011111111011111111111111111111111111111111110000000000000000000
000000000000000000000000000000000000000000000000000000000111111111011111111111111111111111111111111100000000000000000000
000000000000000000000000000000000000000000000000000000001111111111011111111111111111111111111111101100000000000000000000
000000000000000000000000100000000000000000000000000000001111111111000001111111111111111111111101000000000000000000000000
000000000000000000011111111100000000000000000000000000001111111111000000111111111111111111110000000000000000000000000000
000000000000000111111110111111000000000000000000000000001111111110000000011100111111111111100000000000000000000000000000
000000000011111111100000001111111000000000000000000000001111111100000000001000011111111111100000000000000000000000000000
000111111111111111100000000001111111000000000000000000000111111100000000001111111111111111111100000000000000000000000000
111111111110001111110000000000111111110000000000000000000001110000000001111111111111111111111111110000000000000000000000
111110000000011111111000000011111110111110000000000000000000000000000111111111111111111111111111111100000000000000000000
111000000000011111111100000111111111001111100000000000000000000000011111111111111111111111111111111110000000000000000000
111110000000011111111100000111111111000011111000000000000000000000111111111111111111111111111111111111000000000000000000
111111000000011111111000000111111111000000111111100000000000000001111111111111111111111111111111111111100000011111000000
111111000000001111111000000011111110000001111111111111111111111111111111111111111111111111111111111111111111111111111111
111110000000001111110000000011111110000111111110000001111111111111111111111111111111111111111111111111110000000001111100
111110000000000111110000000001111100000111111111000011111110000001111111111111111111111111111111111111111000000011111111
111100000000000111100000000001111100000111111110000111111110000000111111111111111111111111111111111111111100000111111111
111100000000000011100000000000111000000111111110000111111111000001111111111111111111111111111111111111111100000111111111
111000000000000001000000000000110000000011111100000111111110000000111111111111111111111111111111111111111100000011111111
111000000000000000000000000000000000000011111100000011111110000000111111111111111111111111111111111111111000000001111111
110000000000000000000000000000000000000001111000000011111100000001111111111111111111111111111111111111111000000001111110
100000000000000000000000000000000000000001111000000001111100000001111111111111111111111111111111111111110000000000111110
000000000000000000000000000000000000000000110000000001111000000001111111111111111111111111111111111111110000000000111100
000000000000000000000000000000000000000000110000000000111000000011111111111111111111111111111111111111100000000000011100
000000000000000000000000000000000000000000000000000000110000000011111111111111111111111111111111111111100000000000001000
000000000000000000000000000000000000000000000000000000000000000011111111111111111111111111111111111111110000000000000000
000000000000000000000000000000000000000000000000000000000000000011111111111111111111111111111111111111110000000000000000
