111111111111111111111111111111111111111111111111111111111111111111111111000000000000000111111111111111111111111111111111
111111111111111111111111111111111111111111111111111111111111111111111111100000000000000001111111111111111111111111111111
111111111111111111111111111111111111111111111111111111111111111111111111100000000000000000000000001111111111111111111111
111111111111111111111111111111111111111111111111111111111111111111111111000000000000000000000000000011111111111111111111
111111111111111111111111111111111111111111111111111111111111111111100000000000000000000000000000000001111111111111111111
111111111111111111111111111111111111111111111111111111111111111100000000000000000000000000000000000000111111111111111111
111111111111111111111111111111111111111111111111111111111111110000000000000000000000000000000000000000011111111111111111
111111111111111111111111111111111111111111111111111111111111000000000000000000000000000000000000000000001111111111111111
111111111111111111111111111111111111111111111111111111111110000000000000000000000000000000000000000000000111111111111111
111111111111111111111111111111111111111111111111111111111100000000000000000000000000000000000000000000000011111111111111
111111111111111111111111111111111111111111111111111111111100000000000000000000000000000000000000000000000011111111111111
111111111111111111111111111111111111111111111111111111111000000000000000000000000000000000000000000000000001111111111111
111111111111111111111111111111111111111111111111111111111100000000000000000000000000000000000000000000000001111111111111
111111111111111111111111111111111111111111111111111111111100000000000000000000000000000000000000000000000000111111111111
111111111111111111111111111111111111111111111111111111111110000000000000000000000000000000000000000000000000111111111111
111111111111111111111111111111111111111111111111111111111111110000000000000000000000000000000000000000000000011111111111
111111111111111111111111111111111111111111111111111111111111111110000000000000000000000000000000000000000000011111111111
111111111111111111111111111111111111111111111111111111111111111100000000000000000000000000000000000000000000011111111111
111111111111111111111111111111111111111111111111111111111111111100000000000000000000000000000000000000000000011111111111
111111111111111111111111111111111111111111111111111111111111111111000000000000000000000000000000000000000000011111111111
111111111111111111111111111111111111111111111111111111111111111111110000000000000000000000000000000000000000011111111111
111111111111111111111111111111111111111111111111000000001111111111111000000000000000000000000000000000000000001111111111
111111111111111111111111111111111111111111110000000000000011111111111100000000000000000000000000000000000000001111111111
111111111111111111111111111111111111111111000000000000000001111111111100000000000000000000000000000000000000001111111111
111111111111111111111111111111111111111110000000000000000001111111111110000000000000000000000000000000010000001111111111
111111111111111111111111111111111111111110000000000000000001111111111110000000000000000000000000000000010000001111111111
111111111111111111111111111111111111111110000000000000000001111111111110000000000000000000000000000000001001101111111111
111111111111111111111111111111111111111111000000000000000000011111111111000000000000000000000000000000001100110111111111
111111111111111111111111111111111111111111100000000000000000000111111110000000000000000000000000000000011111111111111111
111111111111111111111111111111111111111111111000000000000000000001111100000000000000000000000000000100011111111111111111
111111111111111111111111111111111111111111111111100000000000000000000000000000000000000000000000000111011111111111111111
111111111111111111111111111111111111111111111111100000000000000000000000000000000000000000000000000011111111111111111111
111111111111111111111111111111111111111111111111000000000000000000000000000000000000000000000000000011111111111111111111
111111111111111111111111111111111111111111111110000000000000000000000000000000000000000000000000000001111111111111111111
111111111111111111111111111111111111111111111100000000000000000000000000000000000000000000000000000000111111111111111111
111111111111111111111111111111111111111111111100000000000000000000000000000000000000000000000000000000111111111111111111
111111111111111111111111111111111111111111111100000000000000000000000000000000000000000000000000000000011111111111111111
111111111111111111111111111111111111111111111100000000000000000000000000000000000000000000000000000000011111000011111111
111111111111111111111111111111111111111111111100000000000000000000000000000000000000000000000000000000000000000111111111
111111111111111111111111111111111111111111111000000000000000000000000000000000000000000000000000000000000001111111111111
