000000000000000000000000000000000000000000000000000000000000000000000000000000000000000000000000000000000000000000000000
000000000000000000000000000000000000000000000000000000000000000000000000000000000000000000000000000000000000000000000000
000000000000000000000000000000000000000000000000000000000000000000000000000000000000000000000000000000000000000000000000
000000000000000000000000000000000000000000000000000000000000000000000000000000000000000000000000000000000000000000000000
000000000000000000000000000000000000000000000000000000000000000000000000000000000000000000000000000000000000000000000000
000000000000000000000000000000000000000000000000000000000000000000000000000000000000000000000000000000000000000000000000
000000000000000000000000000000000000000000000000000000000000000000000000000000000000000000000000000000000000000000000000
000000000000000000000000000000000000000000000000000000000000000000000000000000000000000000000000000000000000000000000000
000000000000000000000000000000000000000000000000000000000000000000000000000000000000000000000000000000000000000000000000
000000000000000000000000000000000000000000000000000000000000000000000000000000000000000000000000000000000000000000000000
000000000000000000000000000000000000000000000000000000000000000000000000000000111100000000000000000000000000000000000000
000000000000000000000000000000000000000000000000000000000000000000000000000011111100000000000000000000000000000000000000
000000000000000000000000000000000000000000000000000000000000000000000000011111111111000000000000000000000000000000000000
000000000000000000000000000000000000000000000000000000000000000000000000000111111111111100000000000000000000000000000000
000000000000000000000000000000000000000000000000000000000000000000000000000011111111110000000000000000000000000000000000
000000000000000000000000000000000000000000000000000000000000000000000000000011111111110000000000000000000000000000000000
000000000000000000000000000000000000000000000000000000000000000000000000000111111111000110000000000000000000000000000000
000000000000000000000000000000000000000000000000000000000000000000000000000011111111111100000000000000000000000000000000
000000000000000000000000000000000000000000000000000000000000000000000000000001111111111100110000000000000000000000000000
000000000000000000000000000000000000000000000000000000000000000000000000000001111111111111111111000000000000000000000000
000000000000000000000000000000000000000000000000000000000000000000000000000011111111111111111111111000000000000000000000
000000000000000000000000000000000000000000000000000000000000000000000001111111111111111111111111110000000000000000000000
000000000000000000000000000000000000000000000000000000000000000000000000111111111111111111111111110000000000000000000000
000000000000000000000000000000000000000000000000000000000000000000000000000011111001111111111111111000000000000000000000
000000000001000000000000000000000000000000000000000000000000000000000000000000110000111101111110000000000000000000000000
000000000111110000000000000000000000000000000000000000000000000000000000000000000000010000000000000000000000000000000000
000000000111110000000000000000000000000000000000000000000000000000000000000000000000000000000000000000000000000000000000
000000111111111110000000000000000000000000000000000000000000000000000000000000000000000000000000000000000000000000000000
000001111111111111001000000000000000000000011110000000000000000000000000000000000000000000000000000000000000000000000000
000001111111111111111100000000000000000000111110000000000000000000000000000000000000000000000000000000000000000000000000
000001111111111111111110000000000000000000111110000000000000000000000000000000000000000000000000000000000000000000000000
000001111111111111111111111111111111100000011110000000000000000000000000000000000000000000000000000000000000000000000000
111111111111111111111111111111111111111110111110000000000000000000000000000000000000000000000000000000000000000000000000
111111111111111111111111111111111111111111111110000000000000000000000000000000000000000000000000000000000000000000000000
111111111111111111111111111111111111111111111110000000000000000000000000000000000000000000000000000000000000000000000000
111111111111111111111111111111111111111111111110000000000000000000000000000000000000000000000000000000000000000000000000
111111111111111111111111111111111111111111111110000000000000000000000000000000000000000000000000000000000000000000000000
111111111111111111111111111111111111111111111110000000000000000000000000000000000000000000000000000000000000000000000000
111111111111111111111111111111111111111111111110000000000000000000000000000000000000000000000000000000000000000000000000
111111111111111111111111111111111111111111111110000000000000000000000000000000000000000000000000000000000000000000000000
