000000000000000000000000000000000000000000000000000000000000000000000000000000000000000000000000000000000000000000000000
000000000000000000000000000000000000000000000000000000000000000000000000000000000000000000000000000000000000000000000000
000000000000000000000000000000000000000000000000000000000000000000000000000000000000000000000000000000000000000000000000
000000000000000000000000000000000000000000000000000000000000000000000000000000000000000000000000000000000000000000000000
000000000000000000000000000000000000000000000000000000000000000000000000000000000000000000000000000000000000000000000000
000000000000000000000000000000000000000000000000000000000000000000000000000000000000000000000000000000000000000000000000
000000000000000000000000000000000000000000000000000000000000000000000000000000000000000000000000000000000000000000000000
000000000000000000000000000000000000000000000000000000000000000000000000000000000000000000000000000000000000000000000000
000000000000000000000000000000000000000000000000000000000000000000000000000000000000000000000000000000000000000000000000
000000000000000000000000000000000000000000000000000000001110011111110000000000000000000000000000000000000000000000000000
000000000000000000000000000000000000000000000000000000011111111111100100000000000000000000000000000000000000000000000000
000000000000000000000000000000000000000000000000000000000011111111110000000000000000000000000000000000000000000000000000
000000000000000000000000000000000000000000000000000000000000111111111110000000000000000000000000000000000000000000000000
000000000000000000000000000000000000000000000000000000000111001111111111110000000000000000000000000000000000000000000000
000000000000000000000000000000000000000000000000000000000001111111111111000000000000000000000000000000000000000000000000
000000000000000000000000000000000000000000000000000000000000111111110111100000000000000000000000000000000000000000000000
000000000000000000000000000000000000000000000000000000000000110011111111100000000000000000000000000000000000000000000000
000000000000000000000000000000000000000000000000000000000001100011111111111111100000111110000000000000000000000000000000
000000000000000000000000000000000000111111111111111000000111011111111111111111111111111111110000000000000000000000000000
000000000000000000000000000000000000000001100111111000001111111111111111111111111111111111111100000000000000000000000000
000000000000000000000000000000000000000000000000000000000000111100111111000111111111111111111110000000000000000000000000
000000000000000000000000000000000000000000000000000000000000000000001111000000000000011111100000000000000000000000000000
000000000000000000000000000000000000000000000000000000000000000000000000000000000000000000000000000000000000000000000000
000000000000000000000000000000000000000000000000000000000000000000000000000000000000000000000000000000000000000000000000
000000000000000000000000000000000000000000000000000000000000000000000000000000000000000000000000000000000000000000000000
000000000000000000000000000000000000000000000000000000000000000000000000000000000000000000000000000000000000000000000000
000000000000000000000000000000000000000000000000000000000000000000000000000000000000000000000000000000000000000000000000
000000000000000000000000000000000000000000000000000000000000000000000000000000000000000000000000000000000000000000000000
000000000000000000000000000000000000000000000000000000000000000000000000000000000000000000000000000000000000000000000000
000000000000000000000000000000000000000000000000000000000000000000000000000000000000000000000000000000000000000000000000
000000000000000000000000000000000000000000000000000000000000000000000000000000000000000000000000000000000000000000000000
000000000000000000000000000000000000000000000000000000000000000000000000000000000000000000000000000000000000000000000000
000000000000000000000000000000000000000000000000000000000000000000000000000000000000000000000000000000000000000000000000
000000000000000000000000000000000000000000000000000000000000000000000000000000000000000000000000000000000000000000000000
000000000000000000000000000000000000000000000000000000000000000000000000000000000000000000000000000000000000000000000000
000000000000000000000000000000000000000000000000000000000000000000000000000000000000000000000000000000000000000000000000
000000000000000000000000000000000000000000000000000000000000000000000000000000000000000000000000000000000000000000000000
000000000000000000000000000000000000000000000000000000000000000000000000000000000000000000000000000000000000000000000000
000000000000000000000000000000000000000000000000000000000000000000000000000000000000000000000000000000000000000000000000
000000000000000000000000000000000000000000000000000000000000000000000000000000000000000000000000000000000000000000000000
