000000000000000000000000000000000000000000000000000000000000000000000000000000000000000000000000000000000000000000000000
000000000000000000000000000000000000000000000000000000000000000000000000000000000000000000000000000000000000000000000000
000000000000000000000000000000000000000000000000000000000000000000001111111111111111100000000000000000000000000000000000
000000000000000000000000000000000000000000000000000000000000000011111111111111111111111000000000000000000000000000000000
000000000000000000000000000000000000000000000000000000000000011111111111111111111111111110000000000000000000000000000000
000000000000000000000000000000000000000000000000000000000000111111111111111111111111111111100000000000000000000000000000
000000000000000000000000000000000000000000000000000000000111111111111111111111111111111111110000000000000000000000000000
000000000000000000000000000000000000000000000000000000000111111111111111111111111111111111110000000000000000000000000000
000000000000000000000000000000000000000000000000000000000011111111111111111111111111111111110000000000000000000000000000
000000000000000000000000000000000000000000000000000000000111111111111111111111111111111111100000000000000000000000000000
000000000000000000000000000000000000000000000000000000111111111111111111111111111111111111100000000000000000000000000000
000000000000000000000000000000000000000000000000000111111111111111111111111111111111111111111000000000000000000000000000
000000000000000000000000000000000000000000000000000011100011111111111111111111111111111111111110000000000000000000000000
000000000000000000000000000000000000000000000000000000000001111111111111111111111111111111110001000000000000000000000000
000000000000000000000000000000000000000000000000000000000000000011111111111111111111111111110000000000000000000000000000
000000000000000000000000001111000000000000000000000000000000000011111111111111111111111111000000000000000000000000000000
000000000000000000000111111111110000000000000000000000000000000000111111111111111111110110000000000000000000000000000000
000000000000000011111111100001111100000000000000000000000000000000001111111111111100000000000000000000000000000000000000
000000001111111111111110000000011111100000000000000000000000000000000000011111111100000000000000000000000000000000000000
111111111111111100001111100000000111111000000000000000000000000000000011111111111111111000000000000000000000000000000000
111111111000000000011111110000000111111110000000000000000000000000111111111111111111111110000000000000000000000000000000
000011111100000000011111111000001111111111100000000000000000000011111111111111111111111111000000000000000000000000000011
000011111111000000011111111000001111111100111000000000000000000111111111111111111111111111100000000000000000000000111111
000011111111100000001111111000001111111100011111000000000000011111111111111111111111111111110000000111111111111111111111
000001111111100000000111111000000111111100001111111000000000011111111111111111111111111111111111111111111111100000011111
000000111111100000000001111000000011111100011111111111111111111111111111111111111111111111110111100000000111110000011111
000000001111100000000000111000000001111100111111110000011111111111111111111111111111111111111111110000001111111000011111
000000000111100000000000011000000000111100111111110000111111011111111111111111111111111111111111111000001111111100001111
000000000001100000000000000000000000011000011111110000111111101111111111111111111111111111111111111000000111111000000111
000000000000000000000000000000000000001000011111110001111111111111111111111111111111111111110111111000000011111000000111
000000000000000000000000000000000000000000001111110000111111111111111111111111111111111111110011111000000011111000000011
000000000000000000000000000000000000000000000111110000011111111111111111111111111111111111110001110000000001110000000001
000000000000000000000000000000000000000000000011110000001111111111111111111111111111111111110000110000000000110000000000
000000000000000000000000000000000000000000000001100000000111111111111111111111111111111111111000110000000000000000000000
000000000000000000000000000000000000000000000000100000000111111111111111111111111111111111111000000000000000000000000000
000000000000000000000000000000000000000000000000000000000011111111111111111111111111111111111000000000000000000000000000
000000000000000000000000000000000000000000000000000000000001111111111111111111111111111111111000000000000000000000000000
000000000000000000000000000000000000000000000000000000000001111111111111111111111111111111111000000000000000000000000000
000000000000000000000000000000000000000000000000000000000001111111111111111111111111111111111000000000000000000000000000
000000000000000000000000000000000000000000000000000000000011111111111111111111111111111111111000000000000000000000000000
