000000000000000000000000000000000000000000000000000000000000000000000000000000000000000000000000000000000000000000000000
000000000000000000000000000000000000000000000000000000000000000000000000000000000000000000000000000000000000000000000000
000000000000000000000000000000000000000000000000000000000000000000000000000000000000000000000000000000000000000000000000
000000000000000000000000000000000000000000000000000000000000000000000000000000000000000000000000000000000000000000000000
000000000000000000000000000000000000000000000000000000000000000000000000000000000000000000000000000000000000000000000000
000000000000000000000000000000000000000000000000000000000000000000000011100000000000000000000000000000000000000000000000
000000000000000000000000000000000000000000110000000011111111111111111111100000000000000000000000000000000000000000000000
000000000000000000000000000000000000000000011100111111111111111111111111000000000000000000000000000000000000000000000000
000000000000000000000000000000000000000000011111111111111111111111111111111111000000000000000000000000000000000000000000
000000000000000000000000000000000000000000001111111111111111111111111111111111111000000000000000000000000000000000000000
000000000000000000000000000000000000000000111111111111111111111111111111111110000000000000000000000000000000000000000000
000000000000000000000000000000000000001111111111111111111111111111111111111100000000000000000000000000000000000000000000
000000000000000000000000000000000000001111111111111111111111111111111111100000000000000000000000000000000000000000000000
000000000000000000000000000000000000000011111111111111111111111111111111000000000000000000000000000000000000000000000000
000000000000000000000000000000000000000000001111111111111111111111111111000000000000000000000000000000000000000000000000
111110000000000000000000000000000000000000000111111111111111111111111111100000000000000000000000000000000000000000000000
111100000000000000000000000000000000000000000001111111111111111111111111110000000000000000000000000000000000000000000000
110110000000000000000000000000000000000000000001111111111111111111111111110000000000000000000000000000000000000000000000
111111110000000000000000000000000000000000000000101111111111111111111111110000000000000000000000000000000000000000000000
111111111100000000000000000000000000000000000000001111111111111111111111111000000000000000000000000000000000000000000000
111111111110000000000000000000000000000000000000000111111111111111111111111000000000000000000000000000000000000000000000
111111111110000000000000000000000000000000000000000111111111111111111111111100000000000000000000000000000000000000000000
001111111111100000000000000000000000000000011111111111111111111111111111111110000000000000000000000000000000000000000000
000011111111110000000000000000000011111111111111111111111111111111111111111110000000000000000000000000000000000000000000
000001111111111100000000000000001111111111111111111111111111111111111111111111000000000000000000000000000000000000000000
000000011111111110000000000000111111111111111111111111111111111111111111111111110000000000000000000000000000000000000000
000000001111111111100000000111111111111111111111111111111111111111111111111111111100000000000000000000000000000000000000
000000000111111111110000011111111111111111111111111111111111111111111111111111111100000000000000000000000000000000000000
000000000011111111111101111111111111111111110001111111111111111111111111111111111110000000000000000000000000000000000000
000000000000111111111111111111111111100000000001111111111111111111111111111111111111000000000000000000000000000000000000
000000000000011111111111111111100100000000000001111111111111111111111111111111111111100000000000000000000000000000000000
000000000000000111111111111100000000000000000001111111111111111111111111111111111111110000000000000000000000000000000000
000000000000000001111110000000000000000000000001111111111111111111111111111111111110000000000000000000000000000000000000
000000000000000000000000000000000000000000000000111111111111111111111111111111111111000000000000000000000000000000000000
000000000000000000000000000000000000000000000000111111111111111111111111111111111111000000000000000000000000000000000000
000000000000000000000000000000000000000000000000111111111111111111111111111111111111000000000000000000000000000000000000
000000000000000000000000000000000000000000000000011111111111111111111111111111111111100000000000000000000000000000000000
000000000000000000000000000000000000000000000000001111111111111111111111111111111111000000000000000000000000000000000000
000000000000000000000000000000000000000000111111111111111111111111111111111111111111000000000000000000000000000000000000
000000000000000000000000000000000000111111111111111111111111111111111111111111111110000000000000000000000000000000000000
