000000000000000000000000000000000000000000000000000000000000000000000000000000000000000000000000000000000000000000000000
000000000000000000000000000000000000000000000000000000000000000000000000000000000000000000000000000000000000000000000000
000000000000000000000000000000000000000000000000000000000000000000000000000000000000000000000000000000000000000000000000
000000000000000000000000000000000000000000000000000000000000000000000000000010000000000000000000000000000000000000000000
000000000000000000000000000000000000000000000000000000000000000011111111111111111111100000000000000000000000000000000000
000000000000000000000000000000000000000000000000000000000001111111111111111111111111111110000000000000000000000000000000
000000000000000000000000000000000000000000000000000000001111111111111111111111111111111111110000000000000000000000000000
000000000000000000000000000000000000000000000000000000111111111111111111111111111111111111111100000000000000000000000000
000000000000000000000000000000000000000000000000000011111111111111111111111111111111111111111111000000000000000000000000
000000000000000000000000000000000000000000000000000111111111111111111111111111111111111111111111100000000000000000000000
000000000000000000000000000000000000000000000000001111111111111111111111111111111111111111111111100000000000000000000000
000000000000000000000000000000000000000000000000111111111111111111111111111111111111111111111111100000000000000000000000
000000000000000000000000000000000000000000000001111111111111111111111111111111111111111111111111100000000000000000000000
000000000000000000000000000000000000000000000011111111111111111111111111111111111111111111111111100000000000000000000000
000000000000000000000000000000000000000000000111111111111111111111111111111111111111111111111111000000000000000000000000
000000000000000000000000000000000000000000001111111111111111111111111111111111111111111111111110000000000000000000000000
000000000000000000000000000000000000000000001111111111111111111111111111111111111111111111111100000000000000000000000000
000000000000000000000000000000000000000000011111111111111111111111111111111111111111111111110000000000000000000000000000
000000000000000000000000000000000000000000011111111111111111111111111111111111111111111111100000000000000000000000000000
000000000000000000000000000000000000000000011111111111111111111111111111111111111111111111100000000000000000000000000000
000000000000000000000000000000000000000111111111111111111111111111111111111111111111111111000000000000000000000000000000
000000000000000000000000000000011111111111111111111111111111111111111111111111111111111110000000000000000000000000000000
000000000000000000000001111111111111111111111111111111111111111111111111111111111111111000000000000000000000000000000000
000000000000000000111111111111111111111111111111111111111111111111111111111111111111111000000000000000000000000000000000
000000000000011111111111111111111111111100111111111111111111111111111111111111111111000100000000000000000000000000000000
000000000111111111111111111111111111000011111111111111111111111111111111111111111111110000000000000000000000000000000000
000000111111111111111000111111111000111001111111111111111111111111111111111111111111111111110000000000000000000000000000
000111111111111110000111111111001111000011111111111111111111111111111111111111111111111111111111111000000000000000000000
111111111111100000111111111001110000000111111111111111111111111111111111111111111111111111111111111111110000000000000000
111111111100000111111111011111111111111111111111111111111111111111111111111111111111111111111111111111100000000000000000
111111111111111111111111111111111111111111111111111111111111111111111111111111111111111111111111111111111000000000000000
111111111111111111111111111111111111111111111111111111111111111111111111111111111111111111111111111111111100000000000000
111111111111111111111111111111111111111111111111111111111111111111111111111111111111111111111111111111111111000000000000
000000111111111110000000000000011111111111111111111111111111111111111111111111111111111111111111111111111111100000000000
000011111111111000000000011111111111111111111111111111111111111111111111111111111111111111111111111111111111110000000000
001111111111111111111111111111111111111111111111111111111111111111111111111111111111111111111111111111111111111100000000
111111111111111111111111111111111111111111111111111111111111111111111111111111111111111111111111111111111111111110000000
111111111111111111111111111111111111111111111111111111111111111111111111111111111111111111111111111111111111111111100000
111111111111000000000111111111111111111111111111111111111111111111111111111111111111111111111111111111111111111111110000
111110000000000000011111111111111111111111111111111111111111111111111111111111111111111110000111111111111111111111111100
