111111111111111111111111111111111111111111111111111111111111111111111111111111111111111111111111111111111111111111111111
111111111111111111111111111111111111111111111111111111111111111111111111111111111111111111111111111111111111111111111111
111111111111111111111111111111111111111111111111111111111111111111111111111111111111111111111111111111111111111111111111
111111111111111111111111111111111111111111111111111111111111111111111111111111111111111111111111111111111111111111111111
111111111111111111111111111111111111111111111111111111111111111111111111111111111111111111111111111111111111111111111111
111111111111111111111111111111111111111111111111111111111111111111111111111111111111111111111111111111111111111111111111
111111111111111111111111111111111111111111111111111111111111111111111111111111111111111111111111111111111111111111111111
111111111111111111111111111111111011000000111111111111111111111111111111111111111111111111111111111111111111111111111111
111111111111111111111111111111110000000000001111111111111111111111111111111111111111111111111111111111111111111111111111
111111111111111111111111111111110000000000000011111111111111111111111111111111111111111111111111111111111111111111111111
111111111111111111111111111111110000000000000001111111111111111111111111111111111111111111111111111111111111111111111111
111111111111111111111111111111111100000000000001111111111111111111111111111111111111111111111111111111111111111111111111
111111111111111111111111111111111110000000000001111111111111111111111111111111111111111111111111111111111111111111111111
111111111111111111111111111111111110000000000111111111111111111111111111111111111111111111111111111111111111111111111111
111111111111111111111111111111111110000000011111111111111111111111111111111111111111111111111111111111111111111111111111
111111111111111111111111111111111000000000011111111111111111111111111111111100000000011111111111111111111111111111111111
111111111111111111111111111111110000000000001111111111111111111111111111111100000000001111111111111111111111111111111111
111111111111111111111111111111100000000000011111111111111111111111111111111110000000000000000011111111111111111111111111
111111111111111111111111111111100000000000011111111111111111111111111111111110000000000000000001111111111111111111111111
111111111111111111111111111111111000000000011111111111111111111111111111100000000000000000000111111111111111111111111111
111111111111111111111111111111111000000000001111111111111111111111111111000000000000000001111111111111111111111111111111
111111111111111111111111111111110000000000001111111111111111111111111111000000000000000001111111111111111111111111111111
111111111111111111111111111111100000000000011111111111111111111111111111111111110000000011111111111111111111111111111111
111111111111111111111111111111000000000000111111111111111111111111111111111111110000000001111111111111111111111111111111
111111111111111111111111111111000000000000011111111111111111111111111111111111000000000000001111111111111111111111111111
111111111111111111111111111111000000000000001111111111111111111111111111111000001000000000000011111111111111111111111111
111111111111111111111111111110000000000000000111111111111111111111111111100000111100000000000000001111111111111111111111
111111111111111111111111111110000000000000000111111111111111111111111111100000011110000000000000000111111111111111111111
111111111111111111111111111100000000000000000011111111111111111111111111100000000110000000001000001111111111111111111111
111111111111111111111111111100000000000000000001111111111111111111111111110000011110000000001111111111111111111111111111
111111111111111111111111111100000000000000000001111111111111111111111111111111111100000000001111111111111111111111111111
111111111111111111111111111000000000000000000001111111111111111111111111111111111000000000000111111111111111111111111111
111111111111111111111111111000000000000000000000111111111111111111111111111111110000000000000111111111111111111111111111
111111111111111111111111110000000000000000000000111111111111111111111111111111100000000000000011111111111111111111111111
111111111111111111111111110000000000000000000000111111111111111111111111111111000000000000000011111111111111111111111111
111111111111111111111111110000000000000000000000011111111111111111111111111110000000000000000011111111111111111111111111
111111111111111111111111110000000000000000000000011111111111111111111111111100000000000000000001111111111111111111111111
111111111111111111111111110000000000000000000000011111111111111111111111111111100000000000000011111111111111111111111111
111111111111111111111111100000000000000000000000001111111111111111111111111111111000011000011111111111111111111111111111
111111111111111111111111100000000000000000000000001111111111111111111111111111111000011000111111111111111111111111111111
