111111111111111111111111111111100000000000000000000000000000000000000000000000000000000000000000000000001111111111111111
111111111111111111111111111111110000000000000000000000000000000000000000000000000000000000000000000000011111111111111111
111111111111111111111111111111111000000000000000000000000000000000000000000000000000000000000000001111111111111111111111
111111111111111111111111111111111100000000000000000000000000000000000000000000000000000000000000001111111111111111111111
111111111111111111111111111111111111000000000000000000000000000000000000000000000000000000000000001111111111111111111111
111111111111111111111111111111111111000000000000000000000000000000000000000000000000000000000000000111111111111111111111
111111111111111111111111111111111111000000000000000000000000000000000000000000000000000000000000000111111111111111111111
111111111111111111111111111111111100000000000000000000000000000000000000000000000000000000000000000011111111111111111111
111111111111111111111111111111111100000000000000000000000000000000000000000000000000000000000000000011111111111111111111
111111111111111111111111111111111100000000010000000000000000000000000000000000000000000000000000001001111111111111111111
111111111111111111111111111111111100000000011000000000000000000000000000000000000000000000000000001101111111111111111111
111111111111111111111111111111111100000000111100000000000000000000000000000000000000000000000000000110111111111111111111
111111111111111111111111111111111100000000111100000000000000000000000000000000000000000000000000000111111111111111111111
111111111111111111111111111111111100000000111000000000000000000000000000000000000000000000000000000011111111111111111111
111111111111111111111111111111111100000000111000000000000000000000000000000000000000000000000000000011111111111111111111
111111111111111111111111111111111000000000100000000000000000000000000000000000000000000000000000000001111111111111111111
111111111111111111111111111111111110000011100000000000000000000000000000000000000000000000000000000101111111111111111111
111111111111111111111111111111111110000011000000000000000000000000000000000000000000000000000000000111111111111111111111
111111111111111111111111111111111110000100000000000000000000000000000000000000000000000000000000000001111111111111111111
111111111111111111111111111111111110000000000000000000000000000000000000000000000000000000000000000000001111111111111111
111111111111111111111111111111111110000000000000000000000000000000000000000000000000000000000000000000000011111111111111
111111111111111111111111111111111100000000000000000000000000000000000000000000000000000000000000000000000001111111111111
111111111111111111111111111111111000000000000000000000000000000000000000000000000000000000000000000000000001111111111111
111111111111111111111111111111110000000000000000000000000000000000000000000000000000000000000000000000000000111111111111
111111111111111111111111111111110000000000000000000000000000000000000000000000000000000000000000000000000000111111111111
111111111111111111111111111111100000000000000000000000000000000000000000000000000000000000000000000000000000011111111111
111111111111111111111111111111000000000000000000000000000000000000000000000000000000000000000000000000000000011111111111
111111111111111111111111111100000000000000000000000000000000000000000000000000000000000000000000000000000000011111111111
111111111111111111111111111000000000000000000000000000000000000000000000000000000000000000000000000000000000001111111111
111111111111111111111111100000000000000000000000000000000000000000000000000000000000000000000000000000000000000111111111
111111111111111111111111000000000000000000000000000000000000000000000000000000000000000000000000000000000000000111111111
111111111111111111111100000000000000000000000000000000000000000000000000000000000000000000000000000000000000000000000000
111111111111111111111100000000000000000000000000000000000000000000000000000000000000000000000000000000000000000000000000
111111111111111111111000000000000000000000000000000000000000000000000000000000000000000000000000000000000000000000000000
111111111111111111110000000000000000000000000000000000000000000000000000000000000000000000000000000000000000000000000000
111111111111111111100000000000000000000000000000000000000000000000000000000000000000000000000000000000000000000000000000
111111111111111111000000000000000000000000000000000000000000000000000000000000000000000000000000000000000000000000000001
111111111111111110000000000000000000000000000000000000000000000000000000000000000000000000000000000000000000000000000001
111111111111111100000000000000000000000000000000000000000000000000000000000000000000000000000000000000000000000000000000
111111111111111000000000000000000000000000000000000000000000000000000000000000000000000000000000000000000000000000000000
