000000000000000000000000000000000000000000000000000000000000000000000000000000000000000000000000001111111111111111111111
000000000000000000000000000000000000000000000000000000000000000000000000000000000000000000000000000111111111111111000000
000000000000000000000000000000000000000000000000000000000000000000000000000000000000000000000000000000000000000000000000
000000000000000000000000000000000000000000000000000000000000000000000000000000000000000000000000000000000000000000000000
000000000000000000000000000000000000000000000000000000000000000000000000000000000000000000000000000000000000000000000000
000000000000000000000000000000000000000000000000000000000000000000000000000000000000000000000000000000000000000000000000
000000000000000000000000000000000000000000000000000000000000000000000000000000000000000000000000000000000000000000000000
000000000000000000000000000000000000000000000000000000000000000000000000000000000000000000000000000000000000000000000000
000000000000000000000000000000000000000000000000000000000000000000000000000000000000000000000000000000000000000000000000
000000000000000000000000000000000000000000000000000000000000000000000000000000000000000000000000000000000000000000000000
000000000000000000000000000000000000000000000000000000000000000000000000000000000000000000000000000000000000000000011111
000000000000000000000000000000000000000000000000000000000000000000000000000000000000000000000000000000000000000001111111
000000000000000000000000000000000000000000000000000000000000000000000000000000000000000000000000000000000000000001111111
000000000000000000000000000000000000000000000000000000000000001111110000000000000000000000000000000000000000001111111111
000000000000000000000000000000000000000000000000000000000011111111111111100000000000000000000000000000000011111111111111
000000000000000000000000000000000000000000000000000000111111111111111111111111000000000000000000000000000111111111111111
000000000000000000000000000000000000000000000000001111111111111111111111111111111110000000000000000111111111111111111111
000000000000000000000000000000000000000000000000111111111111111111111111111111111111111000000001111111111111111111111111
000000000000000000000000000000000000000000000001111111111000111110000111111111111111111111111111111111111111111111111111
000000000000000000000000000000000000000000000011111111111000111100000000111111111111111111111111111111111111111111111111
000000000000000000000000000000000000000000000111111100111111111000000000001111111111111111111111111111111111111111111111
000000000000000000000000000000000000000000000111111100001111100000000000000011111111111111111111111111111111111111111111
000000000000000000000000000000000000000000000001101110111111110000000000000000011111111111111111111111111110000011111111
000000000000000000000000000000000000000000000000100011111111100000000000000000000111111111111111111100000000000000000000
000000000000000000000000000000000000000000000000000000111111100000000000000000000000000000000000000000000000000000000000
000000000000000000000000000000000000000000000000000000111111000000000000000000000000000000000000000000000000000000000000
000000000000000000000000000000000000000000000000000000111111000000000000000000000000000000000000000000000000000000000000
000000000000000000000000000000000000000000000000000000111111000000000000000000000000000000000000000000000000000000000000
000000000000000000000000000000000000000000000000000001111111100000000000000000000000000000000000000000000000000000000000
000000000000000000000000000000000000000000000000000000001111100000000000000000000000000000000000000000000000000000000000
000000000000000000000000000000000000000000000000000000000000000000000000000000000000000000000000000000000000000000000000
000000000000000000000000000000000000000000000000000000000000000000000000000000000000000000000000000000000000000000000000
000000000000000000000000000000000000000000000000000000000000000000000000000000000000000000000000000000000000000000000000
000000000000000000000000000000000000000000000000000000000000000000000000000000000000000000000000000000000000000000000000
000000000000000000000000000000000000000000000000000000000000000000000000000000000000000000000000000000000000000000000000
000000000000000000000000000000000000000000000000000000000000000000000000000000000000000000000000000000000000000000000000
000000000000000000000000000000000000000000000000000000000000000000000000000000000000000000000000000000000000000000000000
000000000000000000000000000000000000000000000000000000000000000000000000000000000000000000000000000000000000000000000000
000000000000000000000000000000000000000000000000000000000000000000000000000000000000000000000000000000000000000000000000
000000000000000000000000000000000000000000000000000000000000000000000000000000000000000000000000000000000000000000000000
