111111111111111111111111111111111111111111111111111111111111111111111111111111111111111111111111111111111111111111111111
111111111111111111111111111111111111111111111111111111111111111111111111111111111111111111111111111111111111111111111111
111111111111111111111111111111111111111111111111111111111111111111111111111111111111111111111111111111111111111111111111
111111111111111111111111111111111111111111111111111111111111111111111111111111111111111111111111111111111111111111111111
111111111111111111111111111111111111111111111111111110000000000000000000111111110000011111111111111111111111111111111111
111111111111111111111111111111111111111111111111111000000000000000000000000100000000011111111111111111111111111111111111
111111111111111111111111111111111111111111111111100000000000000000000000000000000000001111111111111111111111111111111111
111111111111111111111111111111111111111111111111100000000000000000000000000000000000000111111111111111111111111111111111
111111111111111111111111111111111111111111111111100000000000000000000000000000000000000001111111111111111111111111111111
111111111111111111111111111111111111111111111111100000000000000000000000000000000000111111111111111111111111111111111111
111111111111111111111111111111111111111111111111100000000000000000000000000000000000011111111111111111111111111111111111
111111111111111111111111111111111111111111111100000000000000000000000000000000111100111111111111111111111111111111111111
111111111111111111111111111111111111111111111000000000000000000000000000000000001111111111111111111111111111111111111111
111111111111111111111111111111111111111111111100000000000000000000000000000000111111111111111111111111111111111111111111
111111111111111111111111111111111111111111111111111000000000000000000000000001111111111111111111111111111111111111111111
111111111111111111111111111111111111111111111111111000000000000000000000000000111111111111111111111111111111111111111111
111111111111111111111111111111111111111111111111110000000000000000000000000000111111111111111111111111111111111111111111
111111111111111111111111111111111111111111111111111000000000000000000000001111111111111111111111111111111111111111111111
111111111111111111111111111111111111111111111111111111110000000000001111111111111111111111111111111111111111111111111111
111111111111111111110001111111111111111111111111111111100000000000000111111111111111111111111111111111111111111111111111
111111111111111111100000001111111111111111111111100000000000000000000000000001111111111111111111111111111111111110001111
111111111111111110000000000000111111111111111110000000000000000000000000000000011111111111111111111111111111111000000111
111111111111111000000000000000000111111111111100000000000000000000000000000000001111111111111111111111111000000000000001
111111111111100000000000000000000000111111111000000000000000000000000000000000000111111111111111111111000000000000000000
111111111110000000000000000000000000000000000000000000000000000000000000000000000011101111111111100000000000000000000000
111111111000000000000000000000000000000000000000000000000000000000000000000000000000000000000000000000000000000000000000
111111000000000000010001000000000000000000000000000000000000000000000000000000000000000000000000000000000000000000000000
111100000000000001111111111000000111000000000110000000000000000000000000000000001111000000000000000000000000000000000000
100000001100000011111111111111111111111000111111000000000000000000000000000000111111111100000000000000000000000000000000
111111111111111111111111111111111111111111111110000000000000000000000000000000111111111111000001111111000001111111001111
111111111111111111111111111111111111111111111110000000000000000000000000000000111111111111111111111111111111111111111111
111111111111111111111111111111111111111111111110000000000000000000000000000000111111111111111111111111111111111111111111
111111111111111111111111111111111111111111111111000000000000000000000000000000111111111111111111111111111111111111111111
111111111111111111111111111111111111111111111111110000000000000000000000111111111111111111111111111111111111111111111111
111111111111111111111111111111111111111111111111100000000000000000000000111111111111111111111111111111111111111111111111
111111111111111111111111111111111111111111111111000000000000000000000000011111111111111111111111111111111111111111111111
111111111111111111111111111111111111111111111110000000000000000000000000001111111111111111111111111111111111111111111111
111111111111111111111111111111111111111111111110000000000000000000000000011111111111111111111111111111111111111111111111
111111111111111111111111111111111111111111111110000000000000000000000000001111111111111111111111111111111111111111111111
111111111111111111111111111111111111111111111100000000000000000000000000000111111111111111111111111111111111111111111111
