111111111111111111111111111111111111111111111111111111111111111111111111111111111111111111111111111111111111111111111111
111111111111111111111111111111111111111111111111111111111111111111111111111111111111111111111111111111111111111111111111
111111111111111111111111111111111111111111111111111111111111111111111111111111111111111111111111111111111111111111111111
111111111111111111111111111111111111111111111111111111111111111111111111111111111111111111111111111111111111111111111111
111111111111111111111111111111111111111111111111111111111111111111111111111111111111111111111111111111111111111111111111
111111111111111111111111111111111111111111111111111110000000011111111111111111111111111111111111111111111111111111111111
111111111111111111111111111111111111111111111111100000000000000000000011111111111111111111111111111111111111111111111111
111111111111111111111111111111111111111111111111000000000000000000000000111000011111111111111111111111111111111111111111
111111111111111111111111111111111111111111111110000000000000000000000000000000011111111111111111111111111111111111111111
111111111111111111111111111111111111111111111100000000000000000000000000000000001111111111111111111111111111111111111111
111111111111111111111111111111111111111111111100000000000000000000000000000000000111111111111111111111111111111111111111
111111111111111111111111111111111111111111111100000000000000000000000000000000000011111111111111111111111111111111111111
111111111111111111111111111111111111111111100000000000000000000000000000000000111111111111111111111111111111111111111111
111111111111111111111111111111111111111111000000000000000000000000000000001000111111111111111111111111111111111111111111
111111111111111111111111111111111111111111110000000000000000000000000000000111111111111111111111111111111111111111111111
111111111111111111111111111111111111111111111110000000000000000000000000010111111111111111111111111111111111111111111111
111111111111111111111111111111111111111111111000000000000000000000000001111111111111111111111111111111111111111111111111
111111111111111111111111111111111111111111111000000000000000000000000000111111111111111111111111111111111111111111111111
111111111111111111111111111111111111111111111111100000000000000000000001111111111111111111111111111111111111111111111111
111111111110011111111111111111111111111111111111111110000000000000011111111111111111111111111111111111111111111111111111
111111111100000111111111111111111111111111111111111110000000000011111111111111111111111111111111111111111111111111111111
111111110000000000011111111111111111111111111000000000000000000000000001111111111111111111111111111110011111111111111111
111110000000000000000011111111111111111111100000000000000000000000000000011111111111111111111111000000001111111111111111
111000000000000000000000111111111111111111000000000000000000000000000000000111111111111111100000000000000011111111111111
000000000000000000000000000111111111111110000000000000000000000000000000000011111111111000000000000000000001111111111111
000000000000000000000000000000000000001100000000000000000000000000000000000000000000000000000000000000000000011111111111
000000000000000000000000000000000000000000000000000000000000000000000000000000000000000000000000000000000000000111111111
000000111101111000000000000000000000001111100000000000000000000000000000000000000000000000000000000000000000000001111111
100011111111111110001111110000000011111111100000000000000000000000000000000110000000000000000000000000000000000000011111
111111111111111111111111111100011111111111110000000000000000000000000000001111110001111111000111111111111000000000000011
111111111111111111111111111111111111111111110000000000000000000000000000001111111111111111111111111111111110000000000000
111111111111111111111111111111111111111111110000000000000000000000000000001111111111111111111111111111111111001111100000
111111111111111111111111111111111111111111110000000000000000000000000000000111111111111111111111111111111111111111111111
111111111111111111111111111111111111111111111000000000000000000000001000001111111111111111111111111111111111111111111111
111111111111111111111111111111111111111111111111000000000000000000000111111111111111111111111111111111111111111111111111
111111111111111111111111111111111111111111111110000000000000000000000011111111111111111111111111111111111111111111111111
111111111111111111111111111111111111111111111100000000000000000000000001111111111111111111111111111111111111111111111111
111111111111111111111111111111111111111111111110000000000000000000000001111111111111111111111111111111111111111111111111
111111111111111111111111111111111111111111111100000000000000000000000001111111111111111111111111111111111111111111111111
111111111111111111111111111111111111111111111000000000000000000000000000111111111111111111111111111111111111111111111111
