000000000000000000000000000000000000000000000000000000000000000000000000000000000000000000000000000000000000000000000000
000000000000000000000000000000000000000000000000000000000000000000000000000000000000000000000000000000000000000000000000
000000000000000000000000000000000000000000000000000000000000000000000000000000000000000000000000000000000000000000000000
000000000000000000000000000000000000000000000000000000000000000000000000000000000000000000000000000000000000000000000000
000000000000000000000000000000000000000000000000000000000000000000000000000000000000000000000000000000000000000000000000
000000000000000000000000000000000000000000000000000000000000000000000000000000000000000000000000000000000000000000000000
000000000000000000000000000000000000000000000000000000000000000000000000000000000000000000000000000000000000000000000000
000000000000000000000000000000000000000000000000000000000000000000000000000000000000000000000000000000000000000000000000
000000000000000000000000000000000000000000000000000000000000000000000000000000000000000000000000000000000000000000000000
000000000000000000000000000000000000000000000000000000000000000000000000000000000000000000000000000000000000000000000000
000000000000000000000000000000000000000000000000000000000000000000000000000000000000000000000000000000000000000000000000
000000000000000000000000000000000000000000000000000000000000000000000000000000000000000000000000000000000000000000000000
000000000000000000000000000000000000000000000000000000000000000000000000000000000000000000000000000000000000000000000000
000000000000000000000000000000000000000000000000000000000000000000000000000000000000000000000000000000000000000000000000
000000000000000000000000000000000000000000000000000000000000000000000000000000000000000000000000000000000000000000000000
000000000000000000000000000000000000000000000000000000000000000000000000000000000000000000000000000000000000000000000000
000000000000000000000000000000000000000000000000000000000000000000000000000000000000000000000000000000000000000000000000
000000000000000000000000000000000000000000000000000000000000000000000000000000000000000000000000000000000000000000000000
000000000000000000000000000000000000000000000000000000000000000000000000000000000000000000000000000000000000000000000000
000000000000000000000000000000000000000000000000000000000000000000000000000000000000000000000000000000000000000000000000
000000000000000000000000000000000000000000000000000000000000000000000000000000000000000000000000000000000000000000000000
000000000000000000000000000000000000000000000000000000000000000000000000000000000000000000000000000000000000000000000000
000000000000000000000000000000000000000000000000000000000000000000000000000000000000000000000000000000000000000000000000
000000000000000000000000000000000000000000000011100000000000000000000000000000000000000000000000000000000000000000000000
000000000000000000000000000000000011111111111111110000000000111100000000000000000000000000000000000000000000000000000000
000000000000000000000000000000000001111111111111111000000001111111111000000000000000000000000000000000000000000000000000
000000000000000000000000000000000001111111111111111110000001111111111111110000000000000000000000000000000000000000000000
000000000000000000000000000000000001111111111111111111100001111111111111111110000000000000000000000000000000000000000000
000000000000000000000000000000000000111111011111111111111001111111111111111100010000000000000000000000000000000000000000
000000000000000000000000000000000000111111110000011111111110111111111111111100111110000000000000000000000000000000000000
000000000000000000000000000000000000011111111100001111111111111111111111111001111111110000000000000000000000000000000000
000000000000000000000000000000000000000111111111100111111111111111000000000111111111111110000000000000000000000000000000
000000000000000000000000000000000000000001111111111111111111111111111111001111111111111111111100000000000000000000000000
000000000000000000000000000000000000000000011111111111111111111111111111111111111111111111111111000000000000000000000000
000000000000000000000000000000000000000000011111111111111111111111111111111111111111111111000011100000000000000000000000
000000000000000000000000000000000000000000011111111111111111111111111111111111111111111000001111000000000000000000000000
000000000000000000000000000000000000000000111111111111111111111111111111111111111111111111111110000000000000000000000000
000000000000000000000000000000000000000000111111111111111111111111111111110000001111111111110000000000000000000000000000
000000000000000000000000000000000000000000011111111111111111111111111000000000000000000000000000000000000000000000000000
000000000000000000000000000000000000000000001111111111111111111111110000000000000000000000000000000000000000000000000000
