000000000000000000000000000000000000000000000000000000000000000000000000000000000000000000000000000000000000000000000000
000000000000000000000000000000000000000000000000000000000000000000000000000000000000000000000000000000000000000000000000
000000000000000000000000000000000000000000000000000000000000000000000000000000000000000000000000000000000000000000000000
000000000000000000000000000000000000000000000000000000000000000000000000000000000000000000000000000000000000000000000000
000000000000000000000000000000000000000000000000000000000000000000000000000000000000000000000000000000000000000000000000
000000000000000000000000000000000000000000000011111111111111111111111111111111110000000000000000000000000000000000000000
000000000000000000000000000000000000000000111111111111111111111111111111111111111111111111111111111111000000000000001111
000000000000000000000000000000000000000011111111111111111111111111111111111111111111111111111111111111111111101111111111
000000000000000000000000000000000000000111111111111111111111111111111111111111111111111111111111111111111111111111111111
000000000000000000000000000000000000000011111111111111000000111111111111111111111111111111111111111111111111111111111111
000000000000000000000000000000000000000011000111111110000000000111111110001111111111111111111111111111111111111111111111
000000000000000000000000000000000000000000000111011100000000000111000000000000111111111111111111111111111111111111111111
000000000000000000000000000000000000000000000111001100000000000110000000000000000011111111111111111111111111111111111111
000000000000000000000000000000000000000000000010000000000000000000000000000000000000000111111111111111111111111111111111
000000000000000000000000000000000000000000000000000000000000000000000000000000000000000000011111111111111111111111111111
000000000000000000000000000000000000000000000000000000000000000000000000000000000000000000000001111111111111111111111111
000000000000000000000000000000000000000000000000000000000000000000000000000000000000000000000000000011111111111111100000
000000000000000000000000000000000000000000000000000000000000000000000000000000000000000000000000000000000000000000000000
000000000000000000000000000000000000000000000000000000000000000000000000000000000000000000000000000000000000000000000000
000000000000000000000000000000000000000000000000000000000000000000000000000000000000000000000000000000000000000000000000
000000000000000000000000000000000000000000000000000000000000000000000000000000000000000000000000000000000000000000000000
000000000000000000000000000000000000000000000000000000000000000000000000000000000000000000000000000000000000000000000000
000000000000000000000000000000000000000000000000000000000000000000000000000000000000000000000000000000000000000000000000
000000000000000000000000000000000000000000000000000000000000000000000000000000000000000000000000000000000000000000000000
000000000000000000000000000000000000000000000000000000000000000000000000000000000000000000000000000000000000000000000000
000000000000000000000000000000000000000000000000000000000000000000000000000000000000000000000000000000000000000000000000
000000000000000000000000000000000000000000000000000000000000000000000000000000000000000000000000000000000000000000000000
000000000000000000000000000000000000000000000001100000000000000000000000000000000000000000000000000000000000000000000000
000000000000000000000000000000000000000000000001111111100000000000000000000000000000000000000000000000000000000000000000
000000000000000000000000000000000000000000000111111111100000000000000000000000000000000000000000000000000000000000000000
000000000000000000000000000000000000000000000011111111110000000000000000000000000000000000000000000000000000000000000000
000000000000000000000000000000000000000000000011111111110000000000000000000000000000000000000000000000000000000000000000
000000000000000000000000000000000000000000000001111111111000000000000000000000000000000000000000000000000000000000000000
000000000000000000000000000000000000000000000000011111111100000000000000000000000000000000000000000000000000000000000000
000000000000000000000000000000000000000000000000000111111110000000000000000000000000000000000000000000000000000000000000
000000000000000000000000000000000000000000000000000011111111110000000000000000000000000000000000000000000000000000000000
000000000000000000000000000000000000000000000000000011111111100000000000000000000000000000000000000000000000000000000000
000000000000000000000000000000000000000000000000000011111100000000000000000000000000000000000000000000000000000000000000
000000000000000000000000000000000000000000000000000000000000000000000000000000000000000000000000000000000000000000000000
000000000000000000000000000000000000000000000000000000000000000000000000000000000000000000000000000000000000000000000000
