111111111111111111111111111111111111111111111111111111111111100000000000000000011111111111111111111111111111111111111111
111111111111111111111111111111111111111111111111111111111111110000000000000000000000000000011111111111111111111111111111
111111111111111111111111111111111111111111111111111111111111111000000000000000000000000000000011111111111111111111111111
111111111111111111111111111111111111111111111111111111111111111110000000000000000000000000000000111111111111111111111111
111111111111111111111111111111111111111111111111111111111111100000000000000000000000000000000000011111111111111111111111
111111111111111111111111111111111111111111111111111111111100000000000000000000000000000000000000001111111111111111111111
111111111111111111111111111111111111111111111111111111110000000000000000000000000000000000000000001111111111111111111111
111111111111111111111111111111111111111111111111111111000000000000000000000000000000000000000000000111111111111111111111
111111111111111111111111111111111111111111111111111110000000000000000000000000000000000000000000000011111111111111111111
111111111111111111111111111111111111111111111111111100000000000000000000000000000000000000000000000001111111111111111111
111111111111111111111111111111111111111111111111111100000000000000000000000000000000000000000000000000111111111111111111
111111111111111111111111111111111111111111111111111000000000000000000000000000000000000000000000000000011111111111111111
111111111111111111111111111111111111111111111111111000000000000000000000000000000000000000000000000000011111111111111111
111111111111111111111111111111111111111111111111111000000000000000000000000000000000000000000000000000001111111111111111
111111111111111111111111111111111111111111111111111100000000000000000000000000000000000000000000000000001111111111111111
111111111111111111111111111111111111111111111111111110000000000000000000000000000000000000000000000000001111111111111111
111111111111111111111111111111111111111111111111111111100000000000000000000000000000000000000000000000000111111111111111
111111111111111111111111111111111111111111111111111111111111000000000000000000000000000000000000000000000111111111111111
111111111111111111111111111111111111111111111111111111111111000000000000000000000000000000000000000000000111111111111111
111111111111111111111111111111111111111111111111111111111110000000000000000000000000000000000000000000000111111111111111
111111111111111111111111111111111111111111111111111111111111110000000000000000000000000000000000000000000011111111111111
111111111111111111111111111111111111111111111101111111111111111000000000000000000000000000000000000000000011111111111111
111111111111111111111111111111111111111111110000000000001111111110000000000000000000000000000000000000000011111111111111
111111111111111111111111111111111111111100000000000000000111111110000000111000000000000000000000000000000011111111111111
111111111111111111111111111111111111111000000000000000000111111110000000111000000000000000000000000000000011111111111111
111111111111111111111111111111111111110000000000000000000011111110000000100000000000000000000000000000000001111111111111
111111111111111111111111111111111111110000000000000000000011111111000001000000000000000000000000000001001001111111111111
111111111111111111111111111111111111111000000000000000000011111111100000000000000000000000000000000100110110111111111111
111111111111111111111111111111111111111000000000000000000000111111100000000000000000000000000000000111111011111111111111
111111111111111111111111111111111111111100000000000000000000001111110000000000000000000000000000000011111111111111111111
111111111111111111111111111111111111111111000000000000000000000001110000000000000000000000000000000001111111111111111111
111111111111111111111111111111111111111111111100000000000000000000000000000000000000000000000000001000011111111111111111
111111111111111111111111111111111111111111111100000000000000000000000000000000000000000000000000000111111111111111111111
111111111111111111111111111111111111111111111100000000000000000000000000000000000000000000000000000111111111111111111111
111111111111111111111111111111111111111111111000000000000000000000000000000000000000000000000000000011111111111111111111
111111111111111111111111111111111111111111110000000000000000000000000000000000000000000000000000000011111111111111111111
111111111111111111111111111111111111111111110000000000000000000000000000000000000000000000000000000001111111111111111111
111111111111111111111111111111111111111111110000000000000000000000000000000000000000000000000000000000111111111111111111
111111111111111111111111111111111111111111110000000000000000000000000000000000000000000000000000000000111111000011111111
111111111111111111111111111111111111111111110000000000000000000000000000000000000000000000000000000000011000000111111111
