000111111111111111111111111111111111111111111111111110000000000000000000111111111111111111111111111111111111111111111000
000111111111111111111111111111111111111111111111111110000000000000000001111111111111111111111111111111111111111111111000
000111111111111111111111111111111111111111111111111111000000000000000111111111111111111111111111111111111111111111111000
000111111111111111111111111111111111111111111111111111000000000000001111111111111111111111111111111111111111111111111000
000111111111111111111111111111111111111111111111111111000000000000111111100111000000001111111111111111111111111111111000
000111111111111111111111111111111111111111111111111111100000000001111010001100000000000011111111111111111111111111111000
000111111111111111111111111111111111111111111111111111100000000011110000000000000000000011111111111111111111111111111000
000111111111111111111111111111111111111111111111111111100000000000000000000000000000000111111111111111111111111111111000
000111111111111111111111111111111111111111111111111111100000000000000000000000000000001111111111111111111111111111111000
000111111111111111111111111111111111111111111111111111100000000000000000000000000000111111111111111111111111111111111000
000111111111111111111111111111111111111111111111111111000000000000000000000000000001111111111111111111111111111111111000
000111111111111111111111111111111111111111111111111111000000000000000000000000000001111111111111111111111111111111111000
000111111111111111111111111111111111111111111111111111100000000000000000000000011111111111111111111111111111111111111000
000111111111111111111111111111111111111111111111111111000000000000000000000001111111111111111111111111111111111111111000
000111111111111111111111111111111111111111111111111100000000000000000000000011111111111111111111111111111111111111111000
000111111111111111111111111111111111111111111111111000000001110000000000000010000111111111111111111111111111111111111000
000111111111111111111111111111111111111111111111100000000111000000000000000000000001111111111111111111111111111111111000
000111111111111111111111111111111111111000000000000000011110000000000000000000000011111111111111111111111111111111111000
000111111111111111111111111111111111111100000000000000111000000000000000000000011111111111111111111111111111111111111000
000111111111111111111111111111111111111111111111111000000000000000000000000011111111111111111111111111111111111111111000
000111111111111111111111111111111111111111111111110000000000000000000000011111111111111111111111111111111111111111111000
000111111111111111111111111111111111111111111111000000000000000000000000001110001111111111111111111111111111111111111000
000111111111111111111111111111111111111111111111000000000000000000000000000000111111111111111111111111111111111111111000
000111111111111111111111111111111111111111111111100011111100100000000000000001111111111111111111111111111111111111111000
000111111111111111111111111111111111111111111111111111111111111000000000000011111111111111111111111111111111111111111000
000111111111111111111111111111111111111111111111111111111111111110000000000111111111111111111111111111111111111111111000
000111111111111111111111111111111111111111111111111111111111111111111111111111111111111111111111111111111111111111111000
000111111111111111111111111111111111111111111111111111111111111111111111111111111111111111111111111111111111111111111000
000111111111111111111111111111111111111111111111111111111111111111111111111111111111111111111111111111111111111111111000
000111111111111111111111111111111111111111111111111111111111111111111111111111111111111111111111111111111111111111111000
000111111111111111111111111111111111111111111111111111111111111111111111111111111111111111111111111111111111111111111000
000111111111111111111111111111111111111111111111111111111111111111111111111111111111111111111111111111111111111111111000
000111111111111111111111111111111111111111111111111111111111111111111111111111111111111111111111111111111111111111111000
000111111111111111111111111111111111111111111111111111111111111111111111111111111111111111111111111111111111111111111000
000111111111111111111111111111111111111111111111111111111111111111111111111111111111111111111111111111111111111111111000
000111111111111111111111111111111111111111111111111111111111111111111111111111111111111111111111111111111111111111111000
000111111111111111111111111111111111111111111111111111111111111111111111111111111111111111111111111111111111111111111000
000111111111111111111111111111111111111111111111111111111111111111111111111111111111111111111111111111111111111111111000
000111111111111111111111111111111111111111111111111111111111111111111111111111111111111111111111111111111111111111111000
000111111111111111111111111111111111111111111111111111111111111111111111111111111111111111111111111111111111111111111000
