111111111111111111111111111111111111111111111111111111111111111111111111111111111111111111111111111111111111111111111111
111111111111111111111111111111111111111111111111111111111111111111111111111111111111100111111111111111111111111111111111
111111111111111111111111111111111111111111111111111111111111111111111111111111110000000000111111111111111111111111111111
111111111111111111111111111111111111111111111111111111111111111111111111111111100000000000011111111111111111111111111111
111111111111111111111111111111111111111111111111111111111111111111111111000000000000000000011111111111111111111111111111
111111111111111111111111111111111111111111111111111111111111111111111000000000000000000000000111111111111111111111111111
111111111111111111111111111111111111111111111111111111111111111111100000000000000000000000000011111111111111111111111111
111111111111111111111111111111111111111111111111111111111111111111000000000000000000000000000001111111111111111111111111
111111111111111111111111111111111111111111111111111111111111111111000000000000000000000000000000111111111111111111111111
111111111111111111111111111111111111111111111111111111111111111111000000000000000000000000000000111111111111111111111111
111111111111111111111111111111111111111111111111111111111111111111100000000000000000000000000000011111111111111111111111
111111111111111111111111111111111111111111111111111111111111111111111000000000000000000000000000111111111111111111111111
111111111111111111111111111111111111111111111111111111111111111111100000000000000000000000000000111111111111111111111111
111111111111111111111111111111111111111111111111111111111111111111110000000000000000000000000000011111111111111111111111
111111111111111111111111111111111111111111111111111111111111111111110000000000000000000000000001011100111111111111111111
111111111111111111111111111111111111111111111111111111111111111111111000000000000000000000000001011000011111111111111111
111111111111111111111111111111111111111111111111111111111111111111111111110000000000000000000001000000000111111111111111
111111111111111111111111111111111111111111111111111111111111111111111111110000000000000000000000000000000001111111111111
111111111111111111111111111111111111111111111111111111111111111111111111110000000000000000000000000000000000011111111111
111111111111111111111111111111111111111111111111111111111111111111111111000000000000000000000000000000000000000011111111
111111111111111111111111111111111111111111111000000000001111111111111100000000000000000000000000000000000000000000011111
111111111111111111111111111111111111111111111100000000000000111111100000000000000000000000000000000000000000000000000001
111111111111111111111111111000000111111111111111000000000111111110000000000000000000000000000000000000000000000000000000
111111111111111111111111111000000001111111111111100000000111111100000000000000000000000000000000000000000000000000000000
111111111111111111111111111110000000011111111111110000000111111100000000000000000000000000000000000000000000000000000000
111111111111111111111111111111100000000111111111111000000011111000000000000000000000000000000000000000000000000000000000
111111111111111111111111111111111000000001111111111000000001111000000000000000000000000000000000000000000000000000000000
111111111111111111111111111111111100000000000111111100000001100000000000000000000000000000000000010000000000000000000000
111111111111111111111111111111111110000000000000011110000000000000000000000000000000000000000011111000000000000000000000
111111111111111111111111111111111111000000000000000110000000000000000000000000000000001111111111110000000000000000000000
111111111111111111111111111111111111100000000000000000000000000000000000000000000000000111111111110100000000000000000000
111111111111111111111111111111111111111111000000000000000000000000000000000000000000100111111111111100000000000000000000
111111111111111111111111111111111111111111111111111000000000000000000000000000000000100111111111111100000000000000000000
111111111111111111111111111111111111111111111111111100000000000000000000000000000001100111111111111110000000000000000000
111111111111111111111111111111111111111111111111111111100000000000000000000000000000100111111111111100000000000000000000
111111111111111111111111111111111111111111111111111111111110000000000000000000000000000111111111111111001000000000000000
111111111111111111111111111111111111111111111111111111111111100000000000000000000000000011111111111111110001000000000000
111111111111111111111111111111111111111111111111111111111111000000000000000000000000000011111111111111111011000000000000
111111111111111111111111111111111111111111111111111111111111000000000000000000000000000000011111111111111110000000000000
111111111111111111111111111111111111111111111111111111111111100000000000000000000000000000001111111111111110000000000000
