000000000000000000000000000000000000000000000000000000000000000000000000000000000000000000000000000000000000000000000000
000000000000000000000000000000000000000000000000000000000000000000000000000000000000000000000000000000000000000000000000
000000000000000000000000000000000000000000000000000000000000000000000000000000000000000000000000000000000000000000000000
000000000000000000000000000000000000000000000000000000000000000000000000000000000000000000000000000000000000000000000000
000000000000000000000000000000000000000000000000000000000000000000000000000000000000000000000000000000000000000000000000
000000000000000000000000000000000000000000000000000000000000000000000000000000000000000000000000000000000000000000000000
000000000000000000000000000000000000000000000000000000000000000000000000000000000000000000000000000000000000000000000000
000000000000000000000000000000000000000000000000000000000000000000000000000000000000111000000000000000000000000000000000
000000000000000000000000000000000000000000000000000000000000000000000000000000000111111111000000000000000000000000000000
000000000000000000000000000000000000000000000000000000000000000000000000001111011111111100000000000000000000000000000000
000000000000000000000000000000000000000000000000000000000000000000000000001111111111111110000000000000000000000000000000
000000000000000000000000000000000000000000000000000000000000000000000000000000111111111111111100000000000000000000000000
000000000000000000000000000000000000000000000000000000000000000000000000000000001111111111111000000000000000000000000000
000000000000000000000000000000000000000000000000000000000000000000000000000000011111111111111110000000000000000000000000
000000000000000000000000000000000000000000000000000000000000000000000000000000011111111111111110000000000000000000000000
000000000000000000000000000000000000000000000000000000000000000000000000000000001111111110000111110000000000000000000000
000000000000000000000000000000000000000000000000000000000000000000000000000000001111111111111111100000000000000000000000
000000000000000000000000000000000000000000000000000000000000000000000000000000000001111111111111111000000000111111100000
000000000000000000000000000000000000000000000000000000000000000000000000000000000011111111111111111001111111111111111100
000000000000000000000000000000000000000000000000000000000000000000000000000000000111111111111111111111111111111111111111
000000000000000000000000000000000000000000000000000000000000000111111000000000011111111111111111111111111111111111111111
000000000000000000000000000000000000000000000000000000000000000001111111111111111111111111111111111111111111111111111111
000000000000000000000000000000000000000000000000000000000000000000000000110000011111111111111111111111111111111111111111
000000000000000000000000000000000000000000000000000000000000000000000000000000000000000111011110000111111111111111111111
000000000000000000000000000000000000000000000000000000000000000000000000000000000000000110011110000000000000111111111100
000000000000000000000000000000000000000000000000000000000000000000000000000000000000000000000000000000000000000001000000
000000000000000000000000000000000000000000000000000000000000000000000000000000000000000000000000000000000000000000000000
000000000000000000000000000000000000000000000000000000000000000000000000000000000000000000000000000000000000000000000000
000000000000000000000000000000000000000000000000000000000000000000000000000000000000000000000000000000000000000000000000
000000000000000000000000000000000000000000000000000000000000000000000000000000000000000000000000000000000000000000000000
000000000000000000000000000000000000000000000000000000000000000000000000000000000000000000000000000000000000000000000000
000000000000000000000000000000000000000000000000000000000000000000000000000000000000000000000000000000000000000000000000
000000000000000000000000000000000000000000000000000000000000000000000000000000000000000000000000000000000000000000000000
000000000000000000000000000000000000000000000000000000000000000000000000000000000000000000000000000000000000000000000000
000000000000000000000000000000000000000000000000000000000000000000000000000000000000000000000000000000000000000000000000
000000000000000000000000000000000000000000000000000000000000000000000000000000000000000000000000000000000000000000000000
000000000000000000000000000000000000000000000000000000000000000000000000000000000000000000000000000000000000000000000000
000000000000000000000000000000000000000000000000000000000000000000000000000000000000000000000000000000000000000000000000
000000000000000000000000000000000000000000000000000000000000000000000000000000000000000000000000000000000000000000000000
000000000000000000000000000000000000000000000000000000000000000000000000000000000000000000000000000000000000000000000000
