000000000000000000000000000000000000000000000000000000000000000000000000000000000000000000000000000000000000000000000000
000000000000000000000000000000000000000000111111000000000000000000000000000000000000000000000000000000000000000000000000
000000000000000000000000000000000111111111111111111111111000000000000000000000000000000000000000000000000000000000000000
000000000000000000000100000011111111111111111111111111111111000000000000000000000000000000000000000000000000000000000000
000000000000000000000001111111111111111111111111111111111110000000000000000000000000000000000000000000000000000000000000
000000000000000000000011111111111111111111111111111111111110000000000000000000000000000000000000000000000000000000000000
000000000000000000001111111111111111111111111111111111100000000000110000000000000000000000000000000000000000000000000000
000000000000000000111111111111111111111111111111111111100000000000000000000000000000000000000000000000000000000000000000
000000000000000001111111111111111111111111111111111111000000000000000000000000000000000000000000000000000000000000000000
000000000000000011111111111111111111111111111111111100000000000000000000000000000000000000000000000000000000000000000000
000000000000001111111111111111111111111111111111100000000000000000000000000000000000000000000000000000000000000000000000
000000000000011111111111111111111111111111111111100000000000000000000000000000000000000000000000000000000000000000000000
000000000000011111111111111111111111111111111100000000000000000000000000000000000000000000000000000000000000000000000000
000000000000111111111111111111111111111111111000000000000000000000000000000000000000000000000000000000000000000000000000
000000000000111111111111111111111111111111110000000000000000000000000000000000000000000000000000000000000000000000000000
000000000000111111111111111111111111111111111000000000000000000000000000000000000000000000000000000000000000000000000000
000000000000111111111111111111111101111111111110000000000000000000000000000000000000000000000000000000000000000000000000
000000000000111111111111111100000001111111111111100000000000000000000000000000000000000000000000000000000000000000000000
000000000000111111111111100000000001111111111111110000000000000000000000000000000000000000000000000000000000000000000000
000000000000011111111110000000000011111111111111110100000100000000000000000000000000000000000000000000000000000000000000
000000000000000000000000000000000011111111111111100111100011000000000000000000000000000000000000000000000000000000000000
000000000000000000000000000000000111111111111111101111111011000000000000000000000000000000000000000000000000000000000000
000000000000000000000000000000000111111111111111111111110110000000000000000000000000000000000000000000000000000000000000
000000000000000000000000000000000111111111111111111110000000000000000000000000000000000000000000000000000000000000000000
000000000000000000000000000000000011111111111111100000000000000000000000000000000000000000000000000000000000000000000000
000000000000000000000000000000000011111111111111100000000000000000000000000000000000000000000000000000000000000000000000
000000000000000000000000000000000111111111111111110000000000000000000000000000000000000000000000000000000000000000000000
000000000000000000000000000000011111111111111111110000000000000000000000000000000000000000000000000000000000000000000000
000000000000000000000000000001111111111111111111110000000000000000000000000000000000000000000000000000000000000000000000
000000000000000000000000001111111111111111111111110000000000000000000000000000000000000000000000000000000000000000000000
000000000000000000000011111111111111111111111111110000000000000000000000000000000000000000000000000000000000000000000000
000000000000000001111111111111111111111111111111110000000000000000000000000000000000000000000000000000000000000000000000
000000000001111111111111111111111111111111111111110000000000000000000000000000000000000000000000000000000000000000000000
000000000011111111111111111111111111111111111111110000000000000000000000000000000000000000000000000000000000000000000000
000000000111111111111111111111111111111111111111111000000000000000000000000000000000000000000000000000000000000000000000
000000000111111111111111111111111111111111111111111000000000000000000000000000000000000000000000000000000000000000000000
000000000111111111111111111111111111111111111111111000000000000000001000000000000000000000000000000000000000000000000000
000000000111111111111111111111111111111111111111111000000000000000000000000000000000000000000000000000000000000000000000
000000000000000000000111111111111111111111111111111011100000000000000000000000000000000000000000000000000000000000000000
000000000000000000000000111111111111111111111111111000111000000000000000000000000000000000000000000000000000000000000000
