111111111111111111111111111111111111111111111111111111111111111111111111111111111111111111111111111111111111111111111111
111111111111111111111111111111111111111111111111111111111111111111111111111111111111111111111111111111111111111111111111
111111111111111111111111111111111111111111111111111111111111111111111111111111111111111111111111111110111111111111111111
111111111111111111111111111111111111111111111111111111111111111111111111111111111111111111111111100011111111111111111111
111111111111111111111111111111111111111111111111111111111111111111111111111111111111111111111110000111111111111111111111
111111111111111111111111111111111111111111111111111111111111111111111111111111111111111111110000011111111111111111111111
111111111111111111111111111110000000111111111111111111111111111111111111111111111111111110000000011111111111111111111111
111111111111111111111111100000000000000011111111111111111111111111111111111111111111111000000000001111111111111111111111
111111111111111111111110000000000000000000011111111111111111111111111111111111111111000000000000111111111111111111111111
111111111111111111111100000000000000000000001111111111111111111111111111100111110000000001111111111111111111111111111111
111111111111111111111000000000000000000000000111111111111111111100000000000110000000000111111111111111111111111111111111
111111111111111111110000000000000000000000000000000001111111000000000000000000000000111111111111111111111111111111111111
111111111111111111110000000000000000000000000000000000001110000000000000000000000011000000001111111111111111111111111111
111111111111111111110000000000000000000000000000000000000110000000000000000000000000000000001111111111111111111111111111
111111111111111111110000000000000000000000000000000000000010000000000000000000000000000000001111111111111111111111111111
111111111111111111111000000000000000000000000000000000000000000000000000000000000000000000001111111111111111111111111111
111111111111111111111110000000000000000000000000000000000000000000000000000000000000000000011111111111111111111111111111
111111111111111111111111110000000000000000000000000000000000000000000000000000000000000000111111111111111111111111111111
111111111111111111111111111111111110000000000000000000011000000000000000000000000000000001111111111111111111111111111111
111111111111111111111111111111111000000000100000000011111100000000000000000000000001100111111111111111111111111111111111
111111111111111111111111111111110000000001111111111111111100000000000000000000000001111111111111111111111111111111111111
111111111111111111111111111111001000000000111111111111111000000000000000000000000011111111111111111111111111111111111111
111111111111111111111111111111111100000000111111111111110000000000000000000000000011111111111111111111111111111111111111
111111111111111111111111111111111110000000111111111111110000000000000000000000000111111111111111111111111111111111111111
111111111111111111111111111111111110000000111111111110000000000000000000000000000111111111111111111111111111111111111111
111111111111111111111111111111111111000000011000000000000000000000000000000000001111111111111111111111111111111111111111
111111111111111111111111111111111111000000000000000000000000000000000000000000001111111111111111111111111111111111111111
111111111111111111111111111111111111000000000000000000000000000000000000000000001111111111111111111111111111111111111111
111111111111111111111111111111111111100000000111100000000000000000000000000000011111111111111111111111111111111111111111
111111111111111111111111111111111111110011111111100000000000000000000000000000000111111111111111111111111111111111111111
111111111111111111111111111111111111110011111111100000000000000000000000000000000001111111111111111111111111111111111111
111111111111111111111111111111111111101101111111100000000000000000000000000000000000011111111111111111111111111111111111
111111111111111111111111111111111111111101111111100000000000000000000000000000000000000111111111111111111111111111111111
111111111111111111111111111111111111111011111111100000000000000000001000000000100000000001111111111111111111111111111111
111111111111111111111111111111111111110011111111100000000000000000001100000001111000000001111111111111111111111111111111
111111111111111111111111111111111111111101111111110000000000000000001100000001100000000001111111111111111111111111111111
111111111111111111111111111111111111110101111111110000000000000000001000000000000000000011111111111111111111111111111111
111111111111111111111111111111111111111011111111110000000000000000001100000000000000000111111111111111111111111111111111
111111111111111111111111111111111111110011111111100000000000000000000000000000000000011111111111111111111111111111111111
111111111111111111111111111111111111101101111111000000000000000000000000000000000001111111111111111111111111111111111111
