111111111111111111111111111111111111111111111111111111111111111111111111111111111111111111111110000000000000000000001111
111111111111111111111111111111111111111111111111111111111111111111111111111111111111111111111111000000000000000000000011
111111111111111111111111111111111111111111111111111111111111111111111111111111111111111111111111100000000000000000000001
111111111111111111111111111111111111111111111111111111111111111111111111111111111111111111111111111000000000000000000000
111111111111111111111111111111111111111111111111111111111111111111111111111111111111111111111111110000000000000000000000
111111111111111111111111111111111111111111111111111111111111111111111111111111111111111111111111100000000000000000000001
111111111111111111111111111111111111111111111111111111111111111111111111111111111111111111111111000000000000000000000000
111111111111111111111111111111111111111111111111111111111111111111111111111111111111111111111111000000000000000000000000
111111111111111111111111111111111111111111111111111111111111111111111111111111111111111111111110000000000000000000000000
111111111111111111111111111111111111111111111111111111111111111111111111111111111111111111111100000110000000000000000000
111111111111111111111111111111111111111111111111111111111111111111111111111111111111111111111000001111000000000000000000
111111111111111111111111111111111111111111111111111111111111111111111111111111111111111111111000001111110000000000000000
111111111111111111111111111111111111111111111111111111111111111111111111111111111111111111110000011111111110000000000000
111111111111111111111111111111111111111111111111111111111100000111111111111111111111111111100000111111111100000000000000
111111111111111111111111111111111111111111111111111111111100000011111111111111111111111111000001111111111000000000000000
111111111111111111111111111111111111111111111111111111111110001111111111111111111111111111000001111111111000000000000000
111111111111111111111111111111111111111111111111111111111100000111111111111111111111111110000011111111111100000000000000
111111111111111111111111111111111111111111111111111111111100000111111111111111111111111110000011111111111000000000000000
111111111111111111111111111111111111111111111111111111111100000111111111111111111111111110000011111111100000011000000000
111111111111111111111111111111111111111111111111111111111000000111111111100000111111111110000011111111000001111100000000
111111111111111111111111111111111111111111111111111111111000000111111111111111000000001110000011111110000111111100000000
111111111111111111111111111111111111111111111111111111111000000011111111111111111111111000000000000000001111111000000000
111111111111111111111111111111111111111111111111111111110000000011111111111111111111111110000000111111011111110000000000
111111111111111111111111111111111111111111111111111111110000000011111111111111111111111111000000111111111111100000000000
111111111111111111111111111111111111111111111111111111110000000001111111111111111111111111111111111111111111000000000000
111111111111111111111111111111111111111111111111111111100000000001111111111111111111111111111111111111111100000000000000
111111111111111111111111111111111111111111111111111111100000000000111111111111111111111111111111111111111000000000000000
111111111111111111111111111111111111111111111111111111111110001111111111111111111111111111111111111111110000000000000000
111111111111111111111111111111111111111111111111111111111000000111111111111111111111111111111111111111000000000000000000
111111111111111111111111111111111111111111111111111111111111111111111111111111111111111111111111111110000000000000000000
111111111111111111111111111111111111111111111111111111111111111111111111111111111111111111111111111000000000000000000000
111111111111111111111111111111111111111111111111111111111111111111111111111111111111111111111111110000000000000000000000
111111111111111111111111111111111111111111111111111111111111111111111111111111111111111111111111000000000000000000000000
111111111111111111111111111111111111111111111111111111111111111111111111111111111111111111111110000000000000000000000000
111111111111111111111111111111111111111111111111111111111111111111111111111111111111111111111100000000000000000000000000
111111111111111111111111111111111111111111111111111111111111111111111111111111111111111111110000000000000000000000000000
111111111111111111111111111111111111111111111111111111111111111111111111111111111111111111100000000000000000000000000000
111111111111111111111111111111111111111111111111111111111111111111111111111111111111111111000000000000000000000000000000
111111111111111111111111111111111111111111111111111111111111111111111111111111111111111100000000000000000000000000000000
111111111111111111111111111111111111111111111111111111111111111111111111111111111111111000000000000000000000000000000000
