111111111111111111111111111111111111111111111111111111111111111111111111111111111111111111111110000000000000000000000000
111111111111111111111111111111111111111111111111111111111111111111111111111111111111111111111100000000000000000000000000
111111111111111111111111111111111111111111111111111111111111111111111111111111111111111111100000000000000000000000000000
111111111111111111111111111111111111111111111111111111111111111111111111111111111111111110000000000000000000000000000000
111111111111111111111111111111111111111111111111111111111111111111111111111111111111111100000000000000000000000000000000
111111111111111111111111111111111111111111111111111111111111111111111111111111111111111100000000000000000000000000000000
111111111111111111111111111111111111111111111111111111111111111111111111111111111111111000000000000000000000000000000001
111111111111111111111111111111111111111111111111111111111111111111111111111111111111111000000000000000000000000000111111
111111111111111111111111111111111111111111111111111111111111111111111111111111111111110000000000000000000000000001111111
111111111111111111111111111111111111111111111111111111111111111111111111111111111111110000000000000000000000000001111111
111111111111111111111111111111111111111111111111111111111111111111111111111111111111110000000000000000000000000001111111
111111111111111111111111111111111111111111111111111111111111111111111111111111111111110000000000000000000000000011111111
111111111111111111111111111111111111111111111111111111111111111111111111111111111111111000000000000000000000000011111111
111111111111111111111111111111111111111111111111111111111111111111111111111111111111111100000000000000000000000011111111
111111111111111111111111111111111111111111111111111111111111111111111111111111111111111000000000000000000000000011111111
111111111111111111111111111111111111111111111111110110111111111111111111111111111111111000000000000000000000000011111111
111111111111111111111111111111111111111111111111111000001111111111111111111111111111110000000000000000000000000011111111
111111111111111111111111111111111111111111111111000000000111111111111111111111111111000000000000000000000000000001111111
111111111111111111111111111111111111111111111110000000000011111111111111111111111000000000000000000000000000000000111111
111111111111111111111111111111111111111111111100000000000011111111111111111111100000000000000000000000000000000000111111
111111111111111111111111111111111111111111111100000000000111111111111111111110000000000000000000000000000000000000011111
111111111111111111111111111111111111111111111100000000000001111111111111110000000000000000000000000000000000000000000111
111111111111111111111111111111111111111111111100000000000000011111111111000000000000000000000000000000000000000000000011
111111111111111111111111111111111111111111111100000000000000000111000000000000000000000000000000000000000000000000000000
111111111111111111111111111111111111111111111100000000000000000000000000000000000000001100000000000000000000000000000000
111111111111111111111111111111111111111111111000000000000000000000000000000000000001111100000000000000000000000000000000
111111111111111111111111111111111111111111111000000000000000000000000000000000011111111000000000000000000000000000000000
111111111111111111111111111111111111111111111000000000000000000000000000000001111111111000000000000000000000000000000000
111111111111111111111111111111111111111111111000000000000000000000000000000111111111110000000000000000000000000000000000
111111111111111111111111111111111111111111111000000000000000000000000000000111111111100000000000000000000000000000000000
111111111111111111111111111111111111111111111100000000000000000000000000000001111111100000000000000000000000000000000000
111111111111111111111111111111111111111111111100000011100000000000000000000000111111000000000000000000000000000000000000
111111111111111111111111111111111111111111111110000111111100000000000000000000001110000000000000000000000000000000000000
111111111111111111111111111111111111111111111111111111111100000000000000000000000100000000000000000000000000000000000000
111111111111111111111111111111111111111111111111111111111100000000000000000000000000000000000000000000000000000000000000
111111111111111111111111111111111111111111111111111111111000000000000000000000000000000000000000000000000000000000000000
111111111111111111111111111111111111111111111111111111111000000000000000000000000000000000000000000000000000000000000000
111111111111111111111111111111111111111111111111111111111000000000000000000000000000000000000000000000000000000000000000
111111111111111111111111111111111111111111111111111111111000000000000000000000000000000000000000000000000000000000000000
111111111111111111111111111111111111111111111111111111110000000000000000000000000000000000000000000000000000000000000000
