000000000000000000000000000000000000011111111111111111111111111111111111111111111111111111111111111111111111111111111100
000000000000000000000000000000000000001111000111111111111111111111111111111111111111111111111111111111111111111111111100
000000000000000000000000000000000000000001111111111111111111111111111111111111111111111111111111111111111111111111111100
000000000000000000000000000000000000000000110000000111111111111111111111111111111111111111111111111111111111111111111100
000000000000000000000000000000000000000000001000000011111111111111111111111111111111111111111111111111111111111111111100
000000000000000000000000000000000000000000000011100101111111111111111111111111111111111111111111111111111111111111111000
000000000000000000000000000000000000000000000000000000010111111111111111111111111111111111111111111111111111111111111000
000000000000000000000000000000000000000000000000000000010000111111111111111111111111111111111111111111111111111111110000
000000000000000000000000000000000000000000000000000000001011111111111111111111111111111111111111111111111111111111111000
000000000000000000000000000000000000000000000000000000011111111111111111111111111111111111111111111111111111111111111111
000000000000000000000000000000000000000000000000001111111111111111111111111111111111111111111111111111111111111111111111
000000000000000000000000000000000000000000000000111111001111111111111111111111111111111111111111111111111111111111111111
000000000000000000000000000000000000000000000000111111111111111111111111111111111111111111111111111111111111111111111111
000000000000000000000000000000000000000000000011101111111111111111111111111111111111111111111111111111111111111111111111
000000000000000000000000000000000000000000001110001111111111111111111111111111111110011111111111111111111111111111111111
000000000000000000000000000000000000000000111000000111111111111111111111111111111111000011111111111111111111111111111111
000000000000000000000000000000000000000011100000000001111111111111111111111111111111000000011111111111111111111111111111
000000000000000000000000000000000000011111000000000000000111111111111111111111111111100010000111111111111111111111111111
000000000000000000000000000000000011111111100000000000000011111111111111111111111111100000000001111111111111111111111111
000000000000000000000000000000011111111111100000000000000011111111111111111111111111100000000000100000111111111111111111
000000000000000000000000000000111111111100000000000000000011111111111111111111111111110000000000010000000001111111111111
000000000000000000000000000000011111111100000000000000111001111111111111111111111111110000000000001000000000111111111111
000000000000000000000000000000000111111111100000000001111111111111111111111111111111110000000000000011000000001111111111
000000000000000000000000000000000001111111111000000011111111111111111111111111111111111000000000000000001111111111111111
000000000000000000000000000000000000011111111111111111111111111111111111111111111111111000000000000000000000000000000111
000000000000000000000000000000000000000111111111111111111111111111111111111111111111111000000000000000000000000000000010
000000000000000000000000000000000000000011111111111111111111111111111111111111111111111100000000000000000000000000000001
000000000000000000000000000000000000000000011111111111111111111111111111111111111111111100000000000000000000000000000000
000000000000000000000000000000000000000000000000000000111111111111111111111111111111111110000000000000000000000000000000
000000000000000000000000000000000000000000000000000001111111111111111111111111111111111110000000000000000000000000000000
000000000000000000000000000000000000000000000000000011111111111111111111111111111111111110000000000000000000000000000000
000000000000000000000000000000000000000000000000000111111111111111111111111111111111111111000000000000000000000000000000
000000000000000000000000000000000000000000000000011111111111111111111111111111111111111111000000000000000000000000000000
000000000000000000000000000000000000000000000001111110001111111111111111111111111111111111100000000000000000000000000000
000000000000000000000000000000000000000000000111111100000111111111111111111111111111111111110000000000000000000000000000
000000000000000000000000000000000000000000001111110000001111111111111111111111111111111111111000000000000000000000000000
000000000000000000000000000000000000000000001111000000001111111111111111111111111111111111111100000000000000000000000000
000000000000000000000000000000000000000000000000000000011111111111111111111111111111111111111100000000000000000000000000
000000000000000000000000000000000000000000000000000000011111111111111111111111111111111111111110000000000000000000000000
000000000000000000000000000000000000000000000000000000111111111111111111111111111111111111111111000000000000000000000000
