111111111111111111111111111111111111111111111111111111111111111111111111111111111111111111111111111111111111111111111111
111111111111111111111111111111111111111111111111111111111111111111111111111111111111111111111111111111111111111111111111
111111111111111111111111111111111111111111111111111111111111111111111111111111111111111111111111111111111111111111111111
111111111111111111111111111111111111111111111111111111111111111111111111111111111111111111111111111111111111111111111111
111111111111111111111111111111111111111111111111111111111111111111111111111111111111111111111111111111111111111111111111
111111111111111111111111111111111111111111111111111111111111111100001111111111111111111111111111111111111111111111111111
111111111111111111111111111111111111111111111111111111111111111100001111111111111111111111111111111111111111111111111111
111111111111111111111111111111111111111111111111111111111111111100011111111111111111111111111111111111111111111111111111
111111111111111111111111111111111111111111111111111111111111111000011111111111111111111111111111111111111111111111111111
111111111111111111111111111111111111111111111111111111111111111000111111111111111111111111111111111111111111111111111111
111111111111111111111111111111111111111111111111111111111111111000111111111000000000001111111111111111111111111111111111
111111111111111111111111111111111111111111111111111111111111110001111110000000000000000001111111111111111111111111111111
111111111111111111111111111111111111111111111111111111111111110001111100000000000000000000111111111111111111111111111111
111111111111111111111111111111111111111111111111111111111111100011110000000000000000000000011111111111111111111111111111
111111111111111111111111111111111111111111111111111111111111100011110000000000000000000000011111111111111111111111111111
111111111111111111111111111111111111111111111111111111111110000011111000000000000000000000001111111111111111111111111111
111111111111111111111111111111111111111111111111111111111110000001111100000000000000000000001111111111111111111111111111
111111111111111111111111111111111111111111111111111111111100000000111100000000000000000000001111111111111111111111111111
111111111111111111111111111111111111111111111111111111111100000000011110000000000000000000001111111111111111111111111111
111111111111111111111111111111111111111111111111111111111100011000001111000000000000000000011111111111111111111111111111
111111111111111111111111111111111111111111111111111111111100111110000000000000000000000000011111111111111111111111111111
111111111111111111111111111111111111111111111111111111111000111000000000000000000000000000011111111111111111111111111111
111111111111111111111111111111111111111111111111111111110001100000000000000000000000000000011111111111111111111111111111
111111111111111111111111111111111111111111111111111111110001100000000000000000000000000000011111111111111111111111111111
111111111111111111111111111111111111111111111111111111100011110000000000000000000000000000111111111111111111111111111111
111111111111111111111111111111111111111111111111111111100111110000000000000000000000000000111111111111111111111111111111
111111111111111111111111111111111111111111111111111111000111111000000000000000000000000000111111111111111111111111111111
111111111111111111111111111111111111111111111111111110001111111100000000000000000000000001111111111111111111111111111111
111111111111111111111111111111111111111111111111111110001111111110000000000000000000000001111111111111111111111111111111
111111111111111111111111111111111111111111111111111000001111111111100000000000000000000001111111111111111111111111111111
111111111111111111111111111111111111111111111111111000000000001111110000000000000000000011111111111111111111111111111111
111111111111111111111111111111111111111111111111110000000000000000000000000000000000000011111111111111111111111111111111
111111111111111111111111111111111111111111111111110000000000000000000000000000000000000111111111111111111111111111111111
111111111111111111111111111111111111111111111111111001100000000000000000000000000000000111111111111111111111111111111111
111111111111111111111111111111111111111111111111110001000000000000000000000000000000000111111111111111111111111111111111
111111111111111111111111111111111111111111111111110010000000000000000000000000000000000011111111111111111111111111111111
111111111111111111111111111111111111111111111111100010000000000000000000000000000000000011111111111111111111111111111111
111111111111111111111111111111111111111111111111100100000000000000000000000000000000000001111111111111111111111111111111
111111111111111111111111111111111111111111111111000000000000000000000000000000000000000001111111111111111111111111111111
111111111111111111111111111111111111111111111111000000000000000000010000000000000000000001111111111111111111111111111111
