000000000000000000000000000000000000000000000000000000000000000000000000000000000000000000000000000000000000000000000000
000000000000000000000000000000000000000000000000000000000000000000000000000000000000000000000000000000000000000000000000
000000000000000000000000000000000000000000000000000000000000000000000000000000000000000000000000000000000000000000000000
000000000000000000000000000000000000000000000000000000000000000000000000000000000000000000000000000000000000000000000000
000000000000000000000000000000000000000000000000000111111111110000000000000000000000000000000000000000000000000000000000
000000000000000000000000000000000000000000000001111111111111111111111111100000000000000000000000000000000000000000000000
000000000000000000000000000000000000000000001111111111111111111111111110000000000000000000000000000000000000000000000000
000000000000000000000000000000000000000000001111111111111111111111110000000000000000000000000000000000000000000000000000
000000000000000000000000000000000000000000001111111111111111111111111000000000000000000000000000000000000000000000000000
000000000000000000000000000000000000000000011111111111111111111111111110000000000000000000000000000000000000000000000000
000000000000000000000000000000000000000000011111111111111111111111111100000000000000000000000000000000000000000000000000
000000000000000000000000000000000000000001111111111111111111111111111000000000000000000000000000000000000000000000000000
000000000000000000000000000000000000000111111111111111111111111111110000000000000000000000000000000000000000000000000000
000000000000000000000000000000000000000000011111111111111111111111111000000000000000000000000000000000000000000000000000
000000000000000000000000000000000000000001111111111111111111111111100000000000000000000000000000000000000000000000000000
000000000000000000000000000000000000000011111111111111111111111111000000000000000000000000000000000000000000000000000000
000000000000111111111111111111111111111111111111111111111111111111000000000000000000000000000000000000000000000000000000
000000011111111111111111111111111111111111111111111111111111111110000000000000000000000000000000000000000000000000000000
111111111111111000000000000000000000011111111111111111111111111000000000000000000000000000000000000000000000000000000000
111111111000000000000000000000000000000000000011111111111111111100000000000000000000000000000000000000000000000000000000
111110000000000000000000000000000000000000000000011111111111111111111000000000000000000000000000000000000000000000000000
000000000000000000000000000000000000000000000000011111111111111111111111111100000000000000000000000000000000000000000000
000000000000000000000000000000000000000000000000011111111111111111111111111111110000000000000000000000000000000000000000
000000000000000000000000000000000000000000000000001111111111111111111111111111111100000000000000000000000000000000000000
000000000000000000000000000000000000000000000000001111111111111111111111111111111111110000000000000000000000000000000000
000000000000000000000000000000000000000000000000001111111111111111111111111111111111111110000000000000000000000000000000
000000000000000000000000000000000000000000000000000111111111111111111111111111000001111111111110000000000000000000000000
000000000000000000000000000000000000000000000000000111111111111111111111111111110000001111111111100000000000000000000000
000000000000000000000000000000000000000000000000000111111111111111111111111111000000011111111111110000000000000000000000
000000000000000000000000000000000000000000000000000011111111111111111111111111111111111111111111111100000000000000000000
000000000000000000000000000000000000000000000000000011111111111111111111111111111111111111111001111111000000000000000000
000000000000000000000000000000000000000000000000000011111111111111111111111111111111111111100000011111110000000000000000
000000000000000000000000000000000000000000000000000011111111111111110000000000001111111111100000000011111100000000000000
000000000000000000000000000000000000000000000000000011111111111111110000000000000000000010000000000000111111000000000000
000000000000000000000000000000000000000000000000000111111111111111110000000000000000000000000000000000011111100000000000
000000000000000000000000000000000000000000000000001111111111111111110000000000000000000000000000000000000111111000000000
000000000000000000000000000000000000000000000000011111111111111111111000000000000000000000000000000000000001111100000000
000000000000000000000000000000000000000000000001111111111111111111111000000000000000000000000000000000000000111111000000
000000000000000000000000000000000000000000000011111111111111111111111000000000000000000000000000000000000000011111100000
000000000000000000000000000000000000000000000111111111111111111111111100000000000000000000000000000000000000000111110000
