000000000000000000000000000000000000000000000000000000000000111111111111111111111111111111111111111111111111111111111111
000000000000000000000000000000000000000000000000000000000000111111111111111111111111111111111111111111111111111111111111
000000000000000000000000000000000000000000000000000000000000111111111111111111111111111111111111111111111111111111111111
000000000000000000000000000000000000000000000000000000000000111111111111111111111111111111111111111111111111111111111111
000000000000000000000000000000000000000000000000000000000000111111111111111111111111111111111111111111111111111111111111
000000000000000000000000000000000000000000000000000000000000111111111111111111111111111111111111111111111111111111111111
000000000000000000000000000000000000000000000000000000000000111111111111111111111111111111111111111111111111111111111111
000000000000000000000000000000000000000000000000000000000000111111111111111111111111111111111111111111111111111111111111
000000000000000000000000000000000000000000000000000000000000111111111111111111111111111111111111111111111111111111111111
000000000000000000000000000000000000000000000000000000000000111111111111111111111111111111111111111111111111111111111111
000000000000000000000000000000000000000000000000000000000000111111111111111111111111111111111111111111111111111111111111
000000000000000000000000000000000000000000000000000000000000111111111111111111111111111111111111111111111111111111111111
000000000000000000000000000000000000000000000000000000000000111111111111111111111111111111111111111111111111111111111111
000000000000000000000000000000000000000000000000000000000000111111111111111111111111111111111111111111111111111111111111
000000000000000000000000000000000000000000000000000000000000111111111111111111111111111111111111111111111111111111111111
000000000000000000000000000000000000000000000000000000000000111111111111111111111111111111111111111111111111111111111111
000000000000000000000000000000000000000000000000000000000000111111111111111111111111111111111111111111111111111111111111
000000000000000000000000000000000000000000000000000000000000110011111111111111111111111111111111111111111111111111111111
000000000000000000000000000000000000000000000000000000000111000000000000001111111111111111111111111111111111111111111111
000000000000000000000000000000000000000000000000000011111111000000000000001111111110001111111111111111111111111111111111
000000000000000000000000000000000000000000000000000001111111000000000000001111111100000011111111111111111111111111111111
000000000000000000000000000000000000000000000000000001111111000000000000000000000000000011111111111111111111111111111111
000000000000000000000000000000000000000000000000001111111111000000000000000000000000000001111111111111111111111111111111
000000000000000000000000000000000000000000000000000011111111000000000000000000000000000001111111111111111111111111111111
000000000000000000000000000000000000000000000000000111111111000000000000000110001100000011111111111111111111111111111111
000000000000000000000000000000000000000000000000000010111111000000000000011100111110000011111111111111111111111111111111
000000000000000000000000000000000000000000000000000001111111000000000000000011111110000011111111111111111111111111111111
000000000000000000000000000000000000000000000000000000111111000000001110011111111110000001111111111111111111111111111111
000000000000000000000000000000000000000000000000000000011111000000000001111111111100000001111111111111111111111111111111
000000000000000000000000000000000000000000000000000000111111000000000000001111111100000001111111111111111111111111111111
000000000000000000000000000000000000000000000000000000111111000000000000001111111110000001111111111111111111111111111111
000000000000000000000000000000000000000000000000000000111111000000000000001111111111101111111111111111111111111111111111
000000000000000000000000000000000000000000000000000000111111000000000000000111111111111111111111111111111111111111111111
000000000000000000000000000000000000000000000000000000111111000000000000000011111111111111111111111111111111111111111111
000000000000000000000000000000000000000000000000000000111111000000000000000000011111111111111111111111111111111111111111
000000000000000000000000000000000000000000000000000000111111000000000000000110111111111111111111111111111111111111111111
000000000000000000000000000000000000000000000000000000111111000000000000001111111111111111111111111111111111111111111111
000000000000000000000000000000000000000000000000000000111111000000000000001111111111111111111111111111111111111111111111
000000000000000000000000000000000000000000000000000001111111000000000000000111111111111111111111111111111111111111111111
000000000000000000000000000000000000000000000000000001111111000000000000000011111111111111111111111111111111111111111111
