111111111111111111111111111111111000000000000000000000000000000000000000000000000000000000000000000000000000000000000000
111111111111111111111111111111111000000000000000000000000000000000000000000000000000000000000000000000000000000000000000
111111111111111111111111111111111000000000000000000000000000000000000000000000000000000000000000000000000000000000000000
111111111111111111111111111111111000000000000000000000000000000000000000000000000000000000000000000000000000000000000000
111111111111111111111111111111111000000000000000000000000000000000000000000000000000000000000000000000000000000000000000
111111111111111111111111111111111000000000000000000000000000000000000000000000000000000000000000000000000000000000000000
111111111111111111111111111111111000000000000000000000000000000000000000000000000000000000000000000000000000000000000000
111111111111111111111111111111111000000000000000000000000000000000000000000000000000000000000000000000000000000000000000
111111111111111111111111111111111000000000000000000000000000000000000000000000000000000000000000000000000000000000000000
111111111111111111111111111111111000000000000000000000000000000000000000000000000000000000000000000000000000000000000000
111111111111111111111111111111111000000000000000000000000000000000000000000000000000000000000000000000000000000000000000
111111111111111111111111111111111000000000000000000000000000000000000000000000000000000000000000000000000000000000000000
111111111111111111111111111111111000000000000000000000000000000000000000000000000000000000000000000000000000000000000000
111111111111111111111111111111111000000000000000000000000000000111111111111111110000000000000000000000000000000000000000
111111111111111111111111111111111000000000000000000000000001111111111111111111111111000000000000000000000000000000000000
011111111111111111111111111111111000000000000000000000000011111111111111111111111111100000000000000000000000000000000000
000011111111111111111111111111111000000000000000000000000011111111111111111111111111110000000000000000000000000000000000
000001111111111111111111111111111000000000000000000000000001111111111111111111111111111000000000000000000000000000000000
000000111111111111111111111111111000000000000000000000000000011111111111111111111111111100000000000000000000000000000000
000000011111111111111111111111111000000000000000000000000000000011111111111111111111111100000000000000000000000000000000
000000111111111111111111111111111000000000000000000000000000000000001111111111111111111000000000000001111111100000000000
000000111111111111111111111111111000000000000000000000000000000000001111111111111111111111111111111111111111111000000000
000001111111111111111111111111111000011111111111111111111111111111111111111111111111111111111111111111111111111111100000
001111111111111111111111111111111000000000001100011111111111001111111111111111111111111111111111111111111111111111100000
111111111111111111111111111111111000000000000000000000000000000000000111111111111111111111111111111111111111111111100000
111111111111111111111111111111111000000000000000000000000000000000000011111111111111111111110000111111111111111100000000
111111111111111111111111111111111000000000000000000000000000000000000000000000111111111100000000000000000111110000000000
111111111111111111111111111111111000000000000000000000000000000000000000000000000000100000000000000000000000000000000000
111111111111111111111111111111111000000000000000000000000000000000000000000000000000000000000000000000000000000000000000
111111111111111111111111111111111000000000000000000000000000000000000000000000000000000000000000000000000000000000000000
111111111111111111111111111111111000000000000000000000000000000000000000000000000000000000000000000000000000000000000000
111111111111111111111111111111111000000000000000000000000000000000000000000000000000000000000000000000000000000000000000
111111111111111111111111111111111000000000000000000000000000000000000000000000000000000000000000000000000000000000000000
111111111111111111111111111111111000000000000000000000000000000000000000000000000000000000000000000000000000000000000000
111111111111111111111111111111111000000000000000000000000000000000000000000000000000000000000000000000000000000000000000
111111111111111111111111111111111000000000000000000000000000000000000000000000000000000000000000000000000000000000000000
111111111111111111111111111111111000000000000000000000000000000000000000000000000000000000000000000000000000000000000000
111111111111111111111111111111111000000000000000000000000000000000000000000000000000000000000000000000000000000000000000
111111111111111111111111111111111000000000000000000000000000000000000000000000000000000000000000000000000000000000000000
111111111111111111111111111111111000000000000000000000000000000000000000000000000000000000000000000000000000000000000000
