000000000000000000000000000000000000000000000000000000000000000000000000000000000000000000000000000000000011111111111111
000000000000000000000000000000000000000000000000000000000000000000000000000000000000000000000000000000000000000000000000
000000000000000000000000000000000000000000000000000000000000000000000000000000000000000000000000000000000000000000000000
000000000000000000000000000000000000000000000000000000000000000000000000000000000000000000000000000000000000000000000000
000000000000000000000000000000000000000000000000000000000000000000000000000000000000000000000000000000000000000000000000
000000000000000000000000000000000000000000000000000000000000000000000000000000000000000000000000000000000000000000000000
000000000000000000000000000000000000000000000000000000000000000000000000000000000000000000000000000000000000000000000000
000000000000000000000000000000000000000000000000000000000000000000000000000000000000000000000000000000000000000000000000
000000000000000000000000000000000000000000000000000000000000000000000000000000000000000000000000000000000000000000000000
000000000000000000000000000000000000000000000000000000000000000000000000000000000000000000000000000000000000000000000000
000000000000000000000000000000000000000000000000000000000000000000000000000000000000000000000000000000000000000000000000
000000000000000000000000000000000000000000000000000000000000000000000000000000000000000000000000000000000000000000000001
000000000000000000000000000000000000000000000000000000000000000000000000000000000000000000000000000000000000000000000011
000000000000000000000000000000000000000000000000000000000000000011111111000000000000000000000000000000000000000000111111
000000000000000000000000000000000000000000000000000000000000111111111111111110000000000000000000000000000000000111111111
000000000000000000000000000000000000000000000000000000000111111111111111111111111100000000000000000000000000011111111111
000000000000000000000000000000000000000000000000000001111111111111111111111111111111111000000000000000001111111111111111
000000000000000000000000000000000000000000000000000111111111111111111111111111111111111111100000000111111111111111111111
000000000000000000000000000000000000000000000000001111111111000111110000111111111111111111111101111111111111111111111111
000000000000000000000000000000000000000000000000111111111111000011100000001111111111111111111111111111111111111111111111
000000000000000000000000000000000000000000000000111111111111000111000000000001111111111111111111111111111111111111111111
000000000000000000000000000000000000000000000001111111100011111110000000000000011111111111111111111111111111111111111111
000000000000000000000000000000000000000000000000111111100111111110000000000000000111111111111111111111111111111111100111
000000000000000000000000000000000000000000000000001101110111111110000000000000000001111111111111111111111111000000000001
000000000000000000000000000000000000000000000000000000001111111110000000000000000000000111111111111100000000000000000000
000000000000000000000000000000000000000000000000000000000111111110000000000000000000000000000000000000000000000000000000
000000000000000000000000000000000000000000000000000000000111111100000000000000000000000000000000000000000000000000000000
000000000000000000000000000000000000000000000000000000000011111100000000000000000000000000000000000000000000000000000000
000000000000000000000000000000000000000000000000000000000011111110000000000000000000000000000000000000000000000000000000
000000000000000000000000000000000000000000000000000000000111111111000000000000000000000000000000000000000000000000000000
000000000000000000000000000000000000000000000000000000000010111110000000000000000000000000000000000000000000000000000000
000000000000000000000000000000000000000000000000000000000000000000000000000000000000000000000000000000000000000000000000
000000000000000000000000000000000000000000000000000000000000000000000000000000000000000000000000000000000000000000000000
000000000000000000000000000000000000000000000000000000000000000000000000000000000000000000000000000000000000000000000000
000000000000000000000000000000000000000000000000000000000000000000000000000000000000000000000000000000000000000000000000
000000000000000000000000000000000000000000000000000000000000000000000000000000000000000000000000000000000000000000000000
000000000000000000000000000000000000000000000000000000000000000000000000000000000000000000000000000000000000000000000000
000000000000000000000000000000000000000000000000000000000000000000000000000000000000000000000000000000000000000000000000
000000000000000000000000000000000000000000000000000000000000000000000000000000000000000000000000000000000000000000000000
000000000000000000000000000000000000000000000000000000000000000000000000000000000000000000000000000000000000000000000000
