111111111111111111111111111111111111111111111111100000000000011111111111111111111111111111111111111111111111111111111111
111111111111111111111111111111111111111111111111100000000000011111111111111111111111111111111111111111111111111111111111
111111111111111111111111111111111111111111111111100000000000000011111111111111111111111111111111111111111111111111111111
111111111111111111111111111111111111111111110111100000000000000011111011111111111111111111111111111111111111111111111111
111111111111111111111111111111111111111001110011100000000000000011111011111111111111111111111111111111111111111111111111
111111111111111111111111111111100011111100010011100000000000000000000011111111111111111111111111111111111111111111111111
111111111111111111111111111111110001111100000001100000000000000000000011001111111111111111111111111111111111111111111111
111111111111111111111111111111111001101100000001000000000000000000000010001101101111111111111111111111111111111111111111
111111111111111111111111111111011000101110000000000000000000000000000100000000011111111111111111111111111111111111111111
111111111111111111111111111111100000000110000000000000000000000000000000000000011111111111111111111111111111111111111111
111111111111111111111111000000000000000000000000000000000000000000000000000000010000011111111111111111111111111111111111
111111111111111111110000000000000000000000000000000000000000000000000000000000000000000001111111111111111111111111111111
111111111111000000000000000000000000000000000000000000000000000000000000000000000000000000000000001111111111111111111111
110000000000000000000000000000000000000000000000000000000000000000000000000000000000000000000000000000000000111111111111
000000000000000000000000000000000000000000000000000000000000000000000000000000000000000000000000000000000000000000000000
000000000000000000000000000000000000000000000000000000000000000000000000000000000000000000000000000000000000000000000000
000000000000000000000000000000000000000000000000000000000000000000000000000000000000000000000000000000000000000000000000
000000000000000000000000000000000000000000000000000000000000000000000000000000000000000000000000000000000000000000000000
000000000000000000000000000000000000000000000000000000000000000000000000000000000000000000000000000000000000000000000000
000000000000000000000000000000000000000000000000000000000000000000000000000000000000000000000000000000000000000000000000
000000000000000000000000000000000000000000000000000000000000000000000000000000000000000000000000000000000000000000000000
000000000000000000000000000000000000000000000000000000000000000000000000000000000000000000000000000000000000000000000000
000000000000000000000000000000000000000000000000000000000000000000000000000000000000000000000000000000000000000000000000
000000000000000000000000000000000000000000000000000000000000000000000000000000000000000000000000000000000000000000000000
000000000000000000000000000000000000000000000000000000000000000000000000000000000000000000000000000000000000000000000000
000000000000000000000000000000000000000000000000000000000000000000000000000000000000000000000000000000000000000000000000
000000000000000000000000000000000000000000000000000000000000000000000000000000000000000000000000000000000000000000000000
000000000000000000000000000000000000000000000000000000000000000000000000000000000000000000000000000000000000000000000000
000000000000000000000000000000000000000000000000000000000000000000000000000000000000000000000000000000000000000000000000
000000000000000000000000000000000000000000000000000000000000000000000000000000000000000000000000000000000000000000000000
000000000000000000000000000000000000000000000000000000000000000000000000000000000000000000000000000000000000000000000000
000000000000000000000000000000000000000000000000000000000000000000000000000000000000000000000000000000000000000000000000
000000000000000000000000000000000000000000000000000000000000000000000000000000000000000000000000000000000000000000000000
000000000000000000000000000000000000000000000000000000000000000000000000000000000000000000000000000000000000000000000000
000000000000000000000000000000000000000000000000000001101000000000000000000000000000000000000000000000000000000000000000
000000000000000000000000000000000000000000000000000011111000000000000000000000000000000000000000000000000000000000000000
000000000000000000000000000000000000000000000000000111110000000000000000000000000000000000000000000000000000000000000000
000000000000000000000000000000000000000000000000001111110000000000000000000000000000000000000000000000000000000000000000
000000000000000000000000000000000000000000000000000011110000000000000000000000000000000000000000000000000000000000000000
000000000000000000000000000000000000000000000000000011111000000000000000000000000000000000000000000000000000000000000000
