111111111111111111111111111111111111111111111111111111111111111111111111111111111111111111111111111111111111111111111111
111111111111111111111111111111111111111111111111111111111111111111111111111111111111111111111111111111111111111111111111
111111111111111111111111111111111111111111111111111111111111111111111111111111111111111111111111111111111111111111111111
111111111111111111111111111111111111111111111111111111111111111111111111111111111111111111111111111111111111111111111111
111111111111111111111111111111111111111111111111111111111111111111111111111111111111111111111111111111111111111111111111
111111111111111111111111111111111111111111111111111111111111111111111111111111111111111111111111111111111111111111111111
111111111111111111111111111111111111111111111111111111111111111111111111111111111111111111111111111111111111111111111111
111111111111111111111111111111111111111111111111111111111111111111111111111111111111111111111111111111111111111111111111
111111111111111111111111111111111111111111111111111111111111111111111111111111111111111111111111111111111111111111111111
111111111111111111111111111111111111111111111111111111111111111111111111111111111111111111111111111111111111111111111111
111111111111111111111111111111111111111111111111111111111111111111111111111111111111111111111111111111111111111111111111
111111111111111111111111111111111111111111111111111111111111111111111111111111111111111111111111111111111111111111111111
111111111111111111111111111111111111111111111111111111111111111111111111111111111111111111111111111111111111111111111111
111111111111111111111111111111111111111111111111111111111111111111111111111111111111111111111111111111111111111111111111
111111111111111111111111111111111111111111111111111111111111111111111111111111111111111111111111111111111111111111111111
111111111111111111111111111111111111111111111111111111111111111111111111111111111111111111111111111111111111111111111111
111111111111111111111111111111111111111111111111111111111111111111111111111111111111111111111111111111111111111111111111
111111111111111111111111111111111111111111111111111111111111111111111111111111111111111111111111111111111111111111111111
111111111111111111111111111111111111111111111111111111111111111111111111111111111111111111111111111111111111111111111111
111111111111111111111111111111111111111111111111111111111111111111111111111111111111111111111111111111111111111111111111
111111111111111111111110111111111111111111111111111111111111001111111111111111111111111111111111111111111111111111111111
111111111111111111111100011111111111111111111111111111110000000111111111111111111111111111111111111111111111111111111111
111111111111111111110000000111111111111111111111000011110000000001111111111111111111111111111111111101111111111111111111
111111111111111111000000000011111111111111111111000000000000000011111111111111111111111111111111111000001111111111111111
111111111111111111100000000011111111111111111111110000000000000011111111111111111111111111111111100000000011111111111111
111111111111111111110000000001111111111111111111110000000000000111111111111111111111111111111111100000000001111111011111
111111111111111111111000000011111111111111111111110000000000000011111111111111111111111111111111100000000011111111111111
111111111111111111110000000111111111111111111111111111000000000011111111111111111111111111111111110000000111111011111111
111111111111111111100000000011111111111111111111111111000000011111111111111111111111111111111111110000000000000111111111
111111111111111111100000000111111111111111111111111111000000011111111111111111111111111111111111100000000000000000000111
111111111111111111000000000111111111111111111111111111000000011111111111111111111111111111111111110000000001100000000000
100000111111111000000000000111111111111111111111111111000000001111111111111111111111111111111111110000000001111111000110
000000000000000001100000000111111111111111111111111110000000000111111111111111111111111111111111100000000011111111111111
000000000000000000000000000011111111111111111111111110000000000011111111111111111111111111111111100000000111111111111111
000000000000000000000000000001111111111111111111111110000000000000111111111111111111111111111111000000000011111111111111
111100000000000000000000000000111111111111111111111110000000000000001111111111111111111111111111000000000001111111111111
111111111000000000000000000000011111111111111111111110000000000000000111111111111111111111111110000000000001111111111111
111111111111110000000000000000001111111111111111111111000000000000011111111111111111111111111100000000000000011111111111
111111111111111110000000000001111111111111111111111111100011111000111111111111111111111111111000000000000000001111111111
111111111111111111110000000111111111111111111111111111100011111100011111111111111111111111110000000000000000000111111111
