111111111111111111111111111111111111111111111111111110000000000000000000000000011111111111111111111111111111111111111111
111111111111111111111111111111111111111111111111111111000000000000000000000000011111111111111111111111111111111111111111
111111111111111111111111111111111111111111111111111111000000000000000000000000011111111111111111111111111111111111111111
111111111111111111111111111111111111111111111111111111100000000000000000000000011111111111111111111111111111111111111111
111111111111111111111111111111111111111111111111111111100000000000000000000000011111111111111111111111111111111111111111
111111111111111111111111111111111111111111111111111111110000000000000000000000111111111111111111111111111111111111111111
111111111111111111111111111111111111111111111111111111111000000000000000001111111111111111111111111111111111111111111111
111111111111111111111111111111111111111111111111111111111111111111111111111111111111111111111111111111111111111111111100
111111111111111111111111111111111111111111111111111111111111111111111111111111111111111111111111111111111111111111000000
111111111111111111111111111111111111111111111111111111111111111111111111111111111111111111111111111111111111111100000000
111111111111111111111111111111111111111111111111111111111111111111111111111111111111111111111111111111111111110000000000
111111111111111111111111111111111111111111111111111111111111111111111111111111111111111111111111111111111111100000000000
111111111111111111111111111111111111111111111111111111111111111111111111111111111111111111111111111111111111000000000000
111111111111111111111111111111111111111111111111111111111111111111111111111111111111111111111111111111111111000000000000
111111111111111111111111111111111111111111111111111111111100000011111111111111111111111111111111111111111110000000000000
111111111111111111111111111111111111111111111111111111111100000011111111111111111111111111111111111111111110000000000000
111111111111111111111111111111111111111111111111111111111111000111111111111111111111111111111111111111111100000000000000
111111111111111111111111111111111111111111111111111111111111111111111111111111111111111111111111111111111100000000000000
111111111111111111111111111111111111111111111111111111111111111111111111111111111111111111111111111111111000000000000000
111111111111111111111111111111111111111111111111111111111111111111111111111111111111111111111111111111110000000000000000
111111111111111111111111111111111111111111111111111111111111111111111111111111111111111111111111111111000000000000000000
111111111111111111111111111111111111111111111111111111111111111111111111111111111111111111111111110000000000000000000000
111111111111111111111111111111111111111111111111111111111111111111111111111111111111111110000000000000000000000000000000
111111111111111111111111111111111111111111111111111111111111111111111111111111111111000000000000000000000000000000000000
111111111111111111111111111111111111111111111111111111111111111111111111111111111100000000000000000000000000000000000000
111111111111111111111111111111111111111111111111111111111111111111111111111111111000000000000000000000000000000000000000
111111111111111111111111111111111111111111111111111111111111111111111111111111110000000000000000000000000000000000000000
111111111111111111111111111111111111111111111111111111111111111111111111111111100000000000000000000000000000000000000000
111111111111111111111111111111111111111111111111111111111111111111111111111111000000000000000000000000000000000000000000
111111111111111111111111111111111111111111111111111111111111111111111111111111000000000000000000000000000000000000000000
111111111111111111111111111111111111111111111111111111111111111111111111111110000000000000000000000000000000000000000000
111111111111111111111111111111111111111111111111111111111111111111111111111000000000000000000000000000000000000000000000
111111111111111111111111111111111111111111111111111111111111111111111111110000000000000000000000000000000000000000000000
001111111111111111111111111111111111111111111111111111111111111111111111000000000000000000000000000000000000000000000000
000001111111111111111111111111111111111111111111111111111111111111111100000000000000000000000000000000000000000000000000
000000011111111111111111111111111111111111111111111111111111111111000000000000000000000000000000000000000000000000000000
000000000111111111111111111111111111111111111111111111000000000000000000000000000000000000000000000000000000000000000000
000000000000111111111111111111111111111111111111110000000000000000000000000000000000000000000000000000000000000000000000
000000000000001111111111111111111111111111111111100000000000000000000000000000000000000000000000000000000000000000000000
000000000000000001111111111111111111111111111111100000000000000000000000000000000000000000000000000000000000000000000000
