111111111111111111111111111111111111111111111111111111111111111111111111111111111111111111111111111111111111111111111111
111111111111111111111111111111111111111111111111111111111111111111111111111111111111111111111111111111111111111111111111
111111111111111111111111111111111111111111111111111111111111111111111111111111111111111111111111111111111111111111111111
111111111111111111111111111111111111111111111111111111111111111111111111111111111111111111111111111111111111111111111111
111111111111111111111111111111111111111111111111111111111111111111000111101111111111111111111111111111111111111111111111
111111111111111111111111111111111111111111111111111111111111111111000000000000000001111111111111111111111111111111111111
111111111111111111111111111111111111111111111111111111111111111100000000000000000000001111111111111111111111111111111111
111111111111111111111111111111111111111111111111111111111111110000000000000000000000000011111111111111111111111111111111
111111111111111111111111111111111111111111111111111111111111110000000000000000000000000001111111111111111111111111111111
111111111111111111111111111111111111111111111111111111111111000000000000000000000000000000111111111111111111111111111111
111111111111111111111111111111111111111111111111111111111111100000000000000000000000000001111111111111111111111111111111
111111111111111111111111111111111111111111111111111111111110000000000000000000000000000001111111111111111111111111111111
111111111111111111111111111111111111111111111111111111111000000000000000000000000000000000111111111111111111111111111111
111111111111111111111111111111111111111111111111111111111111110000000000000000000000000000001111111111111111111111111111
111111111111111111111111111111111111111111111111111111111111111100000000000000000000000001111111111111111111111111111111
111111111111111111111111111111111111111111111111111111111111111111000000000000000000000001111111111111111111111111111111
111111111111111111111111111111111111111111111111111111111111111111000000000000000000000001111111111111111111111111111111
111111111111111111111111111111111111111111111111111111111111111111000000000000000000000001111111111111111111111111111111
111111111111111111111111111111111111111111111111111111111111111111000000000000000000000001111111111111111111111111111111
111111111111111111111111111111111111111111111111111111111111111110000000000000000000000001111111111111111111111111111111
111111111111111111111111111111111111111111111111111111111111110000000000000000000000000011111111111111111111111111111111
111111111111111111111111111111111111111111111111111111110000000000000000000000000000000000111111111111111111111111111111
111111111111111111111111111111111111111111111111110000000000000000000000000000000000000000011111111111111111111111111111
111111111111111111111111111111111111111111110000000000000000000000000000000000000000000000111111111111111111111111111111
111111111111111111111111111111111111110000000000000000000000000000000000000000000000000000111111111111111111111111111111
111111111111111111111111111111111111000000000000000000000000000000000000000000000000000000011111111111111111111111111111
111111111111111111111111111111111100000000000000000000000000000000000000000000000000000000011111111111111111111111111111
111111111111111111111111111111111100000000000000000000111110000000000000000000000000000000001111111111111111111111111111
111111111111111111111111111111111000010000000000000111111111000000000000000000000000000000000111111111111111111111111111
111111111111111111111111111111110001110000000000011111111111100000000000000000000000000000000111111111111111111111111111
111111111111111111111111111111100111110000000011111111111111000000000000000000000000000000000111111111111111111111111111
111111111111111111111111111111101111111000001111111111111100000000000000000000000000000000000011111111111111111111111111
111111111111111111111111111111111111111000111111111111111001000000000000000000000000000000000011111111111111111111111111
111111111111111111111111111111111111111111111111111111110011100000000000000000000000000000000111111111111111111111111111
111111111111111111111111111111111111111111111111111111110011100000000000000000000000000000000111111111111111111111111111
111111111111111111111111111111111111111111111111111111111110010000000000000000000000000000000111111111111111111111111111
111111111111111111111111111111111111111111111111111111111111110000000000000000000000000000000111111111111111111111111111
111111111111111111111111111111111111111111111111111111111111110000000000000000000000000000001111111111111111111111111111
111111111111111111111111111111111111111111111111111111111111110000000000000000000000000000001111111111111111111111111111
111111111111111111111111111111111111111111111111111111111111110000000000000000000000000000001111111111111111111111111111
