111111111111111111111111111111111111111111111111111111111111111111111111111111111111111111110000000000000000001111111111
111111111111111111111111111111111111111111111111111111111111111111111111111111111111111110000000000000000000000111111111
111111111111111111111111111111111111111111111111111111111111111111111111111111111000000000000000000000000000000111111111
111111111111111111111111111111111111111111111111111111111111111111111111111110000000000000000000000000000000000111111111
111111111111111111111111111111111111111111111111111111111111111111111111110000000000000000000000000000000011111111111111
111111111111111111111111111111111111111111111111111111111111111111111111000000000000000000000000000000000000000011111111
111111111111111111111111111111111111111111111111111111111111111111111110000000000000000000000000000000000000000000111111
111111111111111111111111111111111111111111111111111111111111111111111110000000000000000000000000000000000000000011111111
111111111111111111111111111111111111111111111111111111111111111111111100000000000000000000000000000000000000001111111111
111111111111111111111111111111111111111111111111111111111111111111110000000000000000000000000000000000000000001111111111
111111111111111111111111111111111111111111111111111111111111111110000000000000000000000000000000000000000000011111111111
111111111111111111111111111111111111111111111111111111111111100000000000000000000000000000000000000000000000011111111111
111111111111111111111111111111111111111111111111111111111111100000000000000000000000000000000000000000000000111111111111
111111111111111111111111111111111111111111111111111111111111111101110000000000000000000000000000000000000000011111111111
111111111111111111111111111111111111111111111111111111111111111111111000000000000000000000000000000000000000000111111111
111111111111111111111111111111111111111111111111111111111111111111111111111000000000000000000000000000000000000001111111
111111111111111111111111111111111111111111111111111111111111111111111111110000000000000000000000000000000000001100111111
111111111111111111111111111111111111111111111111111111111111111111111111111000000000000000000000000000000000001111111111
111111111111111111111111111111111111111111111111111111111111111111111111111110000000000000000000000000000000111100011111
111111111111111111111111111111111111111111111111111111111111111111111111111111100000000000000000000000001111111100001111
111111111111111111111111111111111111111111111111111111111111111111111111111111111111110000000000000001101111111100000011
111111111111111111111111111111111111111111111111111111111111111111111111111111111111100000000000111111111111111000000000
111111111111111111111111111111111111111111111111111111111111111111111111111111111100000000000000011111111111110000000000
111111111111111111111111111111110000000000000000000001111111111111111111111111110000000000000000001111111111110000000000
111111111111111111111111111111111000000000000000000000001111111111111111111000000000000000000000001111111111100000000000
111111111111111111111111111111111100000000000000000000000011111111111111100000000000000000000000000111111111000000000010
111111111111111111111111111111111111000000000000000000000001111111111111100000000000000000000000000111111110000000000111
111111111111111111111111111111111111100000000000000000000000011111111110000000000000000000000000000001110000000000111111
111111111111111111111111111111111111111111111111100000000000000111111000000000000000000000000000000000000000000000111111
111111111111111111111111111111111111111111111111111000000000000001100000000000000000000000000000000000000000000111111111
111111111111111111111111111111111111111111111111111100000000000000000000000000000000000000000000000000000000001111111111
111111111111111111111111111111111111111111111111111110000000000000000000000000000000000000000000000000000000001111111111
111111111111111111111111111111111111111111111111111111100000000000000000000000000000000000000011111111000000000000000000
111111111111111111111111111111111111111111111111111111110000000000000000000000000000000000000111111111111100000000000000
111111111111111111111111111111111111111111111111111111111000000000000000000000000000000000001111111111111111000000000000
111111111111111111111111111111111111111111111111111111111110000000000000000000000000000000011111111111111111110000000000
111111111111111111111111111111111111111111111111111111111111100000000000000000000000000000011111111111111111111100000000
111111111111111111111111111111111111111111111111111111111111111111111110000000000000000000011111111111111111111111000000
111111111111111111111111111111111111111111111111111111111111111111111100000000000000000000011111111111111111111111100000
111111111111111111111111111111111111111111111111111111111111111111111100000000000000000000011111111111111111111111111000
