111111111111111111111111111111111111111111111111111111111111111111111111111111111111111111111111111111111111111111111111
111111111111111111111111111111111111111111111111111111111111111111111111111111111111111111111111111111111111111111111111
111111111111111111111111111111111111111111111111111111111111111111111111111111111111111111111111111111111111111111111111
111111111111111111111111111111111111111111111111111111111111111111111111111111111111111111111111111111111111111111111111
111111111111111111111111111111111111111111111111111111111111111111111111111111111111111111111111111111111111111111111111
111111111111111111111111111111111111111111111111111111111111111111111111111111111111111111111111111111111111111111111111
111111111111111111111111111111111111111111111111110000000000000000111111111111111111111111111111111111111111111111111111
111111111111111111111111111111111111111111111111000000000000000000000011111100011111111111111111111111111111111111111111
111111111111111111111111111111111111111111111100000000000000000000000000100000011111111111111111111111111111111111111111
111111111111111111111111111111111111111111111100000000000000000000000000000000001111111111111111111111111111111111111111
111111111111111111111111111111111111111111111000000000000000000000000000000000000111111111111111111111111111111111111111
111111111111111111111111111111111111111111111000000000000000000000000000000000000011111111111111111111111111111111111111
111111111111111111111111111111111111111111000000000000000000000000000000000000111111111111111111111111111111111111111111
111111111111111111111111111111111111111110000000000000000000000000000000000001111111111111111111111111111111111111111111
111111111111111111111111111111111111111111000000000000000000000000000000001111111111111111111111111111111111111111111111
111111111111111111111111111111111111111111111000000000000000000000000000000111111111111111111111111111111111111111111111
111111111111111111111111111111111111111111111000000000000000000000000000111111111111111111111111111111111111111111111111
111111111111111111111111111111111111111111110000000000000000000000000011111111111111111111111111111111111111111111111111
111111111111111111111111111111111111111111111100000000000000000000000001111111111111111111111111111111111111111111111111
111111111101111111111111111111111111111111111111100000000000000000001111111111111111111111111111111111111111111111111111
111111110001111111111111111111111111111111111111111110000000011111111111111111111111111111111111111111111111111111111111
111111000000000111111111111111111111111111111100000000000000000001111111111111111111111111111111111111111111111111111111
111100000000000000111111111111111111111111100000000000000000000000000001111111111111111111111111110001111111111111111111
100000000000000000000111111111111111111111000000000000000000000000000000111111111111111111110000000000111111111111111111
000000000000000000000001111111111111111110000000000000000000000000000000001111111111111100000000000000001111111111111111
000000000000000000000000000000000001111100000000000000000000000000000000000011111110000000000000000000000011111111111111
000000000000000000000000000000000000000000000000000000000000000000000000000000000000000000000000000000000000111111111111
000011100111000000000000000000000000001111000000000000000000000000000000000000000000000000000000000000000000001111111111
001111111111111000000000000000000011111111000000000000000000000000000000000000000000000000000000000000000000000001111111
111111111111111111111111100000111111111111100000000000000000000000000000011100000011110000000011110011100000000000001111
111111111111111111111111111111111111111111110000000000000000000000000000011111111111111110011111111111111000000000000001
111111111111111111111111111111111111111111100000000000000000000000100000001111111111111111111111111111111110000000000000
111111111111111111111111111111111111111111100000000000000000000000110000001111111111111111111111111111111111111111111111
111111111111111111111111111111111111111111110000000000000000000000110000001111111111111111111111111111111111111111111111
111111111111111111111111111111111111111111111100000000000000000000111111111111111111111111111111111111111111111111111111
111111111111111111111111111111111111111111111100000000000000000000011111111111111111111111111111111111111111111111111111
111111111111111111111111111111111111111111100000000000000000000000001111111111111111111111111111111111111111111111111111
111111111111111111111111111111111111111111111000000000000000000000000111111111111111111111111111111111111111111111111111
111111111111111111111111111111111111111111111000000000000000000000000111111111111111111111111111111111111111111111111111
111111111111111111111111111111111111111111100000000000000000000000000111111111111111111111111111111111111111111111111111
