000000000000000000000000000000000000000000000000000000000000000000000000000000000000000000000000000000000000000000000000
000000000000000000000000000000000000000000000000000000000000000000000000000000000000000000000000000000000000000000000000
000000000000000000000000000000000000000000000000000000000000000000000000000000000000000000000000000000000000000000000000
000000000000000000000000000000000000000000000000000000000000000000000000000000000000000000000000000000000000000000000000
000000000000000000000000000000000000000000000000000000000000000000000000000000000000000000000000000000000000000000000000
000000000000000000000000000000000000000000000000000000111111111100000000000000000000000000000000000000000000000000000000
000000000000000000000000000000000000000000000000000111111111111111111111000000000000000000000000000000000000000000000000
000000000000000000000000000000000000000000000000011111111111111111111000000000000000000000000000000000000000000000000000
000000000000000000000000000000000000000000000000011111111111111111111100000000000000000000000000000000000000000000000000
000000000000000000000000000000000000000000000000011111111111111111111110000000000000000000000000000000000000000000000000
000000000000000000000000000000000000000000000000111111111111111111111100000000000000000000000000000000000000000000000000
000000000000000000000000000000000000000000000011111111111111111111110000000000000000000000000000000000000000000000000000
000000000000000000000000000000000000000000000000011111111111111111111000000000000000000000000000000000000000000000000000
000000000000000000000000000000000000000000000001111111111111111111110000000000000000000000000000000000000000000000000000
110000000000000000000000000111111111111111111111111111111111111111100000000000000000000000000000000000000000000000000000
110000000000000000000011111111111111111111111111111111111111111111000000000000000000000000000000000000000000000000000000
111111111111111111111111110000000000000000000000111111111111111111100000000000000000000000000000000000000000000000000000
111111111111111111111110000000000000000000000000000111111111111111111111110000000000000000000000000000000000000000000000
011111111111111100000000000000000000000000000000000000111111111111111111111111100000000000000000000000000000000000000000
011111111111111000000000000000000000000000000000000000111111111111111011111111111000000000000000000000000000000000000000
011111111111111000000000000000000000000000000000000000011111111111111111111111111111100000000000000000000000000000000000
011111111111111000000000000000000000000000000000000000011111111111111111111111000111111111000000000000000000000000000000
011111111111111000000000000000000000000000000000000000011111111111111111111111100000111111110000000000000000000000000000
011111111111111000000000000000000000000000000000000000011111111111111111111110000011111111111100000000000000000000000000
011111111111111000000000000000000000000000000000000000001111111111111111111111111111111111111111000000000000000000000000
011111111111111000000000000000000000000000000000000000001111111111111111111111111111111100000111110000000000000000000000
011111111111111000000000000000000000000000000000000000001111111111111111111111111111111100000001111100000000000000000000
011111111111111000000000000000000000000000000000000000001111111111111000000000000000000000000000011111000000000000000000
001111111111111000000000000000000000000000000000000000001111111111111000000000000000000000000000000111110000000000000000
001111111111111000000000000000000000000000000000000000011111111111111000000000000000000000000000000001111000000000000000
001111111111111000000000000000000000000000000000000000111111111111111000000000000000000000000000000000111100000000000000
000111111111111100000000000000000000000000000000000011111111111111111100000000000000000000000000000000011111000000000000
000111111111111100000000000000000000000000000000000111111111111111111100000000000000000000000000000000000111100000000000
000011111111111100000000000000000000000000000000001111111111111111111100000000000000000000000000000000000011111100000000
000011111111111100000000000000000000000000000000011111111111111111111110000000000000000000000000000000000001111111100000
000001111111111110000000000000000000000000000000111111111111111111111110000000000000000000000000000000000000011111110000
000000111111111110000000000000000000000000000001111111111111111111111110000000000000000000000000000000000000000111110000
000000111111111111000000000000000000000000000001111111111111111111111110000000000000000000000000000000000000000000000000
000000011111111111100000000000000000000000000011111111111111111111111110000000000000000000000000000000000000000000000000
000000001111111111100000000000000000000000000111111111111111111111111110000000000000000000000000000000000000000000000000
