111111111111111111111111111111111111111111111111111111111111111111111111111111111111111111111111111111111111111111111111
111111111111111111111111111111111111111111111111111111111111111111111111111111111111111111111111111111111111111111111111
111111111111111111111111111111111111111111111111111111111111111111111111111111111111111111111111111111111111111111111111
111111111111111111111111111111111111111111111111111111111111111111111111111111111111111111111111111111111111111111111111
111111111111111111111111111111111111111111111111111111111111111111111111111111111111111111111111111111111111111111111111
111111111111111111111111111111111111111111111111111111111111111111111111111111111111111111111111111111111111111111111111
111111111111111111111111111111111111111111111111111111111111111111111111111111111111111111111111111111111111111111111111
111111111111111111111111111111111111111111111111111111111111111100111111111111111111111111111111111111111111111111111111
111111111111111111111111111111100011111111111111111111111111111100000011111111111111111111111111111111101111111111111111
111111111111111111111111111100000011111111111111111111111111110000000001111111111111111111111111111110001111111111111111
111111111111111111111111110000000001111111111111111111111111111000000001111111111111111111111111100000000011111111111111
111111111111111111111111110000000000111111111111111111111111111000000001100000100011111111111111110000000001111111111111
111111111111111111111111111000000000111111111111111111111111111000000000000000110011111111111111110000000001111111111111
111111111111111111111111111100000000111111111111111111111111111000000000000000111111111111111111110000000001111111111111
111111111111111111111111111100000001111111111111111111111111111100000000011111111111111111111111110000000011111111111111
111111111111111111111111110000000000111111111111111111111111111111000000011111111111111100111110000000000001111111111111
111111111111111111111111110000000000111111111111111111111111111110000000111111111111111000000000000000000000111111111111
111111111111111111111111100000000001111111111111111111111111111110000000111111111111111110000001110000000000001111111111
111100000000111111110000000000000001111111111111111111111111111100000000011111111111111111111111110000000001011111111111
000000000000000000000011100000000001111111111111111111111111111100000000011111111111111111111111110000000011111111111111
111000000000000000000000000000000000011111111111111111111111111000000000001111111111111111111111000000000111111111111111
111111110000000000000000000000000000001111111111111111111111111000000000000111111111111111111110000000000011111111111111
111111111111100000000000000000000000000111111111111111111111110000000000000011111111111111111000000000000111111111111111
111111111111111111000000000000000000000011111111111111111111110000000000000011111111111111100000000000000111111111111111
111111111111111111111110010000000000000001111111111111111111111000000000111111111111111110000000000000000111111111111111
111111111111111111111111110000000000000001111111111111111111110001111000111111111111111111000000000000000111111111111111
111111111111111111111111110000000001111111111111111111111111110011111001111111111111111111111110000000001111111111111111
111111111111111111111111100001000011111111111111111111111111110011111001111111111111111111111111000110001111111111111111
111111111111111111111111110000000011111111111111111111111111100011111001111111111111111111111110001111000111111111111111
111111111111111111111111111110000001111111111111111111111111100011110000000011111111111111111100011111001111111111111111
111111111111111111111111111111100000111111111111111111111111110000000000000011111111111111111000111111001111111111111111
111111111111111111111111111111000000111111111111111111111111111100000000001111111111111111110001111110001111111111111111
111111111111111111111111111100000000111111111111111111111111111100000000111100011111111111110000000000000111111111111111
111111111100011111111111111000000000011111111111111111111111111111111111111000111111111111000000000000000111111111111111
111100000000000011111111100000000000000000111111111111111111111111111111111111111111111111111000000000000011111111111111
111100000000000000000111111100000000000011111111111111111111111111111111111111111111111111101110000000000001111111111111
111111000000000000000011111100000000011111111111111111111111111111111111111111111111111110011111111000000000011111111111
111111111000000000000000000010000001111111111111111111111111111111111111111111111111111111011111111110000000011111111111
111111111111000000000000000001111111111111111111111111111111111111111111111111111111111111111111111111000000011111111111
111111111111110000000000000000001111111111111111111111111111111111111111111111111111111111111111111111111110001111111111
