000000000000000000000000000000000000000000000000000000000000000000000000000000000000000000000000000000000000000000000000
000000000000000000000000000000000000000000000000000000000000000000000000000000000000000000000000000000000000000000000000
000000000000000000000000000000000000000000000000000000000000000000000000000000000000000000000000000000000000000000000000
000000000000000000000000000000001000000000000000000000000000000000000000000000000000000000000000000000000000000000000000
000000000000000000000000000000000000000000000000000000000000000000000000000000000000000000000000000000000000000000000000
000000000000000000000000000000000000000000000000011111111111111111000000000000000000000000000000000000000001000000000000
000000000000000000000000000000000000000000000000111111111111111111100000000000000000000000000000000000000000000000000000
000000000000000000000000000000000000000110000011111111111111111111111110000000000000000000000000000000000000000000000000
000000000000000000000000000000000000000000000111111111111111111111111110000000000000000000000000000000000000000000000000
000000000000000000000000000000000000000000001111111111111111111111111110000000000000000000000000000000000000000000000000
000000000000000000000000000000000000000000000111111111111111111111111111000000000000000000000000000000000000000000000000
000000000000000000000000000000000000000001111111111111111111111111111111000000000000000000000000000000000000000000000000
000000000000000000000000000000000111111111111111111111111111111111111111110000000000001000000000000000000000000000000000
000000000000000000000000000000011111111111111111111111111111111111111111100000000000110000000000000000000000000000000000
000000000000000000000000000011111111111111111111111111111111111111111111100100000000100000000000000000000000000000000000
000000000000000000000000111111111111111111111111111111111111111111111111111100000100000000111010000000000000000000000000
000000000000000000000001111111111111111111111111111111111111111111111111110011111000000000111000000000000000000000000000
000000000000000000000011111111111111111111111111111111111111111111111111000110010000000001000000000000000000000000000000
000000000000000000000001111111111111111111111111111111111111111111111110111000010000001100000000000000001000000000000000
000000000000000000000011111111111111111111111111111111111111111111111111100000101110000000000001000000010000000000101000
000000000000000000000001111111111111111111111111111111111111111111111111110011100000000000000011100010010010001111000000
000000000000000000001111111111111111111111111111111111111111111111111111111100000000000000000000100000100011111000000000
000000000000000001111111111111111111111111111111111111111111111111111111111100000110111100011000000000101111100000000000
000000000000000011111111111111111111111111111111111111111111111111111111111111111100010000000000001001111111010000000000
000000000000000111111111111111111111111111111111111111111111111111111111111110000000000001000110111111000000000000000000
000000000000001111111111111111111111111111111111111111111111111111111111111111000010000011110011100000000000000000000000
000000000000001111111111111111111111111111111111111111111111111111111111111111000001111000011000000000000000000000000000
000000000000001111111111111111111111111111111111111111111111111111111111111111111111000011000000000000000000000000000000
000000000000001111111111111111111111111111111111111111111111111111111111111111111011011100000000000000000011111100000000
000000000000000111111111111111111111111111111111111111111111111111111111111111000111100000000000000000000111111000000000
000000000000001111111111111111111111111111111111111111111111111111111111111111111000000000000000000000000001100000000000
000000000000011111111111111111111111111111111111111111111111111111111111111111100000000000000000000010000000000000000000
000000000000011111111000111111111111111111111111111111111111111111000001111110100000000000000000000000000000000000000000
000000000000111111111000000000111111111000111111111111111111110000000001111100000000000000000000000000000000000000000000
000000000011111111110000000000000000000000000000000000000000000000000001111100000000000000000000000000000000000000000000
000000000011111111100000000000000000000000000000000000000000000000000001111110000000000000000000000000000000000000000000
000000000000111111100000000000000000000000000000000000000000000000000011111110000000000000000000000000000000000000000000
000000000000011111100000000000000000000000000000000000000000000000000111111110000000000000000000000000000000000000000000
000000000000011111100000000000000000000000000000000000000000000000000111111110000000000000000000000000000000000000000000
000000000000111111100000000000000000000000000000000000000000000000000111111110000000000000000000000000000000000000000000
