000000000000000000011111111111111100000000000000000000000000000000000000000000000000000011111111111111111111111111111111
000000000000000000011111111111111111000000000000000000000000000000000000000000000000000111111111111111111111111111111111
000000000000000000001111111111111111110000000000000000000000000000000000000000000000111111111111111111111111111111111111
000000000000000000001111111111111111111110000000000000000000000000000000000000000111111111111111111111111111111111111111
000000000000000000000111111111111111111111111000000000000000000000000000000000111111111111111111111111111111111000111111
000000000000000000000111111111111111111111111111110000000000000000000000001111111111111111111111111111111111111000000000
000000000000000000000011111111111111111111111111111111110000000000000001111111111111111111111111111111111111111100000000
000000000000000000000011111111111111111111111111111111111100000000000011111111111111111111111111111111111110000000000000
000000000000000000000001111111111111111111111111111111111100000000000011111111111111111111111111111111110000000000000000
000000000000000000000001111111111111111111111111111111111110000000000011111111111111111111111111111100000000000000000000
000000000000000000000001111111111111111111111111111111111110000000000011111111111111111111111111100000000000000000000000
000000000000000000000000111111111111111111111111111111111111000000011111111111111111111111111110000000000000000000000000
000000000000000000000000111111111111111111111111111111111111100111111111111111111111111111111000000000000000000000000000
000000000000000000000000111111111111111111111111111111111111100111111111111111111111111111100000000000000000000000000000
000000000000000000000000011111111111111111111111111111111111111111111111111111111111111111000000000000000000000000000000
000000000000000000000000011111111111111111111111111111111111111111111111111111001111111110000000000000000000000000000000
000000000000000000000000011111111111111111111111111111111111111111111111111100000011111101100010000000000000000000000000
000000000000000000000000011111111111111111111111111111111111111111111111111100000000011111101000000000000000000000000000
100000000000000000000000011111111111111111111111111111111111111111111111111000000000000000000000000000000000000000000000
100000000000000000000000001111111111111111111111111111111111111111111111100000000000000000000000000000000000000000000000
110000000000000000000000000011111111111111111111111111111111111111110000000000000000000000000000000000000000000000000000
111000000000000000000000000000111111111111111111111111111111111111100000000000000000000000000000000000000000000000000000
111100000000000000000000000000000111111111111111111111111111111111100000000000000000000000000000000000000000000000000000
111111000000000000000000000000000001111111111111111111111111111110000000000000000000000000000000000000000000000000000000
111111100000000000000000000000000000011111111111111111111110000000000000000000000000000000000000000000000000000000000000
111111110000000000000000000000000000000111111111111111111000000000000000000000000000000000000000000000000000000000000000
111111111100000000000000000000000000000000111111111111100000000000000000000000000000000000000000000000000000000000000000
111111111110000000000000000000000000000000001111111110000000000000000000000000000000000000000000000000000000000000000000
111111111111100000000000000000000000000000000011111110000000000000000000000000000000000000000000000000000000000000000000
111111111111111000000000000000000000000000000000111110000000000000000000000000000000000000000000000000000000000000000000
111111111111111110000000000000000000000000000000001111000000000000000000000000000000000000000000000000000000000000000000
111111111111111111100000000000000000000000000000000111100000000000000000000000000000000000000000000000000000000000000000
111111111111111111110000000000000000000000000000000001110000000000000000000000000000000000000000000000000000000000000000
111111111111111111111100000000000000000000000000000000011000000000000000000000000000000000000000000000000000000000000000
111111111111111111111111000000000000000000000000000000000100000000000000000000000000000000000000000000000000000000000000
111111111111111111111111110000000000000000000000000000000000000000000000000000000000000000000000000000000000000000000000
111111111111111111111111111100000000000000000000000000000000000000000000000000000000000000000000000000000000000000000000
111111111111111111111111111111000000000000000000000000000000000000000000000000000000000000000000000000000000000000000000
111111111111111111111111111111110000000000000000000000000000000000000000000000000000000000000000000000000000000000000000
111111111111111111111111111111111100000000000000000000000000000000000000000000000000000000000000000000000000000000000000
