111111111111111111111111111111111111111111111111111111111111111111111000000000000000000111111111111111111111111111111111
111111111111111111111111111111111111111111111111111111111111111111111100000000000000000000000011111111111111111111111111
111111111111111111111111111111111111111111111111111111111111111111111111000000000000000000000000011111111111111111111111
111111111111111111111111111111111111111111111111111111111111111111100000000000000000000000000000000111111111111111111111
111111111111111111111111111111111111111111111111111111111111111000000000000000000000000000000000000001111111111111111111
111111111111111111111111111111111111111111111111111111111111100000000000000000000000000000000000000000111111111111111111
111111111111111111111111111111111111111111111111111111111110000000000000000000000000000000000000000000111111111111111111
111111111111111111111111111111111111111111111111111111111000000000000000000000000000000000000000000000011111111111111111
111111111111111111111111111111111111111111111111111111110000000000000000000000000000000000000000000000001111111111111111
111111111111111111111111111111111111111111111111111111100000000000000000000000000000000000000000000000000111111111111111
111111111111111111111111111111111111111111111111111111100000000000000000000000000000000000000000000000000011111111111111
111111111111111111111111111111111111111111111111111111000000000000000000000000000000000000000000000000000001111111111111
111111111111111111111111111111111111111111111111111111000000000000000000000000000000000000000000000000000001111111111111
111111111111111111111111111111111111111111111111111111100000000000000000000000000000000000000000000000000000111111111111
111111111111111111111111111111111111111111111111111111110000000000000000000000000000000000000000000000000000111111111111
111111111111111111111111111111111111111111111111111111111000000000000000000000000000000000000000000000000000011111111111
111111111111111111111111111111111111111111111111111111111111100000000000000000000000000000000000000000000000011111111111
111111111111111111111111111111111111111111111111111111111111110000000000000000000000000000000000000000000000011111111111
111111111111111111111111111111111111111111111111111111111111100000000000000000000000000000000000000000000000001111111111
111111111111111111111111111111111111111111111111111111111111111000000000000000000000000000000000000000000000001111111111
111111111111111111111111111111111111111111111111101111111111111100000000000000000000000000000000000000000000001111111111
111111111111111111111111111111111111111111111111000000000001111111000000000000000000000000000000000000000000001111111111
111111111111111111111111111111111111111111100000000000000000111111110000000000000000000000000000000000000000001111111111
111111111111111111111111111111111111111111000000000000000000011111110000000000000000000000000000000000000000000111111111
111111111111111111111111111111111111111111000000000000000000011111110000000000000000000000000000000000000000000111111111
111111111111111111111111111111111111111111000000000000000000011111111000000000000000000000000000000000001000000111111111
111111111111111111111111111111111111111111000000000000000000011111111100000000000000000000000000000000001000100111111111
111111111111111111111111111111111111111111100000000000000000000111111100000000000000000000000000000000001100110011111111
111111111111111111111111111111111111111111110000000000000000000001111110000000000000000000000000000000000111011111111111
111111111111111111111111111111111111111111111100000000000000000000111000000000000000000000000000000000001111111111111111
111111111111111111111111111111111111111111111111100000000000000000000000000000000000000000000000000011001111111111111111
111111111111111111111111111111111111111111111111100000000000000000000000000000000000000000000000000001100111111111111111
111111111111111111111111111111111111111111111111000000000000000000000000000000000000000000000000000000110111111111111111
111111111111111111111111111111111111111111111110000000000000000000000000000000000000000000000000000000111111111111111111
111111111111111111111111111111111111111111111110000000000000000000000000000000000000000000000000000000011111111111111111
111111111111111111111111111111111111111111111110000000000000000000000000000000000000000000000000000000011111111111111111
111111111111111111111111111111111111111111111110000000000000000000000000000000000000000000000000000000001111111111111111
111111111111111111111111111111111111111111111110000000000000000001000000000000000000000000000000000000001111111110001111
111111111111111111111111111111111111111111111100000000000000000111000000000000000000000000000000000000000111110000011111
111111111111111111111111111111111111111111111100000000000000001111000000000000000000000000000000000000000000000001111111
