111111111111111111111111111111111111111111111111111111111111111111111111111111111111111111111111111111111111111111111111
111111111111111111111111111111111111111111111111111111111111111111111111101111111111111111111111111111111111111111111111
111111111111111111111111111111111111111111111111111111111111111111111000000000111111111111111111111111111111111111111111
111111111111111111111111111111111111111111111111111111111111111111110000000000000111111111111111111111111111111111111111
111111111111111111111111111111111111111111111111111111111111111111111000000000000000000000011111111111111111111111111111
111111111111111111111111111111111111111111111111111111111111111111111000000000000000000000000111111111111111111111111111
111111111111111111111111111111111111111111111111111111111111111111100000000000000000000000000001111111111111111111111111
111111111111111111111111111111111111111111111111111111111111111100000000000000000000000000000000111111111111111111111111
111111111111111111111111111111111111111111111111111111111111110000000000000000000000000000000000111111111111111111111111
111111111111111111111111111111111111111111111111111111111111000000000000000000000000000000000000011111111111111111111111
111111111111111111111111111111111111111111111111111111111110000000000000000000000000000000000000001111111111111111111111
111111111111111111111111111111111111111111111111111111111110000000000000000000000000000000000000000111111111111111111111
111111111111111111111111111111111111111111111111111111111100000000000000000000000000000000000000000011111111111111111111
111111111111111111111111111111111111111111111111111111111100000000000000000000000000000000000000000011111111111111111111
111111111111111111111111111111111111111111111111111111111110000000000000000000000000000000000000000001111111111111111111
111111111111111111111111111111111111111111111111111111111111000000000000000000000000000000000000000001111111111111111111
111111111111111111111111111111111111111111111111111111111111111000000000000000000000000000000000000001111111111111111111
111111111111111111111111111111111111111111111111111111111111111110000000000000000000000000000000000000111111111111111111
111111111111111111111111111111111111111111111111111111111111111100000000000000000000000000000000000000111111111111111111
111111111111111111111111111111111111111111111111111111111111111111000000000000000000000000000000000000111111111111111111
111111111111111111111111111111111111111111111111111111111111111111110000000000000000000000000000000000111111111111111111
111111111111111111111111111111111111111111111111111111111111111111111000000000000000000000000000000000111111111111111111
111111111111111111111111111111111111111111111111111111111111111111111000000100000000000000000000000000111111111111111111
111111111111111111111111111111111111111111111111111111111111111111111100000000000000000000000000010000111111111111111111
111111111111111111111111111111111111111100000000111111111111111111111100000000000000000000000000010010011111111111111111
111111111111111111111111111111111111000000000000011111111111111111111110000000000000000000000000001011111111111111111111
111111111111111111111111111111111110000000000000001111111111111111111110000000000000000000000000101111111111111111111111
111111111111111111111111111111111100000000000000001111111111111111111100000000000000000000000000111111111111111111111111
111111111111111111111111111111111110000000000000001111111111111100000000000000000000000000000110111111111111111111111111
111111111111111111111111111111111110000000000000000000111111111100000000000000000000000000000111111111111111111111111111
111111111111111111111111111111111111100000000000000000000111111100000000000000000000000000000011111111111111111111111111
111111111111111111111111111111111111111000000000000000000000010000000000000000000000000000000011111111111111111111111111
111111111111111111111111111111111111111111110000000000000000000000000000000000000000000000000001111111111111111111111111
111111111111111111111111111111111111111111110000000000000000000000000000000000000000000000000001111111111111111111111111
111111111111111111111111111111111111111111100000000000000000000000000000000000000000000000000001111111111111111111111111
111111111111111111111111111111111111111111100000000000000000000000000000000000000000000000000000110000011111111111111111
111111111111111111111111111111111111111111100000000000000000000000000000000000000000000000000000000111111111111111111111
111111111111111111111111111111111111111111100000000000000000000000000000000000000000000000000000001111111111111111111111
111111111111111111111111111111111111111111000000000000000000000000000000000000000000000000000000001111111111111111111111
111111111111111111111111111111111111111111000000000000000000000000000000000000000000000000000000000111111111111111111111
