111111111111111111111111111111111111111100000000000000000000000000000000000000000000000000000000000000000000000000000000
111111111111111111111111111111111111111100000000000000000000000000000000000000000000000000000000000000000000000000000000
111111111111111111111111111111111111111100000000000000000000000000000000000000000000000000000000000000000000000000000000
111111111111111111111111111111111111111100000000000000000000000000000000000000000000000000000000000000000000000000000000
111111111111111111111111111111111111111100000000000000000000000000000000000000000000000000000000000000000000000000000000
111111111111111111111111111111111111111100000000000000000000000000000000000000000000000000000000000000000000000000000000
111111111111111111111111111111111111111000000000000000000000000000000000000000000000000000000000000000000000000000000000
111111111111111111111111111111111111110000000000000000000000000000000000000000000000000000000000000000000000000000000000
111111111111111111111111111111111111100000000000000000000000000000000000111111110000000000000000000000000000000000000000
111111111111111111111111111111111111000000000000000000000000000000000000001111111111110000000000000000000000000000000000
111111111111111111111111111111111110000000000000000000000000000000000000001111111111111100000000000000000000000000000000
111111111111111111111111111111111000000000000000000000000000000000000000011111111111111110000000000000000000000000000000
111111111111111111111111111111100000000000000000000000000000000000000000001111111111111110000000000000000000000000000000
111111111111111111111111111100000000000000000000000000000000000000000000000011111111111111000000000000000000000000000000
111111111111111111111111100000000000000000000000000000000000000000000000000001111111111111100000000000000000000000000000
111111111111111111111000000000000000000000000000000000000000000000000000000000011111111111110000000000000000000000000000
011111111111110000000000000000000000000000000000000000000000000000000000000000111111111111110000000000000000000000000000
000000000000000000000000000000000000000000000000000000000000000000000000000001111111111111110000000000000000000000000000
000000000000000000000000000000000000000000000000000000000000000000000000000011111111111111111100000000000000000000000000
000000000000000000000000000000000000000000000000000000000000000000000000001111111111111111111110000000000000000000000000
000000000000000000000000000000000000000000000000000000000000000000000000001111111111111111111110000000000000000000000000
000000000000000000000000000000000000000000000000000000000000000000000000000011111111110111111111000000000000000000000000
000000000000000000000000000000000000000000000000000000000000000000000000000011111111100011111111000000000000000000000000
000000000000000000000000000000000000000000000000000000000000000000000000000011111111110001111111000000000000000000000000
000000000000000000000000000000000000000000000000000000000000000000000000000011111111110000111111110000000000000000000000
000000000000000000000000000000000000000000000000000000000000000000000000000011111111111000011111111000000000000000000000
000000000000000000000000000000000000000000000000000000000000000000000000000011111111111110001111111000000000000000000000
000000000000000000000000000000000000000000000000000000000000000000000000000111111111111111000111111000000000000000000000
000000000000000000000000000000000000000000000000000000000000000000000000000111111111111111000011111000000000000000000000
000000000000000000000000000000000000000000000000000000000000000000000000001111111111111111100000000000000000000000000000
000000000000000000000000000000000000000000000000000000000000000000000000001111111111111111110000000000000000000000000000
000000000000000000000000000000000000000000000000000000000000000000000000011111111111111111111000000000000000000000000000
000000000000000000000000000000000000000000000000000000000000000000000000011111111111111111111100000000000000000000000000
000000000000000000000000000000000000000000000000000000000000000000000000111111111111111111111110000000000000000000000000
000000000000000000000000000000000000000000000000000000000000000000000001111111111111111111111111000000000000000000000000
000000000000000000000000000000000000000000000000000000000000000000000001111111111111111111111111100000000000000000000000
000000000000000000000000000000000000000000000000000000000000000000000011111111111111111111111111110000000000000000000000
000000000000000000000000000000000000000000000000000000000000000000000011111111111111111111111111111000000000000000000000
000000000000000000000000000000000000000000000000000000000000000000000011111111111111111111111111111100000000000000000000
000000000000000000000000000000000000000000000000000000000000000000000011111111111111111111111111111110000000000000000000
