111111111111111111111111111111111111111111111111111111111111111111111111111111100000000000000000000000000000001111111111
111111111111111111111111111111111111111111111111111111111111111111111111111000000000000000000000000000000000000000111111
111111111111111111111111111111111111111111111111111111111111111111111111100000000000000000000000000000000000000000001111
111111111111111111111111111111111111111111111111111111111111111111111111000000000000000000000000000000000000000000000011
111111111111111111111111111111111111111111111111111111111111111111111110000000000000000000000000000000000000000000000000
111111111111111111111111111111111111111111111111111111111111111111111100000000000000000000000000000000000000000000000000
111111111111111111111111111111111111111111111111111111111111111111111100000000000000000000000000000000000000000000000000
111111111111111111111111111111111111111111111111111111111111111111100000000000000000000000000000000000000000000000000000
111111111111111111111111111111111111111111111111111111111111111000000000000000000000000000000000000000000000000000000000
111111111111111111111111111111111111111111111111111111111111111000000000000000000000000000000000000000000000000000000000
111111111111111111111111111111111111111111111111111111111000000000000000000000000000000000000000000000000000000000000000
111111111111111111111111111111111111111111111111111111110000000000000000000000000000000000000000000000000000000000000000
111111111111111111111111111111111111111111111111111111110000000000000000000000000000000000000000000000000000000000000000
111111111111111111111111111111111111111111111111111111111111000000000000000000000000000000000000000000000000000000000000
111111111111111111111111111111111111111111111111111111111111111100000000000000000000000000000000000000000000000000000000
111111111111111111111111111111111111111111111111111111111111111110000000000000000000000000000000000000000000000000000000
111111111111111111111111111111111111111111111111111111000111111111111000000000000000000000000000000000000000000000000000
111111111111111111111111111111111111111111111111111110000111111111111100000000000000000000000000000000000000000000000000
111111111111111111111111111111111111111111111111111100001111111111111100000000000000000000000000000000000000000000000000
111111111111111111111111111111111111111111111111111000011111111111111100000000000000000000000000000000000000000000000000
111111111111111111111111111111111111111111100000110000011111111111111100000000000000000000000000000000000000000000000000
111111111111111111111111111111111111111100000000000000111111111111111100000000000000000000000000000000000000000000000000
111111111111111111111111111111111111110000000000000000111111111111111110000000000000000000000000000000000000000000000000
111111111111111111111111111111111111100000000000000000111111111111111110000000000000000000000000000000000000000000000000
111111111111111111111111111111111111111000000000000000111111111111111110000000011100000000000000000000000000000000000000
111111111111111111111111111111111111111100000000000000111111111111111110000000011100000000000000000000000000000000000000
111111111111111111111111111111111111111100000000000001111111111111111110000000001000000000000000000000000000000000000000
111111111111111111111111111111111111111100000000000001111111111111111100000000000000000000000000000000000000000000000000
111111111111111111111111111111111111111110000000000000111111111111111100000000000000000000000000000000000000000000000000
111111111111111111111111111111111111111111000000000000011111111111111100000000000000000000000000000000000000000000000000
111111111111111111111111111111111111111111100000000000000111111111111000000000000000000000000000000000000000000000000000
111111111111111111111111111111111111111111110000000000000011111111110000000000000000000000000000000000000000000000000000
111111111111111111111111111111111111111111111100000000000000000000000000000000000000000000000000000000000000000000000000
111111111111111111111111111111111111111111111110000000000000000000000000000000000000000000000000000000000000000000000000
111111111111111111111111111111111111111111111111000000000000000000000000000000000000000000000000000000000000000000000000
111111111111111111111111111111111111111111111111100000000000000000000000000000000000000000000000000000000000000000000000
111111111111111111111111111111111111111111111111110000000000000000000000000000000000000000000000000000000000000000000000
111111111111111111111111111111111111111111111111100000000000000000000000000000000000000000000000000000000000000000000000
111111111111111111111111111111111111111111111111000000000000000000000000000000000000000000000000000000000000000000000000
111111111111111111111111111111111111111111111110000000000000000000000000000000000000000000000000000000000000000000000000
