000000000000000000000000000000000000000000000000000000000000011111111111111111111111111111111111111111110000000000000000
000000000000000000000000000000000000000000000000000000000001111111111111111111111111111111111111111111100000000000000000
000000000000000000000000000000000000000000000000000000001111111111111111111111111111111111111111111111100000000000000000
000000000000000000000000000000000000000000000000000001111111111111111111111111111111111111111111111111110000000000000000
000000000000000000000000000000000000000000000000001111111111111111111111111111111111111111111111111111000000000000000000
000000000000000000000000000000000000000000000000111111111111111111111111111111111111111111111111111111000000000000000000
000000000000000000000000000000000000000000000011111111111111111111111111111111111111111111111111111111000000000000000000
000000000000000000000000000000000000000000001111111111111111111111111111111111111111111111111111111111000000000000000000
000000000000000000000000000000000000000000011111111111111111111111111111111111111111111111111111111110000000000000000000
000000000000000000000000000000000000000000011111111111111111111111111111111111111111111111111111111110000000000000000000
000000000000000000000000000000000000000001111111111111111111111111111111111111111111111111111111111110000000000000000000
000000000000000000000001111111110000001111111111111111111111111111111111111111111111111111111111111111000000000000000000
000000000000000000000111111111111111111111111111111111111111111111111111111111111111111111111111111111000000000000000000
000000000000000000000000000011111111111111111111111111111111111111111111111111111111111111111111111111000000000000000000
000000000000000000000000000000111111111111111111111111111111111111111111111111111111111111111111111111000000000000000000
000000000000000000000000000000000011111111111111111111111111111111111111111111111111111111111111111111000000000000000000
000000000000000000000000000000000111111111111111111111111111111111111111111111111111111111111111111111000000000000000000
000000000000000000000000000000011111111111111111111111111111111111111111111111111111111111111111111111000000000000000000
000000000000000000000000000000110111111111111111111111111111111111111111111111111111111111111111111110000000000000000000
000000000000000000000000000000000111111111111111111111111111111111111111111111111111111111111111111100000000000000000000
000000000000000000000000000000000111111111111111111111111111111111111111111111111111111111111111111110000000000000000000
000000000000000000000000000000000011111111111111111111111111111111111111111111111111111111111111111110000000000000000000
000000000000000000000000000000000001111111111111111111111111111111111111111111111111111111111111111110000000000000000000
000000000000000000000000000000000000101111111111111111111111111111111111111111111111111111111111111110000000000000000000
000000000000000000000000000000000000000001101111111111110000000001111111111111111111111111111111111111000000000000000000
000000000000000000000000000000000000000000000111110000000000000000000011111111111111111111111111111111110000000000000000
000000000000000000000000000000000000000000001100000000000000000000000000001111111111111111111111111100011111000000000000
000000000000000000000000000000000000000000100000000000000000000000000000000001111111111111111111111100000111111000000000
000000000000000000000000000000000000000000000000000000000000000000000000000000000000000011111111111000000001111000000000
000000000000000000000000000000000000000000000000000000000000000000000000000000000000000000001111111000000000000000000000
000000000000000000000000000000000000000000000000000000000000000000000000000000000000000000000001111000000000000000000000
000000000000000000000000000000000000000000000000000000000000000000000000000000000000000000000000011100000000000000000000
000000000000000000000000000000000000000000000000000000000000000000000000000000000000000000000000000000000000000000000000
000000000000000000000000000000000000000000000000000000000000000000000000000000000000000000000000000000000000000000000000
000000000000000000000000000000000000000000000000000000000000000000000000000000000000000000000000000000000000000000000000
000000000000000000000000000000000000000000000000000000000000000000000000000000000000000000000000000000000000000000000000
000000000000000000000000000000000000000000000000000000000000000000000000000000000000000000000000000000000000000000000000
000000000000000000000000000000000000000000000000000000000000000000000000000000000000000000000000000000000000000000000111
000000000000000000000000000000000000000000000000000000000000000000000000000000000000000000000000000000000000000011111111
000000000000000000000000000000000000000000000000000000000000000000000000000000000000000000000000000000000000111111111111
