111111111111111111111111111111111111111111111111111111111111111111000000000000001111111111111111111111111111111111111111
111111111111111111111111111111111111111000000000000000011111000000000000000000000001111111111111111111111111111111111111
111111111111111111111111111111111111000000000000000000000000000000000000000000000000011111111111111111111111111111111111
111111111111111111111111111111111111000000000000000000000000000000000000000000000000001111111111111111111111111111111111
111111111111111111111111111111111111100000000000000000000000000000000000000000000000000011111111111111111111111111111111
111111111111111111111111111111111111111000000000000000000000000000000000000000000000000000111111111111111111111111111111
111111111111111111111111111111111111111110000000000000000000000000000000000000000000000000011111111111111111111111111111
111111111111111111111111111111111111111111110000000000000000000000000000000000000000000000000111111111111111111111111111
111111111111111111111111111111111111111111111110000000000000000000000000000000000000000000000011111111111111111111111111
111111111111111111111111111111111111111111111100000000000000000000000000000000000000000000000001111111111111111111111111
111111111111111111111111111111111111111111111000000000000000000000000000000000000000000000000000111111111111111111111111
111111111111111111111111111111111111111111110000000000000000000000000000000000000000000000000000011111111111111111111111
111111111111111111111111111111111111111111110000000000000000000000000000000000000000000000000000011111111111111111111111
111111111111111111111111111111111111111111110000000000000000000000000000000000000000000000000000001111111111111111111111
111111111111111111111111111111111111111111110000000000000000000000000000000000000000000000000000000111111111111111111111
111111111111111111111111111111111111111111110000000000000000000000000000000000000000000000000000000111111111111111111111
111111111111111111111111111111111111111111111000000000000000000000000000000000000000000000000000000011111111111111111111
111111111111111111111111111111111111111111111000000000000000000000000000000000000000000000000000000011111111111111111111
111111111111111111111111111111111111111111111110000000000000000000000000000000000000000000000000000001111111111111111111
111111111111111111111111111111111111111111111111110000000000000000000000000000000000000000000000000000111111111111111111
111111111111111111111111111111111111111111111111111111111100000000000000000000000000000000000000000001111111111111111111
111111111111111111111111111111111111111111111111111111111100000000000000000000000000000000000000000000111111111111111111
111111111111111111111111111111111111111111111111111111111100000000000000000000000000000000000000000000011111111111111111
111111111111111111111111111111111111111111111111111111111000000010000000111000000000000000000000000000111111111111111111
111111111111111111111111111111111111111111111111111111111000000011100000111100000000000000000000000000011111111111111111
111111111111111111111111111111111111111111111111111111111100000011100000111110000000000000000000000100011111111111111111
111111111111111111111111111111111111111111111111111111111100000011111000111000000000000000000000000011011111111111111111
111111111111111111111111111111111111111111111111111111111100000011111100100000000000000000000000000001111111111111111111
111111111111111111111111111111111111111111111111111111111100000001111110000000000000000000000000000000011111111111111111
111111111111111111111111111111111111111111111111111111111111000011111110000000000000000000000000000000001111111111111111
111111111111111111111111111111111111111111111111111111111111100011111000000000000000000000000000000000000111111111111111
111111111111111111111111111111111111111111111111111111111111100011110000000000000000000000000000000000000011111111111111
111111111111111111111111111111111111111111111111111111111111110011110000000000000000000000000000000000000001111111111111
111111111111111111111111111111111111111111111111111111111111111011110000000000000000000000000000000000110000111111111111
111111111111111111111111111111111111111111111111111111111111111111110000000000000000000000000000000000011000001111111111
111111111111111111111111111111111111111111111111111111111111111111110000000000000000000000000000000000011100000111111111
111111111111111111111111111111111111111111111111111111111111111111110000000000000000000000000000000000001100000011111111
111111111111111111111111111111111111111111111111111111111111111111110000000000000000000000000000000000000110000001111111
111111111111111111111111111111111111111111111111111111111111111111100000000000000000000000000000000000000111000001111111
111111111111111111111111111111111100000011111111111111111111111111100000000000000000000000000000000000000011100000111111
