111111111111111111111111111111111111111111111111111111111111111111111111111111111111111111111111111111111111111111111111
111111111111111111111111111111111111111111111111111111111111111111111111111111111111111111111111111111111111111111111111
111111111111111111111111111111111111111111111111111111111111111111111111111111111111111111111111111111111111111111111111
111111111111111111111111111111111111111111111111111111111111111111111111111111111111111111111111111111111111111111111111
111111111111111111111111111111111111111111111111111111111111111111111111111111111111111111111111111111111111111111111111
111111111111111111111111111111111111111111111111111111111111111111111111111111111111111111111111111111111111111111111111
111111111111111111111111111111111111111111111111111111111111111111111111111111111111111111111111111111111111111111111111
111111111111111111111111111111111111111111111111111111111111111111111111111111111111111111111111111111111111111111111111
111111111111111111111111111111111111111111111111111111111111111111111111111111111111111111111111111111111111111111111111
111111111111111111111111111111111111111111111111111111111111111111111111111111111111111111111111111111111111111111111111
111111111111111111111111111111111111111111111111111111111111111111111111111111111111111111111111111111111111111111111111
111111111111111111111111111111111111111111111111111111111111111111111111111111111111111111111111111111111111111111111111
111111111111111111111111111111111111111111111111111111111111111111111111111111111111111111111111111111111111111111111111
111111111111111111111111111111111111111111111111111111111111011111111111111111111111111111111111100011111111111111111111
111111111111111111111111100111111111111111111111111111111110001111111111111111111111111111111000000000111111111111111111
111111111111111111111110000011111111111111111111111111110000000001111111111111111111111111111100000000011111111111111111
111111111111111111110000000001111111111111111111111111111000000001111111111111111111111111111100000000011111111011111111
111111111111111111110000000001111111111111111111111111111000000000111111111111111111111111110000000000011111111111111111
111111111111111111111000000000111111111111111111111111111110000000111111111111111111000011000000000001111111111111111111
111111111111111111111100000000111111111111111111111111010000000000011111111111111111100010000000000000111111111111111111
111111111111111111111100000011111111111111111111111110000000000000111111111111111111100000000000000000111111111111111111
111111111111111111111000000001111111111111111111000000001000000001111111111111111111110001110000000011111111111111111111
111111111111111111110000000001111111111111111111110111111100000000111111111111111111111111100000000011111111111111111111
100000000011110000000100000000111111111111111111111111111110000000111111111111111111111111110000000111111111111111111111
000000000000000001111000000000111111111111111111111111111100000000111111111111111111111111100000000011111111111111111111
100000000000000000000000000000011111111111111111111111111000000000011111111111111111111111000000000011111111111111111111
111111100000000000000000000000001111111111111111111111110000000000011111111111111111111110000000000001111111111111111111
111111111111000000000000000000000111111111111111111111110000000000011111111111111111111100000000000000111111111111111111
111111111111111111000000000000000011111111111111111111100000000000001111111111111111110000000000000000111111111111111111
111111111111111111111100000000000001111111111111111111000000000000000111111111111111100000000000000000011111111111111111
111111111111111111111000000000000000111111111111111111100000000000000111111111111111110000000000000000011111111111111111
111111111111111111111100000000000000111111111111111111111100010000111111111111111111111111110000011100001111111111111111
111111111111111111111000001100111111111111111111111111111100111000111111111111111111111111110001111110001111111111111111
111111111111111111110000001111111111111111111111111111111100111100111111111111111111111111110001111111000111111111111111
111111111111111111111100000011111111111111111111111111111100111100011111111111111111111111110011111111000111111111111111
111111111111111111111111100000111111111111111111111111100000000000000111111111111111111111110011111111000111111111111111
111111111111111111111111111000001111111111111111111111111000000000001111111111111111111111110011111111000111111111111111
111111111111111111111111000000000111111111111111111111111100000000011111111111111111111111110011111111000111111111111111
111111111111111111111100000000000001111111111111111111001000000000011111111111111111110000000000000111000011111111111111
111110000011111111111000000000000001111111111111111111111111111111111111111111111111111000000000000000000011111111111111
