000000000111111111111100000000001111111110000000011111111111111111111111000000000000000000000000000000000000000000000000
000000000111111111111000000000000000000111111111111111111111111111111100000000000000000000000000000000000000000000000000
000000001111111111110000000000000000000000000011111111111111111111110000000000000000000000000000000000000000000000000000
000000011111111111100000000000000000000000000001111111111111111111000000000000000000000000000000000000000000000000000000
000000011111111111000000000000000000000000000000011111111111111111111111110000000000000000000000000000000000000000000000
000000011111111111000000000000000000000000000000000010011111111111111101111111111111000001000000000000000000000000000000
000000111111111110000000000000000000000000000000000000011111111111111100000000001111111111111110000000000000000000000000
000000111111111110000000000000000000000000000000000000011111111111111110000000000000001111111111111111111111000000000000
000000111111111110000000000000000000000000000000000000111111111111111111000000000011111111111000000011111111111111111111
000000111111111100000000000000000000000000000000000000111111111111111111111111111111111111100000000000000000011111111111
000000111111111100000000000000000000000000000000000001111111111111111111111111111111110000000000000000000000000000000111
000000111111111100000000000000000000000000000000000011111111111111111111111111110000000000000000000000000000000000000000
000000111111111100000000000000000000000000000000000111110111111111111100000000000000000000000000000000000000000000000000
000000111111111100000000000000000000000000000000000111111111111111111100000000000000000000000000000000000000000000000000
000000011111111100000000000000000000000000000000000011111111111111111100000000000000000000000000000000000000000000000000
000000011111111110000000000000000000000000000000000000011111111111111110000000000000000000000000000000000000000000000000
000000001111111110000000000000000000000000000000000000000111111111111111000000000000000000000000000000000000000000000000
000000000111111111000000000000000000000000000000000000011111111111111111000000000000000000000000000000000000000000000000
000000000011111111100000000000000000000000000000000001111111111111111111100000000000000000000000000000000000000000000000
000000000001111111100000000000000000000000000000001111111111111111111111111000000000000000000000000000000000000000000000
000000000001111111110000000000000000000000000111111111111111111111111111111110000000000000000000000000000000000000000000
000000000000111111110000000000000000000011111111111111111111111111111111111111000000000000000000000000000000000000000000
000000000000111111100000000000000000111111111111111111111111111111111111111100000000000000000000000000000000000000000000
000000000000111111000000000000000011111111111111111111111111111111111111111110000000000000000000000000000000000000000000
000000000000111110000000000000001111111111111111111111111111111111111111111110000000000000000000000000000000000000000000
000000000000111110000000000000111111111111111111111111111111111111111111111111000000000000000000000000000000000000000000
000000000000111110000000000001111111111111111111111111111111111111111111111111000000000000000000000000000000000000000000
000000000000111110000000000001111111111111111111111111111111111111111111111111000000000000000000000000000000000000000000
000000000000011111000000000001111111111111111111111111111111111111111111111111000000000000000000000000000000000000000000
000000000000001111100000000011111111111111111111111111111111111111111111111111100000000000000000000000000000000000011111
000000000000000011111000000111111111111111111111111111111111111111111111111111100000000000000000000000000001111111111111
000000000000000000001110001111111111111111111111111111111111111111111111111110000000000000000000000111111111111111111111
000000000000000000000000001111111111111111111111111111111111111111111111111100000000000000111111111111111111111111111111
000000000000000000000000001111111111111111111111111111111111111111111111110000000111111111111111111111111111111111111111
000000000000000000000000001111111111111111111111111111111111111111111111111111111111111111111111111111111111111111111111
000000000000000000000000000000000111111111111111111111111111111111111111111111111111111111111111111111111111111111111111
000000000000000000000000000000000001111111111111111111111111111111111111111111111111111111111111111111111111111111111111
000000000111111111111111111111111111111111111111111111111111111111111111111111111111111111111111111111111111111111111111
111111111111111111111111111111111111111111111111111111111111111111111111111111111111111111111111111111111111111111111111
111111111111111111111111111111111111111111111111111111111111111111111111111111111111111111111111111111111111111111111111
