111111111111111111111111111111111111111111111111111111111111111111111111111111111111111111111111111111111111111111111111
111111111111111111111111111111111111111111111111111111111111111111111111111111111111111111111111111111111111111111111111
111111111111111111111111111111111111111111111111111111111111111111111111111111111111111111111111111111111111111111111111
111111111111111111111111111111111111111111111111111111111111111111111111111111111111111111111111111111111111111111111111
111111111111111111111111111111111111111111111111111111111111111111111111111111111111111111111111111111111111111111111111
111111111111111111111111111111111111111111111111111111111111111111111111111111111111111111111111111111111111111111111111
111111111111111111111111111111111111111111111111111111111111111111111111111111111111111111111111111111111111111111111111
111111111111111111111111111111111111111111111111111111111111111111100111111111111111111111111111111111100001111111111111
111111111111111111111111111101111111111111111111111111111111111110000001111111111111111111111111111110000000001111111111
111111111111111111111111111000011111111111111111111111111111111100000000111111111111111111111111111100000000001111011111
111111111111111111111111000000000111111111111111111111111111111100000000111111111111111111111111111110000000001110111111
111111111111111111111111000000000111111111111111111111111111111000000001111111111111111111111111111110000000011101111111
111111111111111111111111000000000011111111111111111111111111111000000000011111111111111111111111111110000000000000000000
111111111111111111111111110000000011111111111111111111111111110000000000000001111111111111111111111100000000000000000000
111111111111111111111111111000000111111111111111111111111111111100000000000000000111111111111111111100000000000111111111
111111111111111111111111100000000011111111111111111111111111111100000001111101001111111111111111111110000000000111111111
111111111111111111111111100000000001111111111111111111111111111000000011111111111111111111111111111111100000000111111111
110000000000011111111000000000000001111111111111111111111111111000000001111111111111111111111111111111100000001111111111
110000000000000000000011111000000001111111111111111111111111111000000000111111111111111111111111111110000000001111111111
111110000000000000000000110000000001111111111111111111111111110000000000011111111111111111111111111100000000001111111111
111111111100000000000000000000000000011111111111111111111111110000000000001111111111111111111111110000000000001111111111
111111111111111000000000000000000000001111111111111111111111100000000000000111111111111111111111100000000000000111111111
111111111111111111100000000000000000000011111111111111111111100000000000000011111111111111111110000000000000000111111111
111111111111111111111111001000000000000000111111111111111111100000000000001111111111111111111111000000000000000111111111
111111111111111111111111111000000000000000011111111111111111111100011001111111111111111111111111100000000000001111111111
111111111111111111111111110000000000001111111111111111111111111100111001111111111111111111111111000111110001111111111111
111111111111111111111111110000000111111111111111111111111111111001111001111111111111111111111100001111110001111111111111
111111111111111111111111100000001111111111111111111111111111111000110001111111111111111111111100011111110001111111111111
111111111111111111111111111110000011111111111111111111111111110000000000000111111111111111111000111111100011111111111111
111111111111111111111111111111110000111111111111111111111111111100000000111111111111111111111001111111100111111111111111
111111111111111111111111111111100000011111111111111111111111111100000000000011111111111111110001111111000111111111111111
111111111111111111111111111110000000001111111111111111111111111111000000000011111111111111110000000000000000001111111111
111111110000000111111111110000000000000000011111111111111111111111111111111111100111111111111110000000000000000111111111
111100000000000000010111111000000000000000011111111111111111111111111111111111111111111111111111111110000000000111111111
111111000000000000000011111000000000111111111111111111111111111111111111111111111111111111111111111110000000000001111111
111111111000000000000000000000000000111111111111111111111111111111111111111111111111111111111111111110011000000000000111
111111111111000000000000000000111111111111111111111111111111111111111111111111111111111111111111111111100111111100000000
111111111111110000000000000000011111111111111111111111111111111111111111111111111111111111111111111111111111000111111111
111111111111111110000000000000000011111111111111111111111111111111111111111111111111111111111111111111111111111111111111
111111111111111111110000000000000011111111111111111111111111111111111111111111111111111111111111111111111111111111111111
