000000000000000000000000000000000000000000110000000000000000000000000000000000000000000000000000000000000000000000000000
000000000000000000000000000000000000000011111100000000000000000000000000000000000000000000000000000000000000000000000000
000000000000000000000000000000000111111111111111110000000000000000000000000000000000000000000000000000000000000000000000
000000000000000000000000000011111111111111111111111111100000000000000000000000000000000000000000000000000000000000000000
000000000000000000000000001111111111111111111111111111111100000000000000000000000000000000000000000000000000000000000000
000000000000000000000000111111111111111111111111111111111111000000000000000000000000000000000000000000000000000000000000
000000000000000000000001111111111111111111111111111111111111100000000000000000000000000000000000000000000000000000000000
000000000000000000000001111111111111111111111111111111111111110000000000000000000000000000000000000000000000000000000000
000000000000000000000011111111111111111111111111111111111111111000000000000000000000000000000000000000000000000000000000
000000000000000000000011111111111111111111111111111111111111111000000000000000000000000000000000000000000000000000000000
000000000000000000000011111111111111111111111111111111111111111000000000000000000000000000000000000000000000000000000000
000000000000000000001111111111111111111111111111111111111111110000000000000000000000000000000000000000000000000000000000
000000000000000111111111111111111111111111111111111111111111111000000000000000000000000000000000000000000000000000000000
000000000000000111111111111111111111111111111111111111111111111110000000000000000000000000000000000000000000000000000000
000000000000000011111111111111111111111111111111111111111111111100000000000000000011000000000000000000000000000000000000
000000000000000000000111111111111111111111111111111111111111111000000000000000000001000000000000000000000000000000000000
000000000000000000000001111111111111111111111111111111111111111000000000000000000000000000000000000000000000000000000000
000000000000000000000011111111111111111111111111111111111111111000000000000000000000000000000000000000000000000000000000
000000000000000000000011111111111111111111111111111111111111111100000000000000000000000000000000000000000000000000000000
000000000000000000000111111111111111111111111111111111111111111110000000000000000000000000000000000000000000000000000000
000000000000000000000111111111111111111111111111111111111111111110000000000000000000000000000000000000000000000000000000
000000000000000000001111111111111111111111111111111111111111111100000000000000000000000000000000000000000000000000000000
000000000000000000011111111111111111111111111111111111111111111100000000000000000000000000000000000000000000000000000000
000000000000000000110111111111111111111111111111111111111111111100000000000000000000000000000000000000000000000000000000
000000000000000000000000011111111111111111111111111111111110000010000000000000000000000000000000000000000000000000000000
000000000000000000000000011111111111111111111111111111111111111000000000000000000000000000000000000000000000000000000000
000000000000000000000000011111111111111111111111111111111111111110000000000000000000000000000000000000000000000000000000
000000000000000000000000011111111111111111111111111111111111111100000000000000000000000000000000000000000000000000000000
000000000000000000000000111111111111111111111111111111111111111110000000000000000000000000000000000000000000000000000000
000011000000000000000011111111111111111111111111111111111111111111000000000000000000000000000000000000000000000000000000
000000000000000000000011111111111111111111111111111111111111111111000000000000000000000000000000000000000000000000000000
000000000000000000000111111111111111111111111111111111111111111111111000000000000000000000000000000000000000000000000000
000000000000000000000111111111111111111111111111111111111111111111110000000000000000000000000000000000000000000000000000
000000000000000000001111111111111111111111111111111111111111111111110000000000000000000000000000000000000000000000000000
000000000000000000001111111111111111111111111111111111111111111111111001110000000000000000000000000000000000000000000000
000000000000000000000111111111111111111111111111111111111111111111111111111111111111111000000000000000000000000000000000
000000000000000000001111111111111111111111111111111111111111111111111111111111111111111111111000000000000000000000000000
000000000000000000011111111111111111111111111111111111111111111111111111111111111111111111111111110000000000000000000000
000000000000000001111111111111111111111111111111111111111111111111111111111111111111111111111111111110000000000000000000
000000000000000111111111111111111111111111111111111111111111111111111111111111111111111111111111111111110000000000000000
