000000000000000000000000000000000000000000000000000000000000000000000000000000000000000000000000000000000000000000000000
000000000000000000000000000000000000000000000000000000000000000000000000000000000000000000000000000000000000000000000000
000000000000000000000000000000000000000000000000000000000000000000000000000000000000000000000000000000000000000000000000
000000000000000000000000000000000000000000000000000000000000000000000000000000000000000000000000000000000000000000000000
000000000000000000000000000000000000000000000000000000011111111110000000000000000000000000000000000000000000000000000000
000000000000000000000000000000000000000000000000011111111111111111111000000000000000000000000000000000000000000000000000
000000000000000000000000000000000000000000000001111111111111111111111111000000000000000000000000000000000000000000000000
000000000000000000000000000000000000000000000011111111111111111111111111111000000000000000000000000000000000000000000000
000000000000000000000000000000000000000000111111111111111111111111111111111111000000000000000000000000000000000000000000
000000000000000000000000000000000000000011001111111111111111111111111111111111000000000000000000000000000000000000000000
000000000000000000000000000000000000000011101111111111111111111111111111111110000000000000000000000000000000000000000000
000000000000000000000000000000000000000000111111111111111111111111111111111000000000000000000000000000000000000000000000
000000000000000000000000000000000000000000011111111111111111111111111111111100000000000000000000000000000000000000000000
000000000000000000000000000000000000000011111111111111111111111111111111111111000000000000000000000000000000000000000000
000000000000000000000000000000000000000111111111111111111111111111111111111111000000000000000000000000000000000000000000
000000000000000000000000000000000000000001111111111111111111111111111111111000000000000000000000000000000000000000000000
000000000000000000000000000000000000000000000011111111111111111111111111111000000000000000000000000000000000000000000000
000000000000000000000000000000000000000000000011111111111111111111111111111000000000000000000000000000000000000000000000
000000000000000000000000000000000000000000000011111111111111111111111111111000000000000000000000000000000000000000000000
000000000000000000000000000000000000000000000011111111111111111111111111111100000000000000000000000000000000000000000000
000000000000000000000000000000000000000000000011111111111111111111111111111100000000000000000000000000000000000000000000
000000000000000000000000000000000000000000000011111111111111111111111111111100000000000000000000000000000000000000000000
000000000000000000000000000000000000000000011111111111111111111111111111111100000000000000000000000000000000000000000000
000000000000000000000000000000000000000001111111111111111111111111111111111100000000000000000000000000000000000000000000
000000000000000000000000000000000000001111111111111111111111111111111111111110000000000000000000000000000000000000000000
000000000000000000000000000000001100011111111111111111111111111111111111111111100000000000000000000000000000000000000000
000000000000000000000000000000011111111111111111111111111111111111111111111111110000000000000000000000000000000000000000
000000000000000000000000000000011111111111111111111111111111111111111111111111110000000000000000000000000000000000000000
000000000000000000000000000000011111111111111111111111111111111111111111111111111000000000000000000000000000000000000000
000000000000000000000000000000011111111111110111111111111111111111111111111111111000000000000000000000000000000000000000
000000000000000000000000000000111111111111001111111111111111111111111111111111111100000000000000000000000000000000000000
000000000000000000000000000000111111111110001111111111111111111111111111111111111000000000000000000000000000000000000000
000000000000000000000000000000011111111000001111111111111111111111111111111111111000000000000000000000000000000000000000
000000000000000000000000000000001111111100001111111111111111111111111111111111111100000000000000000000000000000000000000
000000000000000000000000000000000111111110000111111111111111111111111111111111110000000000000000000000000000000000000000
000000000000000000000000000000000011111110000111111111111111111111111111111111100000000000000000000000000000000000000000
000000000000000000000000000000000001111111000111111111111111111111111111111111110000000000000000000000000000000000000000
000000000000000000000000000000000000111111101111111111111111111111111111111111110000000000000000000000000000000000000000
000000000000000000000000000000000000011111111111111111111111111111111111111111110000000000000000000000000000000000000000
000000000000000000000000000000000000001111111111111111111111111111111111111111110000000000000000000000000000000000000000
