000000000000000000000000000000000000000000000000000000000000000000000000000000000000000000000000000000000000000000000000
000000000000000000000000000000000000000000000000000000000000000000000000000000000000000000000000000000000000000000000000
000000000000000000000000000000000000000000000000000000000000000000000000000000000000000000000000000000000000000000000000
000000000000000000000000000000000000000000000000000000000000000000000000000000000000000000000000000000000000000000000000
000000000000000000000000000000000000000000000000000000000000000000000000000000000000000000000000000000000000000000000000
000000000000000000000000000000000000000000000000000000000000000000000000000000000000000000000000000000000000000000000000
000000000000000000000000000000000000000000000000000000000000000000000000000000000000000000000000000000000000000000000000
000000000000000000000000000000000000000000000000000011000000000000000000000000000000000000000000000000000000000000000000
000000000000000000000000000000000000000000000000000111111110000111111111110000000000000000000000000000000000000000000000
000000000000000000000000000000000000000000000000000011111100011111111111111110000000000000000000000000000000000000000000
000000000000000000000000000000000000000000000000111111111111111111111111000011110000000000000000000000000000000000000000
000000000000000000000000000000000000000000000000001111111111111111111111000000000000000000000000000000000000000000000000
000000000000000000000000000000000000000000000000000000111111111111111111111110000000000000000000000000000000000000000000
000000000000000000000000000000000000000000000000000000000111111111111111111111111000000000000000000000000000000000000000
000000000000000000000000000000000000000000000000000000000000111111111111111111111000000000000000000000000000000000000000
000000000000000000000000000000000000000000000000000000001111011111111111111111111111000000000000000000000000000000000000
000000000000000000000000000000000000000000000000000000011111100011111111111111111111111000000000000000000000000000000000
000000000000000000000000000000000000000000000000000000001111100111111111111111111111111000000000000000000000000000000000
000000000000000000000000000000000000000000000000000000000000111111111111111000111000000000000000000000000000000000000000
000000000000000000000000000000000000000000000000000000000000111111111111111000011111100000000000000000000000000000000000
000000000000000000000000000000000000000000000000000000000000111111111111111101111111110000000000000000000000000000000000
000000000000000000000000000000000000000000000000000000000000011110011111111111111111100000000000000000000000000000000000
000000000000000000000000000000000000000000000000000000000000011100001111111111111111111111000000000000000000000000000000
000000000000000000000000000000000000000000000000000000000000111000001111111111111111111111111111110000000000000000000000
000000000000000000000000000000000000000000000000000000000011110000011111111111111111111111111111001111111111111111111110
000000000000001111111111111111110000000000000000000000001111000001111111111111111111111111111111111111111111111111111111
000000000000000111111111111111111111111111111111111111111111111111111111111111111111111111111111111111111111111111111111
000000000000000000000001111111111111111111111111111111111111111111111111111111111111111111111111111111111111111111111111
000000000000000000000000000000000000111111111000000000000001111111111111111111111111111111111111111111111111111111111111
000000000000000000000000000000000000000000000000000000000001111111111111111111111111111111111111111111111111111111111111
000000000000000000000000000000000000000000000000000000000000000000000000001111111110000000000111111111111111111111111111
000000000000000000000000000000000000000000000000000000000000000000000000000111011111000000000000000000011111111111111111
000000000000000000000000000000000000000000000000000000000000000000000000000110001111000000000000000000000000000011111111
000000000000000000000000000000000000000000000000000000000000000000000000000000000000000000000000000000000000000000000000
000000000000000000000000000000000000000000000000000000000000000000000000000000000000000000000000000000000000000000000000
000000000000000000000000000000000000000000000000000000000000000000000000000000000000000000000000000000000000000000000000
000000000000000000000000000000000000000000000000000000000000000000000000000000000000000000000000000000000000000000000000
000000000000000000000000000000000000000000000000000000000000000000000000000000000000000000000000000000000000000000000000
000000000000000000000000000000000000000000000000000000000000000000000000000000000000000000000000000000000000000000000000
000000000000000000000000000000000000000000000000000000000000000000000000000000000000000000000000000000000000000000000000
