111111111111111111111111111111111111111111111111111111111111111111111111000000000000001111111111111111111111111111111111
111111111111111111111111111111111111111111111111111111111111111111111111000000000000000011111111111111111111111111111111
111111111111111111111111111111111111111111111111111111111111111111111111100000000000000000000000111111111111111111111111
111111111111111111111111111111111111111111111111111111111111111111111111100000000000000000000000000111111111111111111111
111111111111111111111111111111111111111111111111111111111111111111110000000000000000000000000000000011111111111111111111
111111111111111111111111111111111111111111111111111111111111111100000000000000000000000000000000000001111111111111111111
111111111111111111111111111111111111111111111111111111111111110000000000000000000000000000000000000000111111111111111111
111111111111111111111111111111111111111111111111111111111111100000000000000000000000000000000000000000011111111111111111
111111111111111111111111111111111111111111111111111111111110000000000000000000000000000000000000000000001111111111111111
111111111111111111111111111111111111111111111111111111111100000000000000000000000000000000000000000000000111111111111111
111111111111111111111111111111111111111111111111111111111100000000000000000000000000000000000000000000000111111111111111
111111111111111111111111111111111111111111111111111111111000000000000000000000000000000000000000000000000011111111111111
111111111111111111111111111111111111111111111111111111111100000000000000000000000000000000000000000000000001111111111111
111111111111111111111111111111111111111111111111111111111100000000000000000000000000000000000000000000000001111111111111
111111111111111111111111111111111111111111111111111111111110000000000000000000000000000000000000000000000001111111111111
111111111111111111111111111111111111111111111111111111111111110000000000000000000000000000000000000000000000111111111111
111111111111111111111111111111111111111111111111111111111111111110000000000000000000000000000000000000000000111111111111
111111111111111111111111111111111111111111111111111111111111111100000000000000000000000000000000000000000000111111111111
111111111111111111111111111111111111111111111111111111111111111100000000000000000000000000000000000000000000111111111111
111111111111111111111111111111111111111111111111111111111111111111000000000000000000000000000000000000000000011111111111
111111111111111111111111111111111111111111111111111111111111111111110000000000000000000000000000000000000000011111111111
111111111111111111111111111111111111111111111111111111111111111111111000000000000000000000000000000000000000011111111111
111111111111111111111111111111111111111111110000000000000111111111111100000000000000000000000000000000000000011111111111
111111111111111111111111111111111111111110000000000000000011111111111100000000000000000000000000000000000000011111111111
111111111111111111111111111111111111111110000000000000000011111111111100000000000000000000000000000000100000011111111111
111111111111111111111111111111111111111100000000000000000011111111111110000000000000000000000000000000010000011111111111
111111111111111111111111111111111111111110000000000000000011111111111110000000000000000000000000000000011011001111111111
111111111111111111111111111111111111111110000000000000000000111111111111000000000000000000000000000000011101111111111111
111111111111111111111111111111111111111111000000000000000000001111111110000000000000000000000000000000111111111111111111
111111111111111111111111111111111111111111110000000000000000000001111100000000000000000000000000001100111111111111111111
111111111111111111111111111111111111111111111110000000000000000000000000000000000000000000000000000110011111111111111111
111111111111111111111111111111111111111111111111000000000000000000000000000000000000000000000000000111111111111111111111
111111111111111111111111111111111111111111111110000000000000000000000000000000000000000000000000000011111111111111111111
111111111111111111111111111111111111111111111100000000000000000000000000000000000000000000000000000001111111111111111111
111111111111111111111111111111111111111111111100000000000000000000000000000000000000000000000000000001111111111111111111
111111111111111111111111111111111111111111111100000000000000000000000000000000000000000000000000000000111111111111111111
111111111111111111111111111111111111111111111000000000000000000000000000000000000000000000000000000000111111111111111111
111111111111111111111111111111111111111111111000000000000000000000000000000000000000000000000000000000011100000111111111
111111111111111111111111111111111111111111111000000000000000000000000000000000000000000000000000000000000000011111111111
111111111111111111111111111111111111111111110000000000000000000000000000000000000000000000000000000000000011111111111111
