111111111111111111111111111111111111111111000000000000000000000000000000111111111111111111111111111111111111111111111111
111111111111111111111111111111111111111111100000000000000000000000000001111111111111111111111111111111111111111111111111
111111111111111111111111111111111111111111110000000000000000000000000011111111111111111111111111111111111111111111111111
111111111111111111111111111111111111111111111100000000000000000000000111111111111111111111111111111111111111111111111111
111111111111111111111111111111111111110000000110000000000000000000001111111111111111111111111111111111111111111111111111
111111111111111111111111111111111110000000000000000000000000000000001111111111111111111111111111111111111111111111111111
111111111111111111111111111111110001000000000000000000000000000000000011111111111111111111111111111111111111111111111111
111111111111111111111111111111111100000000000000000000000000000000000011111111111111111111111111111111111111111111111111
111111111111111111111111111111111110000000000000000000000000000000000011111111111111111111111111111111111111111111111111
111111111111111111111111111111111111000000001110000000000000000000000011111111111111111111111111111111111111111111111111
111111111111111111111111111111111111000000000111000000000000000000000011111111111111111111111111111111111111111111111111
111111111111111111111111111111111111000000000011100000000000000000001111111111111111111111111111111111111111111111111111
111111111111111111111111111111111111100000000111111000000000000000111111111111111111111111111111111111100111111111111111
111111111111111111111111111111111111100000000011111111110000001111111100000000000001111111111111101000000111111111111111
111111111111111111111111111111111111100000000011111111111000001111110000000000000000001111000000000000001111111111111111
111111111111111111111111111111111111100000000001111111111100111111100000000000000000000000000000000111111111111111111111
111111111111111111111111111111111111000000000001111111111111111111100000000000000000000000000000001111111111100000000000
111111111111111111111111111111111111011000000001111111111111110001000000000000000000000000000000000000000000000000000000
111111111111111111111111111111111111000000000000111111111111100000000000000000000000000000000000000000000000000000000000
111111111111111111111111111111111111000100000000001111111111000000000000000000000000000000000000000000000000000000000011
111111111111111111111111111111111111000111000000000011111100000000000000000000000000000000000000000000111111111110000000
111111111111111111111111111111111110000111100000000000011000000000000000000000000000000000000000000011111111111111111111
111111111111111111111111111111111110110111111000000000000100000000000000000000000000000000000000000000011111111111111111
111111111111111111111111111111111110000111111110000000000000000000000000000000000000000000000000000000001111111111111111
111111111111111111111111111111111110001111111111100000000000000000000000000000000000000000000000000000000111111111111111
111111111111111111111111111111111110001111111111111000000000000000000000000000000000000000000000000000000111111111111111
111111111111111111111111111111111100100111111111111110000000000000000000000000000000000000000000000000000111111111111111
111111111111111111111111111111111100110111111111111111110000000000000000000000000000000000000000000000011111111111111111
111111111111111111111111111111111110001111111111111111111000000000000000000000000000000000000000000001111111111111111111
111111111111111111111111111111111110001111111111111111100000000000000000000000000000000000000000000111111111111111111111
111111111111111111111111111111111110001111111111111110000000000000000000000000000000000000000000111111111111111111111111
111111111111111111111111111111111100100111111111111100000000000000000000000000000000000000001111111111111111111111111111
111111111111111111111111111111111101100111111111111000000000000000000000000000000000001111111111111111111111111111111111
111111111111111111111111111111111100001111111111110000000000000000000000000000000000001111111111111111111111111111111111
111111111111111111111111111111111110001111111111000000000000000000000000000000000000011111111111111111111111111111111111
111111111111111111111111111111111100001111111110000000000000000000000000000000000000011111111111111111111111111111111111
111111111111111111111111111111111100001111111100000000000000000000000000000000000000011111111111111111111111111111111111
111111111111111111111111111111111101101111111000000000000000000000000000000000000000011111111111111111111111111111111111
111111111111111111111111111111111100001111110000000000000000000000000000000000000000011111111111111111111111111111111111
111111111111111111111111111111111100011111110000000000000000000000000000000000000000011111111111111111111111111111111111
