111111111111111111111111111111100001111111111111111111111111111100001111111111111111111111111111111111111111111111111111
111111111111111111111111111111100001111111111111111111111111111000000111111111111111111111111111111111111111111111111111
111111111111111111111111111111111011111111111111111111111111110000000111111111111111111111111111111111111111111111111110
111111111111100111111111111111111111111111111111111111111111110000000111111111111111111111111111111111111111111111111110
111111111111000011111111111111111111111111111111111111111111110000000011111111111111111111111111111111111111111111111110
111111111110000011111111111111111111111111111111111111111111100000000011111111111111111111111111111111111111111111111111
111111111110000011111111111111111111111111111111111111111111100000000011111111111111111111111111111111111111111111111111
111111111110000111111111111111111111111111111111111111111111100000000011111111111111111111111111111111111111111111111111
011111111111111111111111111111111111111111111111111111111111100000000111111111111111111111111111111111111111111111111111
001111111111111111111111111111111111111111111111111111111111100000001111111111111111111111111111111111111111111111111111
000111111111111111111111111111111111111111111111111111111111111100111111111111111111111111111111111111111111111111111111
000111111111111111111111111111111111111111111111111111111111111111111111111111111111111111111111111111111111111111111111
111111111111111111111111111111111111111111111111111111111111111111111111111111111111111111111111111111111111111111111111
111111111111111111111111111111111111111111111111111111111111111111111111111111111111111111111111111111111111111111111111
111111111111111111111111111111111111111111111111111111111111111111111111111111111111111111111111111111111111111111111111
111111111111111111111111111111111111111111111111111111111111111111111111111111111111111111111111111111111111111111111111
111111111111111111111111111111111111111111111111111111111111111111111111111111111111111111111111111111111111111111111111
111111111111111111111111111111111111111111111111111111111111111111111111111111111111111111111111111111111111111111111111
111111111111111111111111111111111111111111111111111111111111111111111111111111111111111111111111111111111111111111111111
111111111111111111111111111111111111111111111111111111111111111111111111111111111111111111111111111111111111111111111111
111111111111111111111111111111111111111111111111111111111111111111111111111111111111111111111111111111111111111111111111
111111111111111111111111111111111111111111111111111111111111111111111111111111111111111111111111111111111111111111111111
011111111111111111111111111111111111111111111111111111111111111111111111111111111111111111111111111111111111111111111111
011111111111111111111111111111111111111111111111111111111111111111111111111111111111111111111111111111111111111111111111
011111111111111111111111111111111111111111111111111111111111110001111111111111111111111111111111111111111111111111111111
111111111111111111111111111111111111111111111111111111111111100000011111111111111111111111111111111111111111111111111111
000011111111111111111111111111111111111111111111111111111111000000011111111111111111111111111111111111111111111111111111
000001111111111111111111111111111111111111111111111111111111000000000111111111111111111111111111111111111111111111111111
000000001111111111111111111111111111111111111111111111111100000000000111111111111111111111111111111111111111111111111110
000000000011111111111111111111111111111111111111111111111111100001111111111111111111111111111111111111111111111111111100
000000000001111111111111111111111111111111111111111111111111111111111111111111111111111111111111111111111111111111111100
000000000001111111111111111111111111111111111111111111111111111111111111111111111111111111111111111111111111111111111110
000000000000111111111111111111111111111111111111111111111111111111111111111111111111111111111111111111111111111111111100
000000000000011111111111111111111111111111111111111111111111111111111111111111111111111111111111111111111111111111110000
000000000000000111111111111111111111111111111111111111111111111111111111111111111111111111111111111111111111111100000000
000000000000000001111111111111111111111111111111111111111111111111111111111111111111111111111111111111111111110000000000
000000000000000000000001111111111111111111111111111111111111111111111111111100111111111111111111111111111111100000000000
000000000000000000000000000000000000000010111111111111111111111111111111111100011111111111111111111111111111000000000000
000000000000000000000000000000000000000000111111111111111111111111111111111110000000000000000000000000000000000000000000
000000000000000000000000000000000000000000111111111111111111111111111111111100000000000000000000000000000000000000000000
