111111111111111111111111111111111111111111111111111111111111111111111111111111111111111111111111111111111111111111111111
111111111111111111111111111111111111111111111111111111111111111111111111111111111111111111111111111111111111111111111111
111111111111111111111111111111111111111111111111111111111111111111111111111111111111111111111111111111111111111111111111
111111110001111111111111111111111111111111111111111111111111111111111111111111111111111111111111111111111111111111111111
111111100000001111111111111111111111111111111111111111111111111111111111111111111111111111111111111111111111111111111111
111111100000000111111111111111111111111111111111111111111111111111111111111111111111111111111111111111111111111111111111
111100000000001111111111111111111111111111111111111111111111111111111111111111111111111111111111111111111111111111111111
100000000000000111111111111111111111111111111111111111111111111111111111111111111111111111111100111111111111111111111111
000000000000000001111111111111111111111111111111111111111111111111111111111111111111111111111000001111111111111111111111
000000000000000000111111111111111111111111111111111111111111111111111111111111111111111111111000000111111111111111111111
000000000000000000000001111111111111111111111111111111111111111111111111111111111111111111100000000000111111111111111111
000000000000000000000111111111111111111111111111111111111111111111111111111111111111111110000000000000000001111111111111
000000000000000000001111111111111111111111111111111111111111111111111111111111111111110000000000000000000011111111111111
000000000000000000000111111111111111111111111111111111111111111111111111111111111111111000000000000000000111111111111111
000000000000000000000011111111111111111111111111111111111111111111111111111111111111111000000000000000000011111111111111
000000000000000000000001111111111111111111111111111111111111111111111111111111111111111000000000000000000011111111111111
000000000000000000000001111111111111111111111111111111111111111111111111111111111111110000000000000000001111111111111111
100000000000000000000001111111111111111111111111111111111111111111111111111111111111100000000000000000111111111111111111
110000000000000000000011111111111111111111111111111111111111111111111111111111111111000000000000000000001111111111111111
111100000000000000001111111111111111111111111111111111111111111111111111111111111111100000000000000011110000000000000000
111000000000000000011111111111111111111111111111111111111111111111111111111111111111100000000000000000000001110000000000
000000000000000000000111111111111111111111111111111111111111111111111111111111111110000000000000000000000000000000000000
000000000000000000000011111111111111111111111111111111111111111111111111111111111111100000000000000000000000000000000010
000000000000000000000011111111111111111111111111111111111111111111111111111111111111110000000000000000000000000000000000
000000000000000000000011111111111111111111111111111111111111111111111111111111111111111100000000000000000000000000000111
000000000000000000000011111111111111111111111111111111111111111111111111111111111111111100000000000000000001110000000011
000000000000000000000111111111111111111111111111111111111111111111111111111111111111111100000000000000000111111110000011
000000000000000000000111111111111111111111111111111111111111111111111111111111111111111000000000000000001111111111111111
000000000000000000000111111111111111111111111111111111111111111111111111111111111111110000000000000000011111111111111111
000000000000000000000111111111111111111111111111111111111111111111111111111111111111110000000000000000111111111111111111
000000000000000000000011111111111111111111111111111111111111111111111111111111111111111000000000000001111111111111111111
000000000000000000000011111111111111111111111111111111111111111111111111111111111111110000000000000000111111111111111111
000000000000000000000011111111111111111111111111111111111111111111111111111111111111100000000000000000011111111111111111
000000000000000000000111111111111111111111111111111111111111111111111111111111111111000000000000000000001111111111111111
000000000000000000000011111111111111111111111111111111111111111111111111111111111111000000000000000000000111111111111111
000000000000000000000000011111111111111111111111111111111111111111111111111111111111000000000000000000000011111111111111
000000000000000000000000001111111111111111111111111111111111111111111111111111111111000000000000000000000001111111111111
000000000000000000000000000111111111111111111111111111111111111111111111111111111110000000000000000000000000111111111111
000000000000000000000000000011111111111111111111111111111111111111111111111111111110000000000000000000000000011111111111
000000000000000000000000000001111111111111111111111111111111111111111111111111111100000000000000000000000000001111111111
