000000000000000000000000000000000001111111111111111111111100000000000000000000000000000000000000001111111111111111111111
000000000000000000000000000000000001111111111111111111000000000000000000000000000000000000000000000001111111111111111111
000000000000000000000000000000000000011111111111111111000000000000000000000000000000000000000000000000001111111111111111
000000000000000000000000000000000000000011111111111111000000000000000000000000000000000000000000000000000000111111111111
000000000000000000000000000000000000000000111111111111000000000000000000000000000000000000000000000000000000000001111111
000000000000000000000000000000000000000000011111111111100000000000000000000000000000000000000000000000000000000000000111
000000000000000000000000000000000000000000111111111111110000000000000000000000000000000000000000000000000000000000000001
000000000000000000000000000000000000000011111111111111111000000000000000000000000000000000000000000000000000000000000001
000000000000000000000000000000000000011111111111111111111100000000000000000000000000000000000000000000000000000000000001
000000000000000000000000000000000000001111111111111111111110000000000000000000000000000000000000000000000000000000000011
000000000000000000000000000000000000000111111111111111111111000000000000000000000000000000000000000000000000000000000111
000000000000000000000000000000000000000011111111111111111111100000000000000000000000000000000000000000000000000000001111
000000000000000000000000000000000000000001111111111111111111111000000000000000011000000000000000000000000000000000111111
000000000000000000000000000000000000000000111111111111111111111111000000000000111000000000000000000000000000000001111111
100000001100000000000000011110000000000000111111111111111111111111111100000011111000000000000000000000000000001111111111
111001111111100000000001111111111111111111111111111111111111111111111111111111111100000000000000000000000111111111111111
111111111111111110000011111111111111111111111111111111111111111111111111111111111111111100000001111111111111111111111111
111111111111111111111111111111111111111111111111111111111111111111111111111111111111111111111111111111111111111111111111
111111111111111111111111111111111111111111111111111111111111111111111111111111111111111111111111111111111111111111111111
111111111111111111111111111111111111111111111111111111111111111111111111111111111111111111110000111111111111111111111111
111111000011111111111111111111111111111111111100000111111111111111111111111111111111111111000000000111111111111111111111
111110000000011111111111111111111111111000000000001111111111111111110000000011111111111110000000000000011111110001111111
111100000000000111111111111111111000000000000000011111111111111111100000000000000000011000000000000000000110000000001111
111100000000000000111111111110000000000000000000011111111111111111110000000000000000000000000000000000000000000000000111
111000000000000000011111110000000000000000000000111111111111111111110000000000000000000000000000000000000000000000000011
111100000000000000001111000000000000000000000001111111111111111111111001111111100000000000000000000000000000000000000001
111100000000000000000100000000000000000000000011111111111111111111111111111111111000000000000000000000000000000010000000
111110000000000000000000000000000000000000000111111111111111111111111111111111111110000000000000000000000000011111111100
111111100000000000000000000000000000000000011111111111111111111111111111111111111111100000000000000000000000111111111111
000000000000000000000000000000000000000000111111111111111111111111111111111111111111110000000000000001110000111111111111
000000000000000000000000000000000000000011111111111111111111111111111111111111111111111000000000000000111111111111111111
000000000000000000000000000000000000011111111111111111111111111111001111111111111111111111000000000000011111111111111111
000000000000000000000000000000000000011111111111111111111111111110000011111111111111111111111100000000111111111111111111
000000000000000000000000000000000000000000111111111111111111111111000000011111111111111111111111000001111111111111111111
111100000000000000000000000000000000000000000111111111111111111111110000011001111111111111111111100000111111111111110000
111111000000000000000000000000000000000000000000111111111111111111111100011111111111111111111111111111111111111111100000
111100000000000000000000000000000000000000000000001111111111111111111111001111111111111111111111111111111111110000000000
100000000000000000000000110000000000000000000000000011111111111111111111111111111111111111111111111111111111111110000000
000001111111000000000000011100000000000000000000000000111111111111111111111111111111111111111111111111111111111110000001
001111111111100000000000001111110000000000000000000000011111111111111111111111111111111111111111111111111111111110000001
