111111111111111111111111111111111111111111111111111111111111111111111111111111111111111111111111111111111111111111111111
111111111111111111111111111111111111111111111111111111111111111111111111111111111111111111111111111111111111111111111111
111111111111111111111110001111111111111111111111111111111111111111111111111111111111111111111111111111111111111111111111
111111111111111111110000000000111111111111111111111111111111111111111111111111111111111111111111111111111111111111111111
111111111111111111110000000000000111111111111111111111111111111111111111111111111111111111111111111111111111111111111111
111111111111111111100000000000000000111111111111111111111111111111111111111111111111111111111111111111111111111111111111
111111111111111110000000000000000000001111111111111111111111111111111111111111111111111111111111111111111111111111111111
111111111111111000000000000000000000000011111111111111111111111111111111111111111111111111111111111111111111111111111111
111111111111110000000000000000000000000000111111111111111111111111111111111111111111111111111111111111111111111111111111
111111111111100000000000000000000000000000011111111111111111111111111111111111111111111111111111111111111111111111111111
111111111111100000000000000000000000000000011111111111111111111111111111111111111111111111111111111111111111111111111111
111111111111100000000000000000000000000000001111111111111111111111111111111111111111111111111111111111111111111111111111
111111111111111000000000000000000000000000000111111111111111111111111111111111111111111111111111111111111111111111111111
111111111111111111000000000000000000000000000011111111111111111111111111111111111111111111111111111111111111111111111111
111111111111111111110000000000000000000000000011100001111111111111111111111111111111111111111111111111111111111111111111
111111111111111111110000000000000000000000000001000000001111111111111111111111111111111111111111111111111111111111111111
111111111111111111111100000000000000000000010010000000000000001111111111111111111111111111111111111111111111111111111111
111111111111111111111111000100000000000000011000000000000000000000000000000000000000000011111111111111111111111111111111
111000000111111111111111111000000000000011110000000000000000000000000000000000000000000000011111111111111111111111111111
000000000001111111111111000000000000001011000000000000000000000000000000000000000000000000000011111111111111111111111111
000000000000111111111000000000000000000000000000000000000000000000000000000000000000000000000000111111111111111111111111
000010000000011111110000000000000000000000000000000000000000000000000000000000000000000000000000001111111111111111111111
000001100000001111000000000000000000000000000000000000000000000000000000000000000000000000000000000001111111111111111111
000000110000000111000000000000000000000000000000000000000000000000000000000000000000000000000000000000011111111111111111
000000011000000010000000000000000000000000000000000000000000000000000000000000000000000000000000000000000111111111111111
000000111000000000000000000000000000000000000000000000000000000000000000000000000000000000000000000000000001111111111111
000000111100000000000000000000000000000000000011100000000000000000000000000000000000000000000000000000000000011111111111
000000001110000000000000000000000000000000101111111010000000000000000000000000000000000000000000000000000000000011111111
110000000000000000000000000000000000011111111111111111000000000000000000000000000000000000000000000000000000000000011111
111110000000000000000000000000000000011110001111111111000000000000000000000000000000000000000000000000000000000001111111
111111000000000000000000000000000000011110011111111111100000000000000000000000000000000000000000000100100001111111111111
111111110000000000000000000000000000111100011111111111100000000000000000000000000000000000000000000011111111111111111111
111111111100000000000000000000000000111100111111111111111000000000000000000000000000000000000000000001111111111111111111
111111111111000000000000000000000000011000111111111111111000000000000000000000000000000000000000000000111111111111111111
111111111111110000000000000000000000000001111111111111111100000000000000000000000000000000000000000000011111111111111111
111111111111100000000000000000000000000001111111111111111111100000000000000000000000000000000000000000001111111111111111
111111111111000000000000000000000000000000000111111111111111101000000000000000000000000000000000000000000011111111111111
111111111111100000000000000000000000000000000000111111111111111000000000000000000000000000000000000000000001111111111111
111111111111000000000000000000000000000000000000111111111111111000000100000000000000000000000000000000000000111111111111
111111111111000000000000000000000000000000000011111111111111110000001111000000000000000000000000000000000000011111111111
