111111111111111111111111111111111111111111000000000000000000000000000111111111111111111111111111111111111111111111111111
111111111111111111111111111111111111111111000000000000000000000000000111111111111111111111111111111111111111111111111111
111111111111111111111111111111111111111111100000000000000000000000000111111111111111111111111111111111111111111111111111
111111111111111111111111111111111111111111110000000000000000000000001111111111111111111111111111111111111111111111111111
111111111111111111111111111111111111111111111000000000000000000000011111111111111111111111111111111111111111111111111111
111111111111111111111111111111111111111111111110000000000000000000111111111111111111111111111111111111111111111111111111
111111111111111111111111111111111111111000000000000000000000000000011111111111111111111111111111111111111111111111111111
111111111111111111111111111111111110000000000000000000000000000000001111111111111111111111111111111111111111111111111111
111111111111111111111111111111111111010000000000000000000000000000000111111111111111111111111111111111111111111111111111
111111111111111111111111111111111111100000000000000000000000000000000111111111111111111111111111111111111111111111111111
111111111111111111111111111111111111110000000111000000000000000000001111111111111111111111111111111100111111111111111111
111111111111111111111111111111111111110000000011100000000000000000011111111111111111111111111111100000111111111111111111
111111111111111111111111111111111111100000000011111000000000000001111111111111111111111111110000000001111111111111111111
111111111111111111111111111111111111111000000011111111000000001111110000000000001111110000000000111111111111111111111111
111111111111111111111111111111111111111000000001111111111000011111000000000000000000000000000000111111111111111111111111
111111111111111111111111111111111111111000000001111111111100111100000000000000000000000000000011111111111111111111111111
111111111111111111111111111111111111111000000001111111111111111110000000000000000000000000011111111100001100111111111111
111111111111111111111111111111111111110100000000111111111111100000000000000000000000000000000000000000000000011111111111
111111111111111111111111111111111111110000000000111111111111000000000000000000000000000000000000000000000000011111111111
111111111111111111111111111111111111111001000000000111111100000000000000000000000000000000000000001111110000111111111111
111111111111111111111111111111111111110001100000000000111000000000000000000000000000000000000001111111111111111111111111
111111111111111111111111111111111111110101111000000000001100000000000000000000000000000000000000011111111111111111111111
111111111111111111111111111111111111100101111110000000000000000000000000000000000000000000000000011111111111111111111111
111111111111111111111111111111111111110011111111110000000000000000000000000000000000000000000000001111111111111111111111
111111111111111111111111111111111111110011111111111100000000000000000000000000000000000000000000001111111111111111111111
111111111111111111111111111111111111100001111111111111000000000000000000000000000000000000000000011111111111111111111111
111111111111111111111111111111111111101101111111111111111000000000000000000000000000000000000001111111111111111111111111
111111111111111111111111111111111111100011111111111111110000000000000000000000000000000000000111111111111111111111111111
111111111111111111111111111111111111100111111111111111000000000000000000000000000000000000111111111111111111111111111111
111111111111111111111111111111111111000011111111111110000000000000000000000000000000001111111111111111111111111111111111
111111111111111111111111111111111111011011111111111100000000000000000000000000000001111111111111111111111111111111111111
111111111111111111111111111111111111000111111111111000000000000000000000000000000001111111111111111111111111111111111111
111111111111111111111111111111111111001111111111110000000000000000000000000000000001111111111111111111111111111111111111
111111111111111111111111111111111111000111111111000000000000000000000000000000000001111111111111111111111111111111111111
111111111111111111111111111111111110110111111110000000000000000000000000000000000001111111111111111111111111111111111111
111111111111111111111111111111111110100111111100000000000000000000000000000000000001111111111111111111111111111111111111
111111111111111111111111111111111111001111111000000000000000000000000000000000000001111111111111111111111111111111111111
111111111111111111111111111111111111001111111000000000000000000000000000000000000001111111111111111111111111111111111111
111111111111111111111111111111111110000111110000000000000000000000000000000000000000111111111111111111111111111111111111
111111111111111111111111111111111110110111110000000000000000000000000000000000000000111111111111111111111111111111111111
