000000000000000000000000000000000000000000000000000000000000000000000000000000000000000000000000000000000000000000000000
000000000000000000000000000000000000000000000000000000000000000000000000000000000000000000000000000000000000000000000000
000000000000000000000000000000000000000000000000000111111000000000000000000000000000000000000000000000000000000000000000
000000000000000000000000000000000000000000000000001111000000001000000000000000000000000000000000000000000000000000000000
000000000000000000000000000000000000000000000000011111110000000100000000011000000000000000000000000000000000000000000000
000000000000000000000000000000000000000111111111111110000000000010000000001110000000000000000000000000000000000000000000
000000000000000000000000000000000000000111111111111100000000000011100011111111000000000000000000000000000000000000000000
000000000000000000000000000000000000000001111111111111100000000001110001111011100000000000000000000000000000000000000000
000000000000000000000000000000000000111111111111111111111000000000011100111111111111000000000000000000000000000000000000
000000000000000000000000000000000111111111111111111111100000000000001111111111111111111000000000000000000000000000000000
000000000000000000000000000000011111111111111111111110000000000000011111111111111111111110000000000000000000000000000000
000000000000000000000000000000111111111111111111111111000000000000111111111111111111111111000000000000000000000000000000
000000000000000000000000000001111111111111111111111111100000000001111111111111111111111111100000000000000000000000000000
000000000000000000000000000011111111111111111111111111100000000001111111111111111111111111110000000000000000000000000000
000000000000000000000000000011111111111111111111111111100000000001111111111111111111111111110000000000000000000000000000
000000000000000000000000000111111111111111111111111111000000000000111111111111111111111111111000000000000000000000000000
000000000000000000000000000111111111111111111111110000000000000000000001111111111111111111111000000000000000000000000000
000000000000000000000000000111111111111111111111000000000000000000000000111111111111111111111000000000000000000000000000
000000000000000000000000001111111111111111110111000000000000000000000000111011111111111111111100000000000000000000000000
000000000000000000000000011111111111111111111110000000000000000000000000011111111111111111111110000000000000000000000000
000000000000000000000000011111111111111111111110000000000011110000000000011111111111111111111111000000000000000000000000
000000000000000000000000111111111111111111111111000000000111111000000000111111111111111111111111100000000000000000000000
000000000000000000000001111111111111111111111111000000000111111000000000111111111111111111111111100000000000000000000000
000000000000000000000011111111111111111111111111100000000111111000000001111111111111111111111111110000000000000000000000
000000000000000000000011111111111111111111111111000001111111111111100000111111111111111111111111111000000000000000000000
000000000000000000000111111111111111111111111111111111111111111111111111111111111111111111111111111000000000000000000000
000000000000000000000111111111111111111111111111111111001111111100111111111111111111111111111111111000000000000000000000
000000000000000000000011111111111111111111111111111000111111111111000111111111111111111111111111111000000000000000000000
000000000000000000000111111111111111111111111111001111111110011111111100111111111111111111111111111100000000000000000000
000000000000000000001111111111111111111111111111111111111100001111111111111111111111111111111111111110000000000000000000
000000000000000000011111111111111111111111111111111111000000000000111111111111111111111111111111111111000000000000000000
000000000000000000001111111111111111111111111111111000000000000000000111111111111111111111111111111110000000000000000000
000000000000000000011111111111111111111111111110000000000000000000000000011111111111111111111111111110000000000000000000
000000000000000000011001111111111111111111110000000000000000000000000000000011111111111111111111111111000000000000000000
000000000000000000111001111111111111111111110000000000000000000000000000000011111111111111111111111111110000000000000000
000000000000000000100001111111111111111111110000000000000000000000000000000011111111111111111111111111111110000000000000
000000000000000000000011111111111111111111111000000000000000000000000000000011111111111111111111111111111111100000000000
000000000000000000000111111111111111111111111000000000000000000000000000000011111111111111111111111111111111111000000000
000000000000000000001111111111111111111111111100000000000000000000000000000011111111111111111111111111111111111100000000
000000000000000000011111111111111111111111111100000000000000000000000000000011111111111111111111111111111111111110000000
