000000000000000000000000000000000000000000000000000000000000000000000000000000000000000000000000000000000000000000000000
001000000000000000000000000000000000000000000000000000000000000000000000000000000000000000000000000000000000000000000000
000000000000000000000000000000000000000000111111111111100000000000000000000000000000000000000000000000000000000000000000
000000000000000000000000000000000000111111111111111111110000000000000000000000000000000000000000000000000000000000000000
000000000000000000000000000000001111111111111111111111110000000000000000000000000000000000000000000000000000000000000000
000000000000000000000000000001111111111111111111111111000000000000000000000000000000000000000000000000000000000000000000
000000000000000000000010001111111111111111111111111111000000000000000000000000000000000000000000000000010000000000000000
000000000000000000000001111111111111111111111111110000000000000000000000000000000000000000000000000000000000000000000000
000000000000000000000001111111111111111111111111111000000000000000000000000000000000000000000000000000000000000000000000
000000000000000000000111111111111111111111111111111110000000000000000000000000000000000000000000000000000000000000000000
000000000000000000001111111111111111111111111111111111100000000000000000000000000000000000000000000000000000000000000000
000000000000000000011111111111111111111111111111111111000000000000000000000000000000000000000000000000000000000000000000
000000000000000000111111111111111111111111111111111101000000000000000000000000000000000000000000000000000000001000000000
000000000000000001111111111111111111111111111111111100000000000000000000000000000000000000000000000000000000000000000000
000000000000000001111111111111111111111111111111100000000000000000000000000000000000000000000000000000000000000000000000
000000000000000011111111111111111111110111111111100000000000000000000000000000000000000000000000000000000000000000000000
000000000000000011111111111111111111000000111111111100000000000000000000000000000000000000000000000000000000000000000000
000000000000000011111111111111111011100000111111111111000000000000000000000000000000000000000000000000000000000000000000
000000000000000011111111111111110000000000111111111111110000000000000000000000000000000000000000000000000000000000000000
000000000000000001111111111000000000000000111111111111111000000100000001000000000000000000000000000000000000000000000000
000000000000000001111111111000000000000000111111111111110011100000011000000000000000000000000000000000000000000000000000
000000000000000000111111000000000000000001111111111111110011111100001000000000000000000000000000000000000000000000000000
000000000000000000001000000000000000000001111111111111111111111111110000000000000000000000000000000000000000000000000000
000000000000000000000000000000000000011001111111111111111111100000000000000000000000000000000000000000000000000000000000
000000000000000000000000000000000000000000011111111111110000000000000000000000000000000000000000000000000000000000000000
100000000000000000000000000000000000000000011111111111110000000000000000000000000000000000000000000000000000000000000000
000000000000000000000000000000000000000001111111111111110000000000000000000000000000000000000000000000000000000000000000
000000000000000000000000000000000000000011111111111111110000000000000000000000000000000000000000000000000000000000000000
000000000000000000000000000000000000001111111111111111111000000000000000000000000000000000000000000000000000000000000000
000000110000000000000000000000000000111111111111111111111000000000000000000000000000000000000000000000000000000000000000
011111000000000000000000000000000011111111111111111111111000000000000000000000000000000000000000000000000000000000000000
000000000000000000000000000000001111111111111111111111111000000000000000000000000000000000000000000000000000000000000000
000000000000000000000000000011111111111111111111111111111000000000000000000000000000000000000000000000000000000000000000
000000000000000000000001111111111111111111111111111111111100000000000000000000000000000000000000000000000000000000000000
000000000000000000011111111111111111111111111111111111111100000000000000000000000000000000000000000000000000000000000000
000000000000000000111111111111111111111111111111111111111100000000000000000000000000000000000000000000000000000000000000
000000000000000111111111111111111111111111111111111111111100000000000010000000000000000000000000000000000000000000000000
000000000000000001111111111111111111111111111111111111111100000000000000000000000000000000000000000000000000000000000000
000000000000000000000001111111111111111111111111111111111110000000000000000000000000000000000000000000000000000000000000
000000000000000000000000001111111111111111111111111111111110000000000000000000000000000000000000000000000000000000000000
