000000000000000000000000000000000000000000000000000000000000000000000000000000000001111111100000000000000000000000000000
000000000000000000000000000000000000000000000000000000000000000000000000000000000111111111111000000000000000000000000000
000000000000000000000000000000000000000000000000000000000000000000000000000000011111111111111110000000000000000000000000
000000000000000000000000000000000000000000000000000000000000000000000000000000011111111111111111000000000000000000000000
000000000000000000000000000000000000000000000000000000000000000000000000000000011111111111111111000000000000000000000000
000000000000000000000000000000000000000000000000000000000000000000000000000000001111111111111111000000000000000000000000
000000000000000000000000000000000000000000000000000000000000000000000000000000000111111111111111111100000000000000000000
000000000000000000000000000000000000000000000000000000000000000000000000000000000000011111111111111111110000000000000000
000000000000000000000000000000000000000000000000000000000000000000000000000000000000000000000011111111111111000000000000
000000000000000000000000000000000000000000000000000000000000000000000000000000000000000000000000000000011111111110000000
000000000000000000000000000000000000000000000000000000000000000000000000000000000000000000000000001111111111111111000000
000000000000000000000000000000000000000000000000000000000000000000000000000000000000000000000000000000000000000000000000
000000000000000000000000000000000000000000000000000000000000000000000000000000000000000000000000000000000000000000000000
000000000000000000000000000000000000000000000000000000000000000000000000000000000000000000000000000000000000000000000000
000000000000000000000000000000000000000000000000000000000000000000000000000000000000000000000000000000000000000000000000
000000000111110000000000000000000000000000000000000000000000000000000011111111110000000000000000000000000000000000000000
000000001111111000000000000000000000000000000000000000000000001111111111111111111000000000000000000000000000000000000000
000000001111111000000000001111111111111111111111111111111111111111111111111111111111000000000000000000000000000000000000
000000001111110000000000000000000000000000000000000000000000000001111111111111111011000000000000000000000000000000000000
000000011111111000000000000000000000000000000000000000000000000000011111111111111110000000000000000000000000000000000000
000000111111111100000000000000000000000000000000000000000000000000000011111111111110000000000000000000000000000000000000
000001111111111110000000000000000000000000000000000000000000000000000011111111111110000000000000000000000000000000000000
000000111111111110000000000000000000000000000000000000000000000000000011111111111100000000000000000000000000000000000000
000000111111111000000000000000000000000000000000000000000000000000000001111111111000000000000000000000000000000000000000
000000011111111000000000000000000000000000000000000000000000000000000011111111111000000000000000000000000000000000000000
000000011111111000000000000000000000000000000000000000000000000000000011111111111000000000000000000000000000000000000000
000000011111111100000000000000000000000000000000000000000000000000000011111111111000000000000000000000000000000000000000
000000111111111100000000000000000000000000000000000111000000000000000011111111111000000001111100000000000000000000000000
000000011111100000000000000000000000000000000000000000011110001000000011111111111101111111110000000000000000000000000000
000001111111110000000000000000000000000000000000000000000000111110011111111111111111111000000000000000000000000000000000
111100000000000000000000000000000000000000000000000000000000011011111111111111111000000000000000000000000000000000000000
000000000000000000000000000000000000000000000000000000000000000011111111111111111000000000000000000000000000000000000000
000000000000000000000000000000000000000000000000000010000000111111111111111111111111000000000000000000000000000000000000
000000000000000000000000000000000000000000000000000011111111111111111111111111111111111111100000000000000000000000000000
000000000000000000000000000000000000000000000001111111100001111111111111111111111111000000111111111000000000000000000000
000000000000000000000000000000000000000000000000000000000111111111111111111111111111110000000000000000000000000000000000
000000000000000000000000000000000000000000000000000000011111111111111111111111111111111100000000000000000000000000000000
000000000000000000000000000000000000000000000000000000111111111111111111111111111111111111000000000000000000000000000000
000000000000000000000000000000000000000000000000000001111111111111111111111111111111111111110000000000000000000000000000
000000000000000000000000000000000000000000000000000011111111111111111111111111111111111111111000000000000000000000000000
