000000000000000000000000000000000001111111111111111111111111111111111111111111111111111110000000000000000000000000000000
000000000000000000000000000000001111111111111111111111111111111111111111111111111111111111100000000000000000000000000000
000000000000000000000000000011111111111111111111111111111111111111111111111111111111111111111000000000000000000000000000
000000000000000000000000111111111111111111111111111111111111111111111111111111111111111111111100000000000000000000000000
000000000000000000000111111111111111111111111111111111111111111111111111111111111111111111111110000000000000000000000000
000000000000000000111111111111111111111111111111111111111111111111111111111111111111111111000000000000000000000000000000
000000000000000011111111111111111111111111111111111111111111111111111111111111111111111111000000000000000000000000000000
000000000000011111111111111111111111111111111111111111111111111111111111111111111111111111100000000000000000000000000000
000000000001111111111111111111111111111111111111111111111111111111111111111111111111111111110000000000000000000000000000
000000001111111111111111111111111111111111111111111111111111111111111111111111111111111111110000000000000000000000000000
000000111111111111111111111111111111111111111111111111111111111111111111111111111111111111110000000000000000000000000000
000111111111111111111111111111111111111111111111111111111111111111111111111111111111111111111000000000000000000000000000
111111111111111111111111111111111111111111111111111111111111111111111111111111111111111111111000000000000000000000000000
111111111111111111111111111111111111111111111111111111111111111111111111111111111111111111111000000000000000000000000000
111111111111111111111111111111111000011111111111111111111100111111111111111111111111111111111000000000000000000000000000
111111111111111111111111111111110001111111111111111111100000001111111111111111111111111111111000000000000000000000000000
111111111111111111111111111111111111111111111111111000000000000011111111111111111111111111110000000000000000000000000000
111111111111111111111111111111111111111111111111111100000000000001111111111111111111111111110000000000000011000000000000
001111111111111111111111111111111111111111111111111110000000000000111111111111111111111111100000000000000110000000000000
000111111111111111111111111111111111111111111111111110000000000000011111111111111111111111000000000000001100000000000000
000001111111111111111111111111111111111111111111111110000000000000001111111111111111111110000000000000111000000000000000
000000011111111111111111111111111111111111111111111111000000000000000111111111111111111000000000000001110000000000000000
000000000011111111111111111111111111111111111111111111000000000000000111111111111111100000000000000111000000000000000000
000000000001111111111111111111111111111111111111111111100000000000000001111111111000000000000000001110000000000000000000
000000000000011111111111111111111111111111111111111111110000000000000000000000000000000000000000111000000000000000000000
000000000000001111111111111111111111111111111111111111111100000000000000000000000000000000000011110000000000000000000000
000000000000000111111111111111111111111111111111111111111111000000000000000000000000000000001111111111111111000000000000
000000000000000111111111111111111111111111111111111111111111111000000000000000000000000001111111111111111111100000000000
000000000000000011111111111111111111111111111111111111111111111111110000000000000011111111111111111111111111110000000000
000000000000000001111111111111111111111111111111111111111111111111111111111111111111111111111111111111111111110000000000
000000000000000000111111111111111111111111111111111111111111111111111111111111111111111111111111111111111111100000000000
000000000000000000011111111111111111111111111111111111111111111111111111111111111111111111111111111111111111111100000000
000000000000000000000111111111111111111111111111111111111111111111111111111111111111111111111111111111111111111111111111
000000000000000000000011111111111111111111111111111111111111111111111111111111111111111111111111111111111100111111111111
000000000000000000000001111111111111111111111111111111111111111111111111111111111111111111111111111111110000000000000000
000000000000000000000000111111111111111111111111111111111111111111111111111111111111111111111111111110000000000000000000
000000000000000000000000001111111111111111111111111111111111111111111111111111111111111111111111110000000000000000000000
000000000000000000000000000111111111111111111111111111111111111111111111111111111111111111111110000000000000000000000000
000000000000000000000000000001111111111111111111111111111111111111111111111111111111111111000000000000000000000000000000
000000000000000000000000000000111111111111111111111111111111111111111111111111111111100000000000000000000000000000000000
