111111111111111111111111111111111110000000000000000000000011111111111111111111111111111111111111111111111111111111111111
111111111111111111111111111111111100000000000000000000000001111111111111111111111111111111111111111111111111111111111111
111111111111111111111111111111111100000000000000000000000001111111111111111111111111111111111111111111111111111111111111
111111111111111111111111111111111100000000000000000000000001111111111111111111111111111111111111111111111111111111111111
111111111111111111111111111111111110000000000000000000000001111111111111111111111111111111111111111111111111111111111111
111111111111111111111111111111111111000000000000000000000000001111111111111111111111111111111111111111111111111111111111
111111111111111111111111111111111111110000000000000000000000000011111111111111111111111111111111111111111111111111111111
111111111111111111111111111111111111111111000000000000000000000001111111111111111111111111111111111111111111111111111111
111111111111111111111111111111111111110000000000000000000000000001111111111111111111111111111111111111111111111111111111
111111111111111111111111111111111111000000000000000000000000000001111111111111111111111111111110001111111111111111111111
111111111111111111111111111111111100100000000000000000000000000011111111111111111111111111110000011111111111111111111111
111111111111111111111111111111111111000000000011000000000000000111111111111111111111111110000001111111111111111111111111
111111111111111111111111111111111111100000001111110000000000000111111111111111111111000000000111111111111111111111111111
111111111111111111111111111111111111110000000111111111111111000111110000000000000010000000001111111111111111111111111111
111111111111111111111111111111111111100000000111111111111111111111000000000000000000000000111111100000000001111111111111
111111111111111111111111111111111111111000000011111111111111111110000000000000000000000001111000000000000001111111111111
111111111111111111111111111111111111111000000001111111111111111111000000000000000000000000000000000000000011111111111111
111111111111111111111111111111111111111000000001111111111111110000000000000000000000000000000000011111111111111111111111
111111111111111111111111111111111111111000000000111111111111100000000000000000000000000000000001111111111111111111111111
111111111111111111111111111111111111110110000000011111111111000000000000000000000000000000000000011111111111111111111111
111111111111111111111111111111111111110001100000000000111111000000000000000000000000000000000000001111111111111111111111
111111111111111111111111111111111111110001111000000000000011111000000000000000000000000000000000001111111111111111111111
111111111111111111111111111111111111100011111111000000000000011100000000000000000000000000000000011111111111111111111111
111111111111111111111111111111111111101011111111111000000000000000000000000000000000000000000000111111111111111111111111
111111111111111111111111111111111111100111111111111111100000000000000000000000000000000000000011111111111111111111111111
111111111111111111111111111111111111000111111111111111111110000000000000000000000000000000001111111111111111111111111111
111111111111111111111111111111111110100111111111111111111100000000000000000000000000000000111111111111111111111111111111
111111111111111111111111111111111100101111111111111111110000000000000000000000000000011111111111111111111111111111111111
111111111111111111111111111111111100011111111111111111100000000000000000000000000000011111111111111111111111111111111111
111111111111111111111111111111111000111111111111111111000000000000000000000000000000011111111111111111111111111111111111
111111111111111111111111111111110100111111111111111110000000000000000000000000000000011111111111111111111111111111111111
111111111111111111111111111111110001111111111111111100000000000000000000000000000000001111111111111111111111111111111111
111111111111111111111111111111100011111111111111111100000000000000000000000000000000001111111111111111111111111111111111
111111111111111111111111111111000111111111111111111100000000000000000000000000000000000111111111111111111111111111111111
111111111111111111111111111110110111111111111111111100000000000000000000000000000000000111111111111111111111111111111111
111111111111111111111111111110001111111111111111111100000000000000000000000000000000000011111111111111111111111111111111
111111111111111111111111111100011111111111111111111100000000000000000000000000000000000011111111111111111111111111111111
111111111111111111111111111100011111111111111111111100000000000000000001000000000000000011111111111111111111111111111111
111111111111111111111111111011011111111111111111111110000000000000000001100000000000001011111111111111111111111111111111
111111111111111111111111111000011111111111111111111110000000000000000001110000000000001011111111111111111111111111111111
