111111111111111111111111111111111111111111111111111111111111111111111111111111100000000000000000000000000000000000000000
111111111111111111111111111111111111111111111111111111111111111111111111111110000000000000000000000000000000000000000000
111111111111111111111111111111111111111111111111111111111111111111111111111000000000000000000000000000000000000000000000
111111111111111111111111111111111111111111111111111111111111111111111111110000000000000000000000000000000000000000000000
111111111111111111111111111111111111111111111111111111111111111111111111110000000000000000000000000000000000000000000000
111111111111111111111111111111111111111111111111111111111111111111111111100000000000000000000000000000000000000000000000
111111111111111111111111111111111111111111111111111111111111111111111111100000000000000000000000000000000000000000000000
111111111111111111111111111111111111111111111111111111111111111111111111100000000000000000000000000000000000000000000000
111111111111111111111111111111111111111111111111111111111111111111111110000000000000000000000000000000000000000000000000
111111111111111111111111111111111111111111111111111111111111111111100000000000000000000000000000000000000000000000000000
111111111111111111111111111111111111111111111111111111111111000000000000000000000000000000000000000000000000000000000000
111111111111111111111111111111111111111111111111111111111111000000000000000000000000000000000000000000000000000000000000
111111111111111111111111111111111111111111111111111111111111000000000000000000000000000000000000000000000000000000000000
111111111111111111111111111111111111111111111111111111111111111110000000000000000000000000000000000000000000000000000000
111111111111111111111111111111111111111111111111111111111111111111110000000000000000000000000000000000000000000000000000
111111111111111111111111111111111111111111111111111111111111110111111100000000000000000000000000000000000000000000000000
111111111111111111111111111111111111111111111111111111111110000111111111100000000000000000000000000000000000000000000000
111111111111111111111111111111111111111111111111111111111100001111111111110000000000000000000000000000000000000000000000
111111111111111111111111111111111111111111111111111111111000111111111111110000000000000000000000000000000000000000000000
111111111111111111111111111111111111111111111111111111110001111111111111110000000000000000000000000000000000000000000000
111111111111111111111111111111111111111111111000000001000011111111111111110000000000000000000000000000000000000000000000
111111111111111111111111111111111111111110000000000000000011111111111111110000000000000000000000000000000000000000000000
111111111111111111111111111111111111111110000000000000000011111111111111110000000010000000000000000000000000000000000000
111111111111111111111111111111111111111111000000000000000011111111111111110000000011110000000000000000000000000000000000
111111111111111111111111111111111111111111000000000000000111111111111111110000000011111000000000000000000000000000000000
111111111111111111111111111111111111111111000000000000001111111111111111110000000011110000000000000000000000000000000000
111111111111111111111111111111111111111111000000000000011111111111111111100000000001110000000000000000000000000000000000
111111111111111111111111111111111111111111000000000000011111111111111111100000000001100000000000000000000000000000000000
111111111111111111111111111111111111111111100000000000000111111111111111000000000000000000000000000000000000000000000000
111111111111111111111111111111111111111111110000000000000011111111111111000000000000000000000000000000000000000000000000
111111111111111111111111111111111111111111111000000000000001111111111110000000000000000000000000000000000000000000000000
111111111111111111111111111111111111111111111110000000000000011111111100000000000000000000000000000000000000000000000000
111111111111111111111111111111111111111111111111000000000000000000000000000000000000000000000000000000000000000000000000
111111111111111111111111111111111111111111111111110000000000000000000000000000000000000000000000000000000000000000000000
111111111111111111111111111111111111111111111111111000000000000000000000000000000000000000000000000000000000000000000000
111111111111111111111111111111111111111111111111111100000000000000000000000000000000000000000000000000000000000000000000
111111111111111111111111111111111111111111111111111110000000000000000000000000000000000000000000000000000000000000000000
111111111111111111111111111111111111111111111111111111000000000000000000000000000000000000000000000000000000000000000000
111111111111111111111111111111111111111111111111111110000000000000000000000000000000000000000000000000000000000000000000
111111111111111111111111111111111111111111111111111100000000000000000000000000000000000000000000000000000000000000000000
