000000000000000000000000000000000000000000000000000000000000000000000000000000000000000000000000000000000000000000000000
000000000000000000000000000000000000000000000000000000000000000000000000000000000000000000000000000000000000000000000000
000000000000000000000000000000000000000000000000000000000000000000000000000000000000000000000000000000000000000000000000
000000000000000000000000000000000000000000000000000000000000000000000000000000000000000000000000000000000000000000000000
000000000000000000000000000000000000000000000000000000000000000000000000000000000000000000000000000000000000000000000000
000000000000000000000000000000000000000000000000000000000000000000000000000000000000000000000000000000000000000000000000
000000000000000000000000000000000000000000000000000000000000000000000000000000000000000000000000000000000000000000000000
000000000000000000000000000000000000000000000000000000000000000000000000000000000000000000000000000000000000000000000000
000000000000000000000000000000000000000000000000000011111100000011110000000000000000000000000000000000000000000000000000
000000000000000000000000000000000000000000000000000001111100011111111111100000000000000000000000000000000000000000000000
000000000000000000000000000000000000000000000000000111111111111111111100011100000000000000000000000000000000000000000000
000000000000000000000000000000000000000000000000000001111111111111111100000000000000000000000000000000000000000000000000
000000000000000000000000000000000000000000000000000000000111111111111111111000000000000000000000000000000000000000000000
000000000000000000000000000000000000000000000000000000000000111111111111111111000000000000000000000000000000000000000000
000000000000000000000000000000000000000000000000000000001111000111111111111111111100000000000000000000000000000000000000
000000000000000000000000000000000000000000000000000000001111000111111111111111110000000000000000000000000000000000000000
000000000000000000000000000000000000000000000000000000000001101111111111111100000000000000000000000000000000000000000000
000000000000000000000000000000000000000000000000000000000000111111111111000111110000000000000000000000000000000000000000
000000000000000000000000000000000000000000000000000000000000111111111111111111110000000000000000000000000000000000000000
000000000000000000000000000000000000000000000000000000000000011100111111111111110000000000000000000000000000000000000000
000000000000000000000000000000000000000000000000000000000000111000111111111111111111111111000000000000000000000000000000
000000000000000000000000000000000000000000000000000000000001100001111111111111111111111100001111111111111100000000000000
000000000000000000000001111111111111111100000000000000000111000111111111111111111111111111111111111111111111000000000000
000000000000000000000000000111111111111111111111111111111111111111111111111111111111111111111111111111111111111000000000
000000000000000000000000000000011000011111111000000000001111111111111111111111111111111111111111111111111111111110000000
000000000000000000000000000000000000000000000111000000000001111111111111111111000011111111111111111111111111111110000000
000000000000000000000000000000000000000000000000000000000000000000000001111111000000000111111111111111111111111110000000
000000000000000000000000000000000000000000000000000000000000000000000000110111000000000000000000000111111111000000000000
000000000000000000000000000000000000000000000000000000000000000000000000000000000000000000000000000000000000000000000000
000000000000000000000000000000000000000000000000000000000000000000000000000000000000000000000000000000000000000000000000
000000000000000000000000000000000000000000000000000000000000000000000000000000000000000000000000000000000000000000000000
000000000000000000000000000000000000000000000000000000000000000000000000000000000000000000000000000000000000000000000000
000000000000000000000000000000000000000000000000000000000000000000000000000000000000000000000000000000000000000000000000
000000000000000000000000000000000000000000000000000000000000000000000000000000000000000000000000000000000000000000000000
000000000000000000000000000000000000000000000000000000000000000000000000000000000000000000000000000000000000000000000000
000000000000000000000000000000000000000000000000000000000000000000000000000000000000000000000000000000000000000000000000
000000000000000000000000000000000000000000000000000000000000000000000000000000000000000000000000000000000000000000000000
000000000000000000000000000000000000000000000000000000000000000000000000000000000000000000000000000000000000000000000000
000000000000000000000000000000000000000000000000000000000000000000000000000000000000000000000000000000000000000000000000
000000000000000000000000000000000000000000000000000000000000000000000000000000000000000000000000000000000000000000000000
