000000000000000000000000000000000000000000000000000000000000000000000000000000000000000000000000000000000000000000000000
000000000000000000000000000000000000000000000000000000000000000000000000000000000000000000000000000000000000000000000000
000000000000000000000000000000000000000000000000000000000000000000000000000000000000000000000000000000000000000000000000
000000000000000000000000000000000000000000000000000000000000000000000000000000000000000000000000000000000000000000000000
000000000000000000000000000000000000000000000000000100000000000000000000000000000000000000000000000000000000000000000000
000000000000000000000000000000000000000000001111111111111111111100000000000000000000000000000000000000000000000000000000
000000000000000000000000000000000000000000011111111111111111111111111000000000000000000000000000000000000000000000000000
000000000000000000000000000000000000000000001111111111111111111111111111000000000000000000000000000000000000000000000000
000000000000000000000000000000000000000000011111111111111111111111111111110000000000000110000000000000000000000000000000
000000000000000000000000000000000000000000001111111111111111111111111111111100000000000110000000000000000000000000000000
000000000000000000000000000000000000000000011111111111111111111111111111111100000000000110000000000000000000000000000000
000000000000000000000000000000000000000000011111111111111111111111111111111110000000000110000000000000000000000000000000
000000000000000000000000000000000000000000111111111111111111111111111111111110000000000111010000000000000000000000000000
000000000000000000000000000000000000000000111111111111111111111111111111111110000000001111110000000000000000000000000000
000000000000000000000000000000000000000000011111111111111111111111111111111111000000001111110000000000000000000000000000
000000000000000000000000000000000000000000000111111111111111111111111111111111100000011111111000000000000000000000000000
000000000000000000000000000000000000000000000000010111111111111111111111111111100000011111111100000000000000000000000000
000000000000000000000000000000000000000000000000000111111111111111111111111111100000011111111110000000000000000000000000
000000000000000000000000000000000000000000000000000011111111111111111111110110000000011111111111000000000000000000000000
000000000000000000000000000000000000000000000000000011111111111111111111000000000000011111111111100000000000000000000000
000000000000000000000000000000000000000000000000000001110111111111111111111110000000011111111111100000000000000000000000
000000000000000000000000000000000000000000000000000111111111111111111111111111100011111111111111100000000000000000000000
000000000000000000000000000000000000000000000000001111111111111111111111111111110011111111111000000000000000000000000000
000000000000000000000000000000000000000000000000011111111111111111111111111111111111111111111000000000000000000000000000
000000000000000000000000000000000000000000000000011111111111111111111111111111111111111111011000000000000000000000000000
000000000000000000000000000000000000000000000000001111111111111111111111111111111111111100000000000000000000000000000000
000000000000000000000000000000000000000000000000000111111111111111111111111111111111111000000000000000000000000000000000
000000000000000000000000000000000000000000000000000011111111111111111111111111111111110000000000000000000000000000000000
000000000000000000000000000000000000000000000000000011111111111111111111111111111111000000000000000000000000000000000000
000000000000000000000000000000000000000000000000000001111111111111111111111111111111110000000000000000000000000000000000
000000000000000000000000000000000000000000000000000000111111111111111111111111111111110000000000000000000000000000000000
000000000000000000000000000000000000000000000000000000011111111111111111111111111111111111100000000000000000000000000000
000000000000000000000000000000000000000000000000000000001111111111111111111111111111111111110000000000000000000000000000
000000000000000000000000000000000000000000000000000000000111111111111111111111111111111111111000000000000000000000000000
000000000000000000000000000000000000000000111111111111110111111111111111111111111111111111110000000000000000000000000000
000000000000000000000000000000000000000000111111111111111111111111111111111111111111111111000000000000000000000000000000
000000000000000000000000000000000000000000011111111111111111111111111111111111111111111111000000000000000000000000000000
000000000000000000000000000000000000000000000111111111111111111111111111111111111111111000000000000000000000000000000000
000000000000000000000000000000000000000000000011111111111111111111111111111111111111000000000000000000000000000000000000
000000000000000000000000000000000000000000000001111111111111111111111111111111111000000000000000000000000000000000000000
