111111111111111111111111111111111111111111111111111111110000000000000000000000000000000000000000000000000000000000000000
111111111111111111111111111111111111111111111111111111111111110000000000000000000000000000000000000000000000000000000000
111111111111111111111111111111111111111111111111111111111111111111110000000000000000000000000000000000000000000000000000
011111111111111111111111111111111111111111111111111111111100000000000000000000000000000000000000000000000000000000000000
011111111111111111111111111111111111111111111111111111111111110000000000000000000000000000000000000000000000000000000000
111111111111111111111111111111111111111111111111111111111111111111000000000000000000000000000000000000000000000000000000
111111111111111111111111111111111111111111111111111111111111111001111100000000000000000000000000000000000000000000000000
111111111111111111111111111111111111111111111111111111111111111110000001100000000000000000000000000000000000000000000000
111111111111111111111111111111111111111111111111111111111111111010000000000000000000000000000000000000000000000000000000
111111111111111111111111111111111111111111111111111111111111111000000000000000000000000000000000000000000000000000000000
111111111111111111111111111111111111111111110000110111111111111000000000000000000000000000000000000000000000000000000000
111111111111111111111111111111111111111111111000111111111111101000000000000000000000000000000000000000000000000000000000
111111111111111111111111111111111111111111111111111111111111110000000000000000000000000000000000000000000000000000000000
111111111111111111111111111111111111111011111111111111111111110000000000000000000000000000000000000000000000000000000000
111111111111111111111111111111111111111100001111111111111111111000000000000000000000000000000000000000000000000000000000
111111111111111111111111111111111111111110001111111111111111111100000000000000000000000000000000000000000000000000000000
111111111111111111111111111111111111111111111111111111111111111100000000000000000000000000000000000000000000000000000000
111111111111111111111111111111111111111111111111111111111111111100000000000000000000000000000000000000000000000000000000
111111111111111111111111111111111111111111111111111111111111111100000000000000000000000000000000000000000000000000000000
111111111111111111111111111111111111111111111111111111111111111100000000000000000000000000000000000000000000000000000000
111111111111111111111111111111111111111111111111111111111111111111111000000000000000000000000000000000000000000000000000
111111111111110011111111111111111111111111111111111111111111111111111111111111111111111111111000000000000000000000000000
111111111111000000111111111111111111111111111111111111111111111111111111111111111111111111111100000000000000000000000000
111111111110000000011111111111111111111111111111111111111111111001111111111111111111111111110000000000000000000000000000
111111111000000000011111111111111111111111111111111111111111111110000000000001111111111111110000000000000000111111111111
111111100000000001111111111111111111111111111111111111111111111111111110000000000011111111111111111111111111111111111111
111111000000000111111111111111111111111111111111111111111111111111111111111111111111111111111111111111111111111111111111
111110000000111111111111111111111111111111111111111111111111111111111111111111111111111111111111111111111111111111111111
111100000011111111111111111111111111111111111111111111111111111111111111111111111111111111111111111111111111111111111111
111111111111111111111111111111111111111111111111111111111111111111111111111111111111111111111111111111111111111111111111
111111111111111111111111111111111111111111111111111111111111111111111111111111111111111111111111111111111111111111111111
111111111111111111111111111111111111111111111111111111111111111111111111111111111111111111111111111111111111111111111111
111111111111111111111111111111111111111111111111111111111111111111111111111111111111111111111111111111111111111111111111
111111111111111111111111111111111111111111111111111111111111111111111111111111111111111111111111111111111111111111111111
111111111111111111111111111111111111111111111111111111111111111111111111111111111111111111111111111111111111111111111111
111111111111111111111111111111111111111111111111111111111111111111111111111111111111111111111111111111111111111111111111
111111111111111111111111111111111111111111111111111111111111111111111111111111111111111111111111111111111111111111111111
111111111111111111111111111111111111111111111111111111111111111111111111111111111111111111111111111111111111111111111111
111111111111111111111111111111111111111111111111111111111111111111111111111111111111111111111111111111111111111111111111
111111111111111111111111111111111111111111111111111111111111111111111111111111100111111111111111111111111111111111111111
