000000000000000000000000000000000000000000000000000000000000111111111111111111111111111111111111111111111111111111111111
000000000000000000000000000000000000000000000000000000000000111111111111111111111111111111111111111111111111111111111111
000000000000000000000000000000000000000000000000000000000000111111111111111111111111111111111111111111111111111111111111
000000000000000000000000000000000000000000000000000000000000111111111111111111111111111111111111111111111111111111111111
000000000000000000000000000000000000000000000000000000000000111111111111111111111111111111111111111111111111111111111111
000000000000000000000000000000000000000000000000000000000000111111111111111111111111111111111111111111111111111111111111
000000000000000000000000000000000000000000000000000000000000111111111111111111111111111111111111111111111111111111111111
000000000000000000000000000000000000000000000000000000000000111111111111111111111111111111111111111111111111111111111111
000000000000000000000000000000000000000000000000000000000000111111111111111111111111111111111111111111111111111111111111
000000000000000000000000000000000000000000000000000000000000111111111111111111111111111111111111111111111111111111111111
000000000000000000000000000000000000000000000000000000000000111111111111111111111111111111111111111111111111111111111111
000000000000000000000000000000000000000000000000000000000011000111111111111111111111111111111111111111111111111111111111
000000000000000000000000000000000000000000000000001100111111000000001100011111111111111111111111111111111111111111111111
000000000000000000000000000000000000000000000000001111111111000000000000011111111111111111111111111111111111111111111111
000000000000000000000000000000000000000000000000001111111111000000000000111111111111111111111111111111111111111111111111
000000000000000000000000000000000000000000000001101111111111000000000000111111111111111111111111111111111111111111111111
000000000000000000000000000000000000000000000000001111111111000000000000001111111111111111111111111111111111111111111111
000000000000000000000000000000000000000000000000111111111111000000000000001111111111111111111111111111111111111111111111
000000000000000000000000000000000000000000000000110111111111000000000000010011111111111111111111111111111111111111111111
000000000000000000000000000000000000000000000000010111111111000000000000111011111111111111111111111111111111111111111111
000000000000000000000000000000000000000000000000001001111111000000000111100111111111111111111111111111111111111111111111
000000000000000000000000000000000000000000000000000011111011000000000100011111111111111111111111111111111111111111111111
000000000000000000000000000000000000000000000000000011111111000000000001111111111111111111111111111111111111111111111111
000000000000000000000000000000000000000000000000000111111111000000000001111111111111111111111111111111111111111111111111
000000000000000000000000000000000000000000000000000111111111000000000000111111111111111111111111111111111111111111111111
000000000000000000000000000000000000000000000000011111111111000000000000011111111111111111111111111111111111111111111111
000000000000000000000000000000000000000000000000111111111111000000000000001111111111111111111111111111111111111111111111
000000000000000000000000000000000000000000000001111111111111000000000000001111111111111111111111111111111111111111111111
000000000000000000000000000000000000000000000011111111111111000000000000000111111111111111111111111111111111111111111111
000000000000000000000000000000000000000000000010111111111111000000000000000111111111111111111111111111111111111111111111
000000000000000000000000000000000000000000000000111111111111000000000000011111111111111111111111111111111111111111111111
000000000000000000000000000000000000000000000001111111111111000000000000011111111111111111111111111111111111111111111111
000000000000000000000000000000000000000000000001111111111111000000000000011111111111111111111111111111111111111111111111
000000000000000000000000000000000000000000000001111111111111000000000000011111111111111111111111111111111111111111111111
000000000000000000000000000000000000000000000000111111111111000000000000111111111111111111111111111111111111111111111111
000000000000000000000000000000000000000000000000011111111111000000000000111111111111111111111111111111111111111111111111
000000000000000000000000000000000000000000000000011111111111000000000000011111111111111111111111111111111111111111111111
000000000000000000000000000000000000000000000000111111111111000000000000011111111111111111111111111111111111111111111111
000000000000000000000000000000000000000000000001111111111111000000000000001111111111111111111111111111111111111111111111
000000000000000000000000000000000000000000000001111111111111000000000000000111111111111111111111111111111111111111111111
