000000000000000000000000000000000000000111111111111111111111111111111111111111111111111111111111111111111111111111111111
000000000000000000000000000000000000000111111111111111111111111111111111111111111111111111111111111111111111111111111111
000000000000000000000000000000000000000111111111111111111111111111111111111111111111111111111111111111111111111111111111
000000000000000000000000000000000000000111111111111111111111111111111111111111111111111111111111111111111111111111111111
000000000000000000000000000000000000000111111111111111111111111111111111111111111111111111111111111111111111111111111111
000000000000000000000000000000000000000111111111111111111111111111111111111111111111111111111111111111111111111111111111
000000000000000000000000000000000000000111111111111111111111111111111111111111111111111111111111111111111111111111111111
000000000000000000000000000000000000000111111111111111111111111111111111111111111111111111111111111111111111111111111111
000000000000000000000000000000000000000111111111111111111111111111111111111111111111111111111111111111111111111111111111
000000000000000000000000000000000000000111111111111111111111111111111111111111111111111111111111111111111111111111111111
000000000000000000000000000000000000000111111111111111001111111111111111111111111111111111111111111111111111111111111111
000000000000000000000000000000000000000111100011000000000011111111111111111111111111111111111111111111111111111111111111
000000000000000000000000000000000000000111100000000000000001111111111111111111111111111111111111111111111111111111111111
000000000000000000000000000000000000000101000000000000000000011111111111111111111111111111111111111111111111111111111111
000000000000000000000000000000000000000100000000000000000000001111111111111111111111111111111111111111111111111111111111
000000000000000000000000000000000000000110000000000000000000000000001111111111111111111111111111111111111111111111111111
000000000000000000000000000000000000000100000000000000000000000111110111111111111111111111111111111111111111111111111111
000000000000000000000000000000000000000111000000000000000000000011110111111111111111111111111111111111111111111111111111
000000000000000000000000000000000000000111000000000000000000000111100111111111111111111111111111111111111111111111111111
000000000000000000000000000000000000000111111110000000000000110000011111111111111111111111111111111111111111111111111111
000000000000000000000000000000000000000111111111000000000000111101111111000000111111111111111111111111111111111111111111
000000000000000000000000000000000000000111111111000000000000000011111111100000111111111111111111111111111111111111111111
000000000000000000000000000000000000000111111111000000000000000000000000000000111111111111111111111111111111111111111111
000000000000000000000000000000000000000111111110000000000000000000000000000000111111111111111111111111111111111111111111
000000000000000000000000000000000000000111111110000000000000000000000000010011111111111111111111111111111111111111111111
000000000000000000000000000000000000000111111100000000000000000000000011111111111111111111111111111111111111111111111111
000000000000000000000000000000000000000111110000000000000000000000011011111111111111111111111111111111111111111111111111
000000000000000000000000000000000000000110000010000000000000000000011111111111111111111111111111111111111111111111111111
000000000000000000000000000000000000001011000100000000000000000000011111111111111111111111111111111111111111111111111111
000000000000000000000000000000000000110110001000000000000000000000000111111111111111111111111111111111111111111111111111
000000000000000000000000000000000000000100011000000000000000000100000001111111111111111111111111111111111111111111111111
000000000000000000000000000000000000000000110000000000000000001111100000001111111111111111111111111111111111111111111111
000000000000000000000000000000000000001001100000000000000000000111111000000111111111111111111111111111111111111111111111
000000000000000000000000000000000000000001100000000000000000000011111110000000111111111111111111111111111111111111111111
000000000000000000000000000000000000000111100000000000000000000001111111111000001111111111111111111111111111111111111111
000000000000000000000000000000000000000111000000000000000000000001111111111111100111111111111111111111111111111111111111
000000000000000000000000000000000000000110000000000000000000000000111111111111110111111111111111111111111111111111111111
000000000000000000000000000000000000000110000000000000000000000000011111111111111111111111111111111111111111111111111111
000000000000000000000000000000000000000000000000000000000000000000011111111111111111111111111111111111111111111111111111
000000000000000000000000000000000000001000000000000000000000000000001111111111111111111111111111111111111111111111111111
