000000000000000000000000000000000000000000000111111111111111111111111111111111111111111111111111111111111111111111111111
000000000000000000000000000000000000000000001111111111111111111111111111111111111001111111111111111111111111111111111111
000000000000000000000000000000000000000000001111111111111111111111111111111111000001111111111111111111111111111111111111
000000000000000000000000000000000000000000000111111111111111110111111111111110000000111111111111111110000000000000011111
000000000000000000000000000000000000000000000011111111111111100111111111111110000000111111111111111100000000000000000011
000000000000000000000000000000000000000000000000111111111000000111111111111100000000011111111111111110000000000000000000
000000000000000000000000000000000000000000000000000000000000000111111111111100000000011111111111111110000000000000000000
000000000000000000000000000000000000000000000000000000000000001111111111111100000000001111111111111110000000000000000000
000000000000000000000000000000000000000000000000000000000000001111111111111000000000011111111111111110000000000000000000
000000000000000000000000000000000000000000000000000000000000001111111111111000000000011111111111111110000000000000000000
000000000000000000000000000000000000000000000000000000000000011111111111111000000000011111111111111100000000000000000000
000000000000000000000000000000000000000000000000000000000000111111111111110000000000011111111111111100000000000000000000
000000000000000000000000000000000000000000000000000000000001111111111111110000000000111111111111111000000000000000000000
000000000000000000000000000000000000000000000000000000000011111111111111100000000000111111111111111000000000000000000000
000000000000000000000000000000000000000000000000000000000111111111111111000000000000111111111111110000000000000000000000
000000000000000000000000000000000000000000000000000000001111111111111110000000000001111111111111110000000000000000000000
000000000000000000000000000000000000000000000000000000011111111111111100000000000001111111111111100000000000000000000000
000000000000000000000000000000000000000000000000000000111111111111111000000000000011111111111111100000000000000000000000
000000000000000000000000000000000000000000000000000011111111111111110000000000000111111111111111100000000000000000000000
000000000000000000000000000000000000000000000000000111111111111111100000000000001111111111111111100000000000000000000000
000000000000000000000000000000000000000000000000011111111111111111000000000000001111111111111111100000000000000000000000
000000000000000000000000000000000000000000000001111111111111111110000000000000011111111111111111100000000000000000000000
000000000000000000000000000000000000000000000011111111111111111110000000000000111111111111111111100000000000000000000000
000000000000000000000000000000000000000000000001111111111111111100000000000000011111111111111111000000000000000000000000
000000000000000000000000000000000000000000000011111111111111111100000000000000011111111111111111000000000000000000000000
000000000000000000000000000000000000000000001111111111111111111000000000000000111111111111111100000000000000000000000000
000000000000000000000011111111111111111111111111111111111111111111111111111111111111111111111100000000000000000000000000
000000111111111111111111111111111111111111111111111111111111111111111111111111111111111111111100000000000000000000000000
111111111111111111111111111111111111111111111111111111111111111111111111111111111111111111111111110000000000000000000000
111111111111111111111111111111111111111111111111111111111111111111111111111111111111111111111111111111111000000000000000
111111111111111111111100000000000000000000000000000000000000000000000000000000111111111111111111111111111111110000000000
111111000000000000000000000000000000000000000000000000000000000000000000000000001001100000001111111111111111111111100000
000000000000000000000000000000000000000000000000000000000000000000000000000000000000000000000000000011111111111111111110
000000000000000000000000000000000000000000000000000000000000000000000000000000000000000000000000000000000011111111111111
000000000000000000000000000000000000000000000000000000000000000000000000000000000000000000000000000000000000000011111111
000000000000000000000000000000000000000000000000000000000000000000000000000000000000000000000000000000000000000000001111
000000000000000000000000000000000000000000000000000000000000000000000000000000000000000000000000000000000000000000000000
000000000000000000000000000000000000000000000000000000000000000000000000000000000000000000000000000000000000000000000000
000000000000000000000000000000000000000000000000000000000000000000000000000000000000000000000000000000000000000000000000
000000000000000000000000000000000000000000000000000000000000000000000000000000000000000000000000000000000000000000000000
