000000000000000000000000000000000000000000000000000000000000000000000000000000000000000000000000000000000000000000000000
000000000000000000000000000000000000000000000000000000000000000000000000000000000000000000000000000000000000000000000000
000000000000000000000000000000000000000000000000000000000000000000000000000000000000000000000000000000000000000000000000
000000000000000000000000000000000000000000000000000000000000000000000000000000000000000000000000000000000000000000000000
000000000000000000000000000000000000000000000000000000000000000000000000000000000000000000000000000000000000000000000000
000000000000000000000000000000000000000000000000000000000000000000000000000000000000000000000000000000000000000000000000
000000000000000000000000000000000000000000000000000000000000000000000000000000000000000000000000000000000000000000000000
000000000000000000000000000000000000000000000000000000000000000000000000000000000000000000000000000000000000000000000000
000000000000000000000000000000000000000000000000000000000000000000000000000000000000000000000000111111111100000000000000
000000000000000000000000000000000000000000000000000000000000000000000000000000000000000000001111111111111111100000000000
000000000000000000000000000000000000000000000000000000000000000000000000000000000000000000011111111111111111111000000000
000000000000000000000000000000000000000000000000000000000000000000000000000000000000000000111111111111111111111100000000
000000000000000000000000000000000000000000000000000000000000000000000000000000000000000001111111111111111111111100000000
000000000000000000000000000000000000000000000000000000000000000000000000000000000000000001111111111111111111111110000000
000000000000000000000000000000000000000000000000000000000000000000000000000000000000000000111111111111111111111111000000
000000000000000000000000000000000000000000000000000000000000000000000000000000000000000000000011111111111111111111000000
000000000000000000000000000000000000000000000000000000000000000000000000000000000000000000000001111111111111111111000000
000000000000000000000000000000001100000000000000000000000000000000000000000000000000000000000000111111111111111110000000
000000000000000000000000000000000000000000000000000000000000000000000000000000000000000000000000000111111111111100000000
000000000000000000000000000000000000000000000000000011111111111111111111111111111111111111111100011111111111111100000000
000000001111111111111111111000000000000000111101111111111111111111111111111111111111111111111111111111111111111111000000
111111111111111111111111111111111111111111111111111111111111111111111111111111111111111111111111111111111111111111100000
111111111111111111111111111111111111111111111111111111111100000000000000000000000000000011111111111111111111111111111000
000000000000011111111111111111100000011111111100001100000110000000000000000000000000000000000001111111111111111111111110
000000000000000000000000000000000000000000000000000000000011000000000000000000000000000000000000111111111111111111111111
000000000000000000000000000000000000000000000000000000000111000000000000000000000000000000000000011111111111111111111111
000000000000000000000000000000000000000000000000000111111100000000000000000000000000000000000000001111111111111111111111
000000000000000000000000000000000000000000000000000000000000000000000000000000000000000000000000000111111111111111111111
000000000000000000000000000000000000000000000000000000000000000000000000000000000000000000000000000011111111111111111111
000000000000000000000000000000000000000000000000000000000000000000000000000000000000000000000000000011111111111111111111
000000000000000000000000000000000000000000000000000000000000000000000000000000000000000000000000000111111111111111111111
000000000000000000000000000000000000000000000000000000000000000000000000000100000000000000000000001111111111111111111110
000000000000000000000000000000000000000000000000000000000000000000000000000000000000000000000000000000111111111111111110
000000000000000000000000000000000000000000000000000000000000000000000000000000000000000000000000000001111111111111111110
000000000000000000000000000000000000000000000000000000000000000000000000000000000000000000000000000001111111111111111111
000000000000000000000000000000000000000000000000000000000000000000000000000000000000000000000000000111111111111111111111
000000000000000000000000000000000000000000000000000000000000000000000000000000000000000000000000001111111111111111111111
000000000000000000000000000000000000000000000000000000000000000000000000000000000000000000000000011111111111111111111111
000000000000000000000000000000000000000000000000000000000000000000000000000000000000000000000000111111111111111111111111
000000000000000000000000000000000000000000000000000000000000000000000000000000000000000000000001111111111111111111111111
