000000000000000000000000000000000000000000000000000000000000000000000000000000000000000000000000000000000000000000000000
000000000000000000000000000000000000000000000000000000000000000000000000000000000000000000000000000000000000000000000000
000000000000000000000000000000000000000000000000000000000000000000000000000000000000000000000000000000000000000000000000
000000000000000000000000000000000000000000000000000000000000000000000000000000000000000000000000000000111111111100000000
000000000000000000000000000000000000000000000000000000000000000000000000000000000000000000000000000111111111111110000000
000000000000000000000000000000000000000000000000000000000000000000000000000000000000000000000000001111111111111111100000
000000000000000000000000000000000000000000000000000000000000000000000000000000000000000000000000011111111111111111111000
000000000000000000000000000000000000000000000000000000000000000000000000000000000000000000000000011111111111111111111111
000000000000000000000000000000000000000000000000000000000000000000000000000000000000000000010000001111111111111111111111
000000000000000000000000000000000000000000000000000000000000000000000000000000000000000000001100000111111111111111111111
000000000000000000000000000000000000000000000000000000000000000000000000000000000000000000000011111111111111111111111111
000000000000000000000000000000000000000000000000000000000000000000000000000000000000000000000000000000000000000000000000
000000000000000000000000000000000000000000000000000000000000000000000000000000000000000000000000000000000000000000000000
000000000000000000000000000000000000000000000000000000000000000000000000000000000000000000000000000000000000000000000000
000000000000000000000000000000000000000000000000000000000000000000000000000000000111110000000000000000000000000000000000
111000000000000000000000000000000000000000000000000000000000000000000000000111111111110000000000000000000000000000000000
111000000000000000000000000000000000000000000000000000000000000100000000111111111111111100000000000000000000000000000000
111000000000000000000011111111111111111111111111111111111111111111111111111111111111111100000000000000000000000000000000
111000000000000000111111111100000000000000000000000000000000000100111111111111111111111000000000000000000000000000000000
111100000000000000000000000000000000000000000000000000000000000000000001111111111111111100000000000000000000000000000000
111100000000000000000000000000000000000000000000000000000000000000000000001111111111111100000000000000000000000000000000
111111000000000000000000000000000000000000000000000000000000000000000000000111111111111111000000000000000000000000000000
111111100000000000000000000000000000000000000000000000000000000000000000001111111111111111000000000000000000000000000000
111100000000000000000000000000000000000000000000000000000000000000000000000111111111111110000000000000000000000000000000
111100000000000000000000000000000000000000000000000000000000000000000000000011111111111100000000000000000000000000000000
111100000000000000000000000000000000000000000000000000000000000000000000000111111111111100000000000000000000000000000000
111100000000000000000000000000000000000000000000000000000000000000000000000011111111111100000000000000000000000000000000
111100000000000000000000000000000000000000000000000000000000000000000000000011111111111100000000000000000000000000000000
111100000000000000000000000000000000000000000000000000110000000000000000000111111111111100000000000000000000000000000000
111110000000000000000000000000000000000000000000000000001111000000000000000011111111111110000000001111111000000000000000
110000000000000000000000000000000000000000000000000000000000111110011000000111111111111110001111111111111000000000000000
000000000000000000000000000000000000000000000000000000000000000001111110011111111111111111111111110000000000000000000000
000000000000000000000000000000000000000000000000000000000000000000110111111111111111111111110000000000000000000000000000
000000000000000000000000000000000000000000000000000000000000000000000011111111111111111110000000000000000000000000000000
000000000000000000000000000000000000000000000000000000010000000000011111111111111111111110000000000000000000000000000000
000000000000000000000000000000000000000000000000000000011101111111111111111111111111111111111110000000000000000000000000
000000000000000000000000000000000000000000000000001111111111111111111111111111111111111111101111111110000000000000000000
000000000000000000000000000000000000000000000000001111110000000111111111111111111111111111110000001111111111000000000000
000000000000000000000000000000000000000000000000000000000000011111111111111111111111111111111100000000000011111000000000
000000000000000000000000000000000000000000000000000000000001111111111111111111111111111111111111000000000000000000000000
