100011111111100000000011111111111111111111111111111111111111111111111111111111111111111111000011111111111111111111111111
100011111000000000000011111111111111111111111111111111111111111111111111111111111111111111000000111111111111111111111111
000000000000000000000000000011111111111111111111111111111111111111111111111111111111111111100000001111111111111111111111
000000000000000000000000000000001111111111111111111111111111111111111111111111111111111111100000000000111111111111111111
000000000000000000000000000000011111111111111111111111111111111111111111111111111111111111100000000000000000011111111111
000000000000000000000000000001111111111111111111111111111111111111111111111111111111111111000000000000000000000000000000
000000000000000000000000000000011111111111111111111111111111111111111111111111111111111110000000000000000000000000000000
000000000000000000000000000000000111111111111111111111111111111111111111111111111111111100000000000000000000000000000000
000000000000000000000000000000000001111111111111111111111111111111111111111111111111111000000000000000000000000000000000
000000000000000000000000000000000001111111111111111111111111111111111111111111111111100000000000000000000000000000000000
000000000000000000000000000000001111111111111111111111111111111111111111111111111110000000000000000000000000000000000000
000000000000000000000000000000111111111111111111111111111111111111111111111111111000000000000000000000000000000000000000
000000000000000000000000000000011111111111111111111111111111111111111111111111000000000000000000000000000000000000000000
000000000000000000000000000000011111111111111111111111111111111111111111111100000000000000000000000000000000000000000000
000000000000000000000000000000001111111111111111111111111111111111111111100000000000000000000000000000000000000000000000
000000000000000000000000000000000111111111111111111111111111111111111111100000000000000000000000000000000000000000000000
000000000000000000000000000000000111111111111111111111111111111111111111110000000000000000000000000000000000000000000000
000000000000000000000001111111111111111111111111111111111111111111111111111110000000000000000000000000000110000000000000
000000000000000000000011111111111111111111111111111111111111111111111111111111100000000000000000000000000011000000000000
000000110000000000000011111111111111111111111111111111111111111111111111111111111100000000000000000000000011110000000000
001111111100000000000011111111111111111111111111111111111111111111111111111111111111110000000000000000000011111111111111
111111111111000000000111111111111111111111111111111111111111111111111111111111111111111111100000000000000111111111111111
111111111111110000000111111111111111111111111111111111111111111111111111111111111111111111111111111111111111111111111111
111111111111111110011111111111111111111111111111111111111111111111111111111111111111111111111111111111111111111111111111
111111111111111111111111111111111111111111111111111111111111111111111111111111111111111111111111111111111111111111111111
111111111111111111111000001111111111111111111111111111111111111111111111111111111111111111111111100111111111111111111111
111111111111111111100000001111111111111111111111111111111111111111111111111111111111111111111111000000001111111000011111
111111111111111110000000000111111111111111111111111111111111111111111111111111111111111111111110000000000000000000001111
111111111111111000000000000111111111111111111111111111111111111111111111111111100000000000000000000000000000000000000111
000111111111110000000000000011111111111111111111111111111111111111111111111111100000000000000000000000000000000000000011
000000011111100000000000000011111111111111111111111111111111111111111111111111100000000000000000000000000000000000000001
000000000011100000000000000011111111111111111111111111111111111111111111111111100000000000000000000000000000000000000000
000000000000100000000000000011111111111111111111111111111111111111111111111111100000000000000000000000000000000000000000
000000000000010000000000000111110000000000000111111111111111111111111111100000000000000000000000000000000000000000000000
100000000000000000000000000000000000000000000000000000011111111111000000000000000000000000000000000000000000000000000000
111000000000000000000000000000000000000000000000000000000000111000000000000000000000000000000000000000000000000000000000
111111000000000000000000000000000000000000000000000000000111111000000000000000000000000000000000000000000000000000000000
111110000000000000000000000000000000000000000000000001111111111110000000000000000000000000000000000000000000000000000000
000000000000000000000000000000000000000000000000001111111111111111100000000000000000000000000000000000000000000000000000
001110000000000000000000000000000000000000000011111111111111111111111110000000000000000000000000000000000000000000000000
