000000000000000000000000000000000000000000000000000000000000000000000000000000000000000000000000000000000000000000000000
000000000000000000000000000000000000000000000000000000000000000000000000000000000000000000000000000000000000000000000000
000000000000000000000000000000000000000000000000000000000000000000011111111111111111000000000000000000000000000000000000
000000000000000000000000000000000000000000000000000000000000000111111111111111111111111000000000000000000000000000000000
000000000000000000000000000000000000000000000000000000000000011111111111111111111111111110000000000000000000000000000000
000000000000000000000000000000000000000000000000000000000001111111111111111111111111111111000000000000000000000000000000
000000000000000000000000000000000000000000000000000000000111111111111111111111111111111111100000000000000000000000000000
000000000000000000000000000000000000000000000000000000000111111111111111111111111111111111100000000000000000000000000000
000000000000000000000000000000000000000000000000000000000011111111111111111111111111111111100000000000000000000000000000
000000000000000000000000000000000000000000000000000000001111111111111111111111111111111111100000000000000000000000000000
000000000000000000000000000000000000000000000000000000111111111111111111111111111111111111100000000000000000000000000000
000000000000000000000000000000000000000000000000000111111111111111111111111111111111111111110000000000000000000000000000
000000000000000000000000000000000000000000000000000011100011111111111111111111111111111111111100000000000000000000000000
000000000000000000000000000000000000000000000000000000000011111111111111111111111111111111100010000000000000000000000000
000000000000000000000000000000000000000000000000000000000000000011111111111111111111111111100000000000000000000000000000
000000000000000000000000001110000000000000000000000000000000000011111111111111111111111111000000000000000000000000000000
000000000000000000000111111111100000000000000000000000000000000001111111111111111111101100000000000000000000000000000000
000000000000000011111111100011111100000000000000000000000000000000001111111111111000000000000000000000000000000000000000
000000001111111111111100000000111111000000000000000000000000000000000011111111111100000000000000000000000000000000000000
111111111111111100011111000000001111111000000000000000000000000000000111111111111111111000000000000000000000000000000000
111111111000000000111111100000001111111110000000000000000000000001111111111111111111111110000000000000000000000000000000
000011111000000000111111111000011111111111100000000000000000000111111111111111111111111111000000000000000000000000000111
000111111110000000111111111000011111111001111000000000000000001111111111111111111111111111100000000000000000000000111110
000111111111000000011111111000011111111000011110000000000000011111111111111111111111111111110000011111111111111111111110
000111111111000000001111111000001111111000001111111000000000111111111111111111111111111111111111111111111111000000111111
000001111111000000000111111000000111111000011111111111111111111111111111111111111111111111101111100000001111110000111111
000000111111000000000011110000000011111000111111100000011111111111111111111111111111111111111111110000011111111000111111
000000011111000000000000110000000001111001111111110000111111111111111111111111111111111111111111111000011111111000011111
000000000111000000000000010000000000111000111111110001111111101111111111111111111111111111111111110000001111110000011111
000000000011000000000000000000000000011000011111110001111111111111111111111111111111111111111111110000000111110000001111
000000000001000000000000000000000000000000001111110000111111111111111111111111111111111111110111110000000111100000000110
000000000000000000000000000000000000000000000111100000111111111111111111111111111111111111110011100000000011100000000010
000000000000000000000000000000000000000000000011100000011111111111111111111111111111111111110011100000000001100000000000
000000000000000000000000000000000000000000000011100000001111111111111111111111111111111111110001000000000000000000000000
000000000000000000000000000000000000000000000001100000000111111111111111111111111111111111111000000000000000000000000000
000000000000000000000000000000000000000000000000000000000011111111111111111111111111111111111000000000000000000000000000
000000000000000000000000000000000000000000000000000000000001111111111111111111111111111111111000000000000000000000000000
000000000000000000000000000000000000000000000000000000000001111111111111111111111111111111111000000000000000000000000000
000000000000000000000000000000000000000000000000000000000001111111111111111111111111111111111000000000000000000000000000
000000000000000000000000000000000000000000000000000000000011111111111111111111111111111111110000000000000000000000000000
