000000000000000000000000000000000000000000000000000111111111111111110000000000000000000000000000000000000000000000000000
000000000000000000000000000000000000000000000000001111111111111111111000000000000000000000000000000000000000000000000000
000000000000000000000000000000000000000000000000011111111111111111111000000000000000000000000000000000000000000000000000
000000000000000000000000000000000000000000000000011111111111111111111000000000000000000000000000000000000000000000000000
000000000000000000000000000000000000000000000000011111111111111111111000000000000000000000000000000000000000000000000000
000000000000000000000000000000000000000000000000001111111111111111111000000000000000000000000000000000000000000000000000
000000000000000000000000000000000000000000000000000111111111111111110000000000000000000000000000000000000000000000000000
000000000000000000000000000000000000000000000000000011111111111111100000000000000000000000000000000000000000000000000000
000000000000000000000000000000000000000000000000000000111111111110000000000000000000000000000000000000000000000000000000
000000000000000000000000000000000000000000000000000000001111111000000000000000000000000000000000000000000000000000000000
000000000000000000000000000000000000000000000000000000000011100000000000000000000000000000000000000000000000000000000000
000000000000000000000000000000000000000000000000000000000001000000000000000000000000000000000000000000000000000000000000
000000000000000000000000000000000000000000000000000000000000000000000000000000000000000000000000000000000000000000000000
000000000000000000000000000000000000000000000000000000000000000000000000000000000000000000000000000000000000000000000000
000000000000000000000000000000000000000000000000000000001100000000000000000000000000000000000000000000000000000000000000
000000000000000000000000000000000000000000000000000000011111111000000000000000000000000000000000000000000000000000000000
000000000000000000000000000000000000000000000000000001111111111100000000000000000000000000000000000000000000000000000000
000000000000000000000000000000000000000000000000000001111111111111111111100000000000000000000000000000000000000000000000
000000000000000000000000000000000000000000000000000111111111111111111111111100000000000000000000000000000000000000000000
000000000000000000000000000000000000000000000000111111111111111111111111111100000000000000000000000000000000000000000000
000000000000000000000000000000000000000000000011111111111111111111111111111100000000000000000000000000000000000000000000
000000000000000000000000000000000000000000000111111111111111111111111100000000000000000000000000000000000000000000000000
000000000000000000000000000000000000000000001011111111111111110000000000000000000000000000000000000000000000000000000000
000000000000000000000000000000000000000000000000000000111111111000000000000000000000000000000000000000000000000000000000
000000000000000000000000000000000000000000000000000001111111111100000000000000000000000000000000000000000000000000000000
000000000000000000000000000000000000000000000000000001111111111100000000000000000000000000000000000000000000000000000000
000000000000000000000000000000000000000000000000000011111111111110000000000000000000000000000000000000000000000000000000
000000000000000000000000000000000000000000000000000011111111110010010000000000000000000000000000000000000000000000000000
000000000000000000000000000000000000000000000000000011111111110000000000000000000000000000000000000000000000000000000000
000000000000000000000000000000000000000000000000000011111111110000000000000000000000000000000000000000000000000000000000
000000000000000000000000000000000000000000000000000111111111111000000000000000000000000000000000000000000000000000000000
000000000000000000000000000000000000000000000000001111111111111000000000000000000000000000000000000000000000000000000000
000000000000000000000000000000000000000000000000011111111111111100000000000000000000000000000000000000000000000000000000
000000000000000000000000000000000000000000000001111111111111111100000000000000000000000000000000000000000000000000000000
000000000000000000000000000000000000000000000111111111111111111110000000000000000000000000000000000000000000000000000000
000000000000000000000000000000000000000000000111111111111111111110000000000000000000000000000000000000000000000000000000
000000000000000000000000000000000000000000000001111111111111111110000000000000000000000000000000000000000000000000000000
000000000000000000000000000000000000000000000000000110001100011000000000000000000000000000000000000000000000000000000000
000000000000000000000000000000000000000000000000000000001110011000000000000000000000000000000000000000000000000000000000
000000000000000000000000000000000000000000000000000000001110000000000000000000000000000000000000000000000000000000000000
