000000000000000000000000000000000000000000000000000000000000111111111111111111111111111111111111111111111111111111111111
000000000000000000000000000000000000000000000000000000000000111111111111111111111111111111111111111111111111111111111111
000000000000000000000000000000000000000000000000000000000000111111111111111111111111111111111111111111111111111111111111
000000000000000000000000000000000000000000000000000000000000111111111111111111111111111111111111111111111111111111111111
000000000000000000000000000000000000000000000000000000000000111111111111111111111111111111111111111111111111111111111111
000000000000000000000000000000000000000000000000000000000000111111111111111111111111111111111111111111111111111111111111
000000000000000000000000000000000000000000000000000000000000111111111111111111111111111111111111111111111111111111111111
000000000000000000000000000000000000000000000000000000000000111111111111111111111111111111111111111111111111111111111111
000000000000000000000000000000000000000000000000000000000000111111111111111111111111111111111111111111111111111111111111
000000000000000000000000000000000000000000000000000000000000111111111111111111111111111111111111111111111111111111111111
000000000000000000000000000000000000000000000000000000000111111111111111111111111111111111111111111111111111111111111111
000000000000000000000000000000000000000000000000111011111111000000001110111111111111111111111111111111111111111111111111
000000000000000000000000000000000000000000000000011111111111000000000000111111111111111111111111111111111111111111111111
000000000000000000000000000000000000000000000000011111111111000000000000111111111111111111111111111111111111111111111111
000000000000000000000000000000000000000000000111111111111111000000000000000111111111111111111111111111111111111111111111
000000000000000000000000000000000000000000001000111111111111000000000000011011111111111111111111111111111111111111111111
000000000000000000000000000000000000000000000101111111111111000000000000111011111111111111111111111111111111111111111111
000000000000000000000000000000000000000000000011011111111111000000000000100111111111111111111111111111111111111111111111
000000000000000000000000000000000000000000000000011111111111000000000000111111111111111111111111111111111111111111111111
000000000000000000000000000000000000000000000000000001101111000010011111111111111111111111111111111111111111111111111111
000000000000000000000000000000000000000000000000000011111111000000001111111111111111111111111111111111111111111111111111
000000000000000000000000000000000000000000000000001111111111000000000011111111111111111111111111111111111111111111111111
000000000000000000000000000000000000000000000000011111111111000000000000111111111111111111111111111111111111111111111111
000000000000000000000000000000000000000000000000111111111111000000000000111111111111111111111111111111111111111111111111
000000000000000000000000000000000000000000000001111111111111000000000000011111111111111111111111111111111111111111111111
000000000000000000000000000000000000000000000001111111111111000000000000001111111111111111111111111111111111111111111111
000000000000000000000000000000000000000000000001111111111111000000000000001111111111111111111111111111111111111111111111
000000000000000000000000000000000000000000000001111111111111000000000000101111111111111111111111111111111111111111111111
000000000000000000000000000000000000000000000000111111111111000000000000111111111111111111111111111111111111111111111111
000000000000000000000000000000000000000000000000011111111111000000000000111111111111111111111111111111111111111111111111
000000000000000000000000000000000000000000000000011111111111000000000000111111111111111111111111111111111111111111111111
000000000000000000000000000000000000000000000000011111111111000000000000111111111111111111111111111111111111111111111111
000000000000000000000000000000000000000000000000010111111111000000000000111111111111111111111111111111111111111111111111
000000000000000000000000000000000000000000000000011111111111000000000000111111111111111111111111111111111111111111111111
000000000000000000000000000000000000000000000000011111111111000000000000111111111111111111111111111111111111111111111111
000000000000000000000000000000000000000000000000111111111111000000000000111111111111111111111111111111111111111111111111
000000000000000000000000000000000000000000000001111111111111000000000000011111111111111111111111111111111111111111111111
000000000000000000000000000000000000000000000011111111111111000000000000001111111111111111111111111111111111111111111111
000000000000000000000000000000000000000000000011111111111111000000000000001111111111111111111111111111111111111111111111
000000000000000000000000000000000000000000001111111111111111000000000000000011111111111111111111111111111111111111111111
