000000000000000000000000000000000011100000011100000000000000000000000000000000000000000000000000000000000000000000000000
000000000000000000000000000000000001111000111000000000000000000000000000000000000000000000000000000000000000000000000000
000000000000000000000000000000000000011110111001111000000000000000010000000000000000000001000000000000000000000000000000
000000000000000000000000000000000111111111111111000000000000000000110000000000000000000001000000000000000000000000000000
000000000000000000000000000000000000011111111000000000000000000000110000000000000000000001100000000000000000000000000000
000000000000000000000000000000000011111111111111111000000000000000110000000000000000111111111111000000000000000000000000
000000000000000000000000000000001111111111111111111100000000000000111000000000000000011111101100000000000000000000000000
000000000000000000000000000000000001111111111111100000000000000000011000000000000000000111100000000000000000000000000000
000000000000000000000000000000000000111111111111000000000000000000011100111111111111000111000000000000000000000000000000
000000000000000000000000000000000011111111111111111000000000000000001111111111111111111110000000000000000000000000000000
000000000000000000000000000000001111111111111111111110000000000000011111111111111111111100000000000000000000000000000000
000000000000000000000000000000011111111111111111111111000000000000111111111111111111111110000000000000000000000000000000
000000000000000000000000000000011111111111111111111111100000000001111111111111111111111110000000000000000000000000000000
000000000000000000000000000000111111111111111111111111100000000000111111111111111111111111000000000000000000000000000000
000000000000000000000000000000111111111111111111111111000000000000011111111111111111111111000000000000000000000000000000
000000000000000000000000000000111111111111111111111110000000000000011111111111111111111111000000000000000000000000000000
000000000000000000000000000000111111111111111111111110000000000000011111111111111111111111000000000000000000000000000000
000000000000000000000000000000111111111111111111111110000000000000011111111111111111111111000000000000000000000000000000
000000000000000000000000000001111111111111111111111110000000000000011111111111111111111111100000000000000000000000000000
000000000000000000000000000001111111111111111111111110000000000000011111111111111111111111100000000000000000000000000000
000000000000000000000000000001111111111111111111111111000111111000111111111111111111111111100000000000000000000000000000
000000000000000000000000000001111111111111111111111011000111111000110111111111111111111111100000000000000000000000000000
000000000000000000000000000011111111111111111111111011000111111000110111111111111111111111110000000000000000000000000000
000000000000000000000000000111111111111111111111111011111111111111110111111111111111111111111000000000000000000000000000
000000000000000000000000000111111111111111111111111111111111111111111111111111111111111111111000000000000000000000000000
000000000000000000000000001111111111111111111111111111111111111111111111111111111111111111111100000000000000000000000000
000000000000000000000000001111111111111111111111111111111111111111111111111111111111111111111100000000000000000000000000
000000000000000000000000001111111111111111111111111111111110011111111111111111111111111111111110000000000000000000000000
000000000000000000000000011111111111111111111111111111111100001111111111111111111111111111111110000000000000000000000000
000000000000000000000000011111111111111111111111111111110000000111111111111111111111111111111110000000000000000000000000
000000000000000000000000011111111111111111111111111110010000000110011111111111111111111111111111000000000000000000000000
000000000000000000000000011111111111111111111111110000001000000100000011111111111111111111111111000000000000000000000000
000000000000000000000000011111111111111111111111000000000000000000000000111111111111111111111011000000000000000000000000
000000000000000000000000001111111111111111111111000000000000000000000000111111111111111111111111100000000000000000000000
000000000000000000000000001111111111111111111101100000000000000000000001001111111111111111111111111111000000000000000000
000000000000000000000000011111111111111111111100000000000000000000000000001111111111111111111111111111111000000000000000
000000000000000000000000111111111111111111111110000000000000000000000000001111111111111111111111111111111110000000000000
000000000000000000000001111111111111111111111110000000000000000000000000001111111111111111111111111111111111000000000000
000000000000000000000001111111111111111111111111000000000000000000000000001111111111111111111111111111111111100000000000
000000000000000000000011111111111111111111111111100000000000000000000000011111111111111111111111111111111111110000000000
