000000000000000000000000000000000000000000000000000000000000000000000000000000000000000000000000000000000000000000000000
000000000000000000000000000001000000000000000000000000000000000000000000000000000000000000000000000000000000000000000000
000000000000000000000000001111100000000000000000000000000000000000000000000000000000000000000000000000000000000000000000
000000000000000000000000111111110000000000000000000000000000000000000000000000000000000000000000000000000000000000000000
000000000000011111111111111111110000000000000000000000000000000000000000000000000000000000000000000000000000000000000000
000000000111111111111111111111111111000000000000000000000000000000000000000000000000000000000000000000000000000000000000
000000011111111111111111111111111111111000000000000000000000000000000000000000000000000000000000000000000000000000000000
000000111111111111111111111111111111111110000000000000000000000000000000000000000000000000000000000000000000000000000000
000001111111111111111111111111111111111111100000000000000000000000000000000000000000000000000000000000000000000000000000
000011111111111111111111111111111111111111110000000000000000000000000000000000000000000000000000000000000000000000000000
000011111111111111111111111111111111111111110000000000000000000000000000000000000000000000000000000000000000000000000000
000011111111111111111111111111111111111111111000000000000000000010000000000000000000000000000000000000000000000000000000
111111111111111111111111111111111111111111111000000000000000011110000000000000000000000000000000000000000000000000000000
111111111111111111111111111111111111111111110000000000000000001000000000000000000000000000000000000000000000000000000000
111111111111111111111111111111111111111111110000000000000000000000000000000000000000000000000000000000000000000000000000
111111111111111111111111111111111111111111110000000000000000011110000000000000000000000000000000000000000000000000000000
000111111111111111111111111111111111111111111000000000000000011100000000000000000000000000000000000000000000000000000000
000111111111111111111111111111111111111111110000000000000000000000000000000000000000000000000000000000000000000000000000
001111111111111111111111111111111111111111110000000000000000000000000000000000000000000000000000000000000000000000000000
011111111111111111111111111111111111111111110000000000000000000000000000000000000000000000000000000000000000000000000000
111111111111111111111111111111111111111111110000000000000000000000000000000000000000000000000000000000000000000000000000
111111111111111111111111111111111111111111111000000000000000000000000000000000000000000000000000000000000000000000000000
111111111111111111111111111111111111111111111000000000000000000000000000000000000000000000000000000000000000000000000000
111111111111111111111111111111111111111111111000000000000000000000000000000000000000000000000000000000000000000000000000
111111111111111111111111111111111111111111111100000000000000000000000000000000000000000000000000000000000000000000000000
000111100001111111111111111111111111111111111110000000000000000000000000000000000000000000000000000000000000000000000000
000000001111111111111111111111111111111111110001000000000111111111111111111110000000000000000000000000000000000000000000
000111111111111111111111111111111111111111100000001111111111111111111111111111111110000000000000000000000000000000000000
011111111111111111111111111111111111111111110011111111111111111111111111111111111111111000000000000000000000000000000000
011111111111111111111111111111111111111111111111111111111111111111111111111111111111111111000000000000000000000000000001
011111111111111111111111111111111111111111111111111111111111111111111111111111111111111111111000000000000000000000000000
011111111111111111111111111111111111111111111111111111111111111111111111111111111111111111111110000000000000000000000000
011111111111111111111111111111111111111111111111111111111111111111111111111111111111111111111111100000000000000000000000
111111111111111111111111111111111111111111111111111111111111111111111111111111111111111111111111111000000000000000000000
111111111111111111111111111111111111111111111111111111111111111111111111111111111111111111111111111100000000000000000000
111111111111111111111111111111111111111111111111111111111111111111111111111111111111111111111111111110000000000000000000
111111111111111111111111111111111111111111111111111111111111111111111111111111111111111111111111111111000000000000000000
111111111111111111111111111111111111111111101111111111111111111111111111111111111111111111111111111111100000000000000000
111111111111111111111111111111111111111111100111111111111111111111111111111111111111111111111111111111100000000000000000
111111111111111111111111111111111111111111101111111111111111111111111111111111111111111111111111100000000000000000000000
