000000000000000000000000000000000000000000000000000000000000000000000000000000000000000000000000000000000000000000000000
000000000000000000000000000000000000000000001111111111111111000000000000000000000000000000000000000000000000000000000000
000000000000000000000000000000000000000000011111111111111111110000000000000000000000000000000000000000000000000000000000
000000000000000000000000000000000000000011111111111111111111111111100000000000000000000000000000000000000000000000000000
000000000000000000000000000000000000001111111111111111111111111111100000000000000000000000000000000000000000000000000000
000000000000000000000000000000000000111111111111111111111111111111110000000000000000000000000000000000000000000000000000
000000000000000000000000000000000011111111111111111111111111111111111000000000000000000000000000000000000000000000000000
000000000000000000000000000000000111111111111111111111111111111111111100001000000001000000000000000000000000000000000000
000000000000000000000000000000011111111111111111111111111111111111111111000000000010001100000000000000000000000000000000
000000000000000000000000000000111111111111111111111111111111111111110110000000000111000000000000000000000000000000000000
000000000000000000000000000111111111111111111111111111111111111111100110000000001000000000001000000000000000000000000000
000000000000000000000000011111111111111111111111111111111111111111111101000001100000000000011010100000000000000000000000
000000000000000000000011111111111111111111111111111111111111111111111011111111100000000000111000000100000000000000000000
000000000000000000001111111111111111111111111111111111111111111101110001110001000000000001100000010100000000000000000000
000000000000000000011111111111111111111111111111111111111111111111101111100010000000001110000000011100000000001000000000
000000000000000000111111111111111111111111111111111111111111100001111110000010000111111000000010001100000000110000000100
000000000000000000111111111111111111111111111111111111111111100001111100000111110000000000000001001111100001000001110000
000000000000000000111111111111111111111111111111111111111111100001111000011100000000000000000001111110011111000111000000
000000000000000000011111111111111111111111111111111111111111111100111111110000000000000000001100011111011111110000001000
000000000000000011111111111111111111111111111111111111111111111111111110000000000011011111100111010111111111111111100000
000000000000011111111111111111111111111111111111111111111111111111111111100001111110011101101111011111110000000000100000
000000000001111111111111111111111111111111111111111111111111111111111111111110100000000001110111111000000000000000000000
000000000001111111111111111111111111111111111111111111111111111111111111111000001000000011111110000000000000000000000000
000000000011111111111111111111111111111111111111111111111111111111111111111100001100011101110000011110000000000000000000
000000000111111111111111111111111111111111111111111111111111111111110011111100001111000111000011111111000000000000000000
000000000001111111111111111111111111111111111111111111111111111111111111111111100100011100111111111111000000000000000000
000000000000111111111111111111111111111111111111111111111111111111111111111111001111110000111111111111000000000000000000
000000000000111111111111111111111111111111111111111111111111111111100111111111011100000000000000111111100000000000000000
000000000000011111111111111111111111111111111111111111111111111111100011111111100011000000000000111111110000000000000000
000000000000000111111111111111111111111111111111111111111111111111100011111100011100000000000000111111111100000000000000
000000000000000001111111111111111111111111111111111111111111000000011111111000000110000000000000011111111000000000000000
000000000000000000000000001111111111111111111111111111111110000000000111111000000000000000000000011111111000000000000000
000000000000000000000000000001110011000000000111000000000000000000000111111000000000000000000000011111101100000000000000
000000000000000000000000000000000000000000000000000000000000000000001111111000000000000000000000111111110011000000000000
000000000000000000000000000000000000000000000000000000000000000000011111111000000000000000000001111111110000000000000000
000000000000000000000000000000000000000000000000000000000000000000111111111000000000000000000001111111111000000000000000
000000000000000000000000000000000000000000000000000000000000000000111111111100000000000000000000111111111100000000000000
000000000000000000000000000000000000000000000000000000000000000000111111111000000000000000000000000111000000000000000000
000000000000000000000000000000000000000000000000000000000000000001111111111000000000000000000000000111000000000000000000
000000000000000000000000000000000000000000000000000000000000000001111111111000000000000000000000000011100000000000000000
