000000000000000000000000000000000000000000000000000000000000000000000000000000000000000000000000000000000000000000000000
000000000000000000000000000000000000000000000000000000000000000000000000000000000000000000000000000000000000000000000000
000000000000000000000000000000000000000000000000000000000000000000000000000000000000000000000000000000000000000000000000
000000000000000000000000000000000000000000000000000000000000000000000000000000000000000000000000000000000000000000000000
000000000000000000000000000000000000000000000000000000000000000000000000000000000000000000000000000000000000000000000000
000000000000000000000000000000000000000000000000000000000000000000000000000000000000000000000000000000000000000000000000
000000000000000000000000000000000000000000000000000000000000000000000000000000000000000000000000000000000000000000000000
000000000000000000000000000000000000000000000000000000000000000000000000000000000000000000000000000000000000000000000000
000000000000000000000000000000000000000000000000000000000000000000000000000000000000000000000000000000000000000000000000
000000000000000000000000000000000000000000000000000000000000000000000000000000000000000000000000000000000000000000000000
000000000000000000000000000000000000000000000000000000011011111110010000000000000000000000000000000000000000000000000000
000000000000000000000000000000000000000000000000000000111111111111111100000000000000000000000000000000000000000000000000
000000000000000000000000000000000000000000000000000001111111111111111110000000000000000000000000000000000000000000000000
000000000000000000000000000000000000000000000000000001111111111111111111000000000000000000000000000000000000000000000000
000000000000000000000000000000000000000000000000000001111111111111111111000000000000000000000000000000000000000000000000
000000000000000000000000000000000000000000000000000000111111111111111111000000000000000000000000000000000000000000000000
000000000000000000000000000000000000000000000000000000011111111111111111000000000000000000000000000000000000000000000000
000000000000000000000000000000000000000000000000000000011111111111111111000000000000000000000000000000000000000000000000
000000000000000000000000000000000000000000000000000000001001111111111100000000000000000000000000000000000000000000000000
000000000000000000000000000000000000000000000000100000001111111111110000000000000000000000000000000000000000000000000000
000000000000000000000000000000000000000000011111111111111111111111111110000000000000000000000000000000000000000000000000
000000000000000000000000000000000000000001111111111111111111111111111111000000000000000000000000000000000000000000000000
000000000000000000000000000000000000000001111111111111111111111111111111000000000000000000000000000000000000000000000000
000000000000000000000000000000000000000011111111111111111111111111111111000000000000000000000000000000000000000000000000
000000000000000000000000000000000000000011111000000111111111111111111100000000000000000000000000000000000000000000000000
000000000000000000000000000000000000000000000000000111111111111111100000000000000000000000000000000000000000000000000000
000000000000000000000000000000000000000000000000111111111111111111100000000000000000000000000000000000000000000000000000
000000000000000000000000000000000000000010000011111111111111111111000000000000000000000000000000000000000000000000000000
000000000000000000000000000000000000000111111111111111111111111111000000000000000000000000000000000000000000000000000000
000000000000000000000000000000000000000000000000001111111111111111100000000000000000000000000000000000000000000000000000
000000000000000000000000000000000000000000000000001111111111111111111111100000000000000000000000000000000000000000000000
000000000000000000000000000000000000000000000000011111111111111111111111111000000000000000000000000000000000000000000000
000000000000000000000000000000000000000000000000111111111111111111111111111000000000000000000000000000000000000000000000
000000000000000000000000000000000000000000000000111111111111111111111111100000000000000000000000000000000000000000000000
000000000000000000000000000000000000000000000001111111111111111111111110000000000000000000000000000000000000000000000000
000000000000000000000000000000000000000000000011111111111111111111111110000000000000000000000000000000000000000000000000
000000000000000000000000000000000000000000000111111111111111111111111111100000000000000000000000000000000000000000000000
000000000000000000000000000000000000000000000111111111111111111111111111110000000000000000000000000000000000000000000000
000000000000000000000000000000000000000000011111111111111111111111111111111100000000000000000000000000000000000000000000
000000000000000000000000000000000000000001111111111111111111111111111111100111000000000000000000000000000000000000000000
