000000000000000000000000000000000000000000000000000000000000000000000000000000000000000000000000000000000000000000000000
000000000000000000000000000000000000000000000000000000000000000000000000000000000000000000000000000000000000000000000000
000000000000000000000000000000000000000000000000000000000000000000111111111111111110000000000000000000000000000000000000
000000000000000000000000000000000000000000000000000000000000001111111111111111111111110000000000000000000000000000000000
000000000000000000000000000000000000000000000000000000000000111111111111111111111111111100000000000000000000000000000000
000000000000000000000000000000000000000000000000000000000011111111111111111111111111111110000000000000000000000000000000
000000000000000000000000000000000000000000000000000000001111111111111111111111111111111111000000000000000000000000000000
000000000000000000000000000000000000000000000000000000000111111111111111111111111111111111000000000000000000000000000000
000000000000000000000000000000000000000000000000000000000111111111111111111111111111111111000000000000000000000000000000
000000000000000000000000000000000000000000000000000000011111111111111111111111111111111111000000000000000000000000000000
000000000000000000000000000000000000000000000000000001111111111111111111111111111111111111000000000000000000000000000000
000000000000000000000000000000000000000000000000001111111111111111111111111111111111111111100000000000000000000000000000
000000000000000000000000000000000000000000000000000111000111111111111111111111111111111111111100000000000000000000000000
000000000000000000000000000000000000000000000000000000000011111111111111111111111111111111000100000000000000000000000000
000000000000000000000000000000000000000000000000000000000000000111111111111111111111111111000000000000000000000000000000
000000000000000000000000111100000000000000000000000000000000000111111111111111111111111010000000000000000000000000000000
000000000000000000001111111111100000000000000000000000000000000011111111111111111111001000000000000000000000000000000000
000000000000000111111111000011111000000000000000000000000000000000001111111111111000000000000000000000000000000000000000
000000001111111111111100000000111111000000000000000000000000000000000111111111111000000000000000000000000000000000000000
111111111111111000011111000000001111110000000000000000000000000000011111111111111111111000000000000000000000000000000000
111111111000000000111111100000011111111100000000000000000000000011111111111111111111111100000000000000000000000000000001
000001111100000001111111110000111111110111000000000000000000001111111111111111111111111110000000000000000000000000000111
000011111110000000111111110000111111111011110000000000000000011111111111111111111111111111000000000000000000000001111110
000111111111000000011111110000111111110000111110000000000000111111111111111111111111111111110111111111111111111111111100
000011111111000000001111110000011111110000111111111100000001111111111111111111111111111111111111111111111110000001111111
000001111111000000000111110000001111110001111111000111111111111111111111111111111111111111111111000000011111100001111111
000000111111000000000011110000000111110001111111100001111100111111111111111111111111111111111111100000111111110001111111
000000011111000000000001110000000011110011111111100011111110111111111111111111111111111111111111100000111111110000111111
000000001111000000000000100000000001110001111111100011111111011111111111111111111111111111111111100000011111100000111110
000000000110000000000000000000000000110000111111100011111111011111111111111111111111111111111111100000011111100000011110
000000000010000000000000000000000000000000011111000001111111011111111111111111111111111111101111000000001111000000011100
000000000000000000000000000000000000000000001111000000111111011111111111111111111111111111101111000000000111000000001000
000000000000000000000000000000000000000000000111000000111111111111111111111111111111111111110111000000000110000000000000
000000000000000000000000000000000000000000000011000000011110111111111111111111111111111111110010000000000000000000000000
000000000000000000000000000000000000000000000001000000001110111111111111111111111111111111110000000000000000000000000000
000000000000000000000000000000000000000000000000000000000111111111111111111111111111111111110000000000000000000000000000
000000000000000000000000000000000000000000000000000000000011111111111111111111111111111111110000000000000000000000000000
000000000000000000000000000000000000000000000000000000000011111111111111111111111111111111110000000000000000000000000000
000000000000000000000000000000000000000000000000000000000011111111111111111111111111111111110000000000000000000000000000
000000000000000000000000000000000000000000000000000000000111111111111111111111111111111111110000000000000000000000000000
