111111111111111100000000000000000000000000000000000000000000000000000000000000000000000000000000000000001111111111000000
111111111111110000000000000000000000000000000000000000000000000000000000000000000000000000000000000000000011111111100000
111111111111000000000000000000000000000000000000000000000000000000000000000000000000000000000000000000000000111111110000
111111111100000000000000000000000000000000000000000000000000000000000000000000000000000000000000000000000000001111110000
111111111000000000000000000000000000000000000000000000000000000000000000000000000000000000000000000000000000000111111000
111111100000000000000000000000000000000000000000000000000000000000000000000000000000000000000000000000000000000001111100
111111000000000000000000000000000000000000000000000000000000000000000000000000000000000000000000000000000000000000111100
111110000000000000000000000000000000000000000000000000000000000000000000000000000000000000000000000000000000000000011110
111000000000000000000000011111111100000000000000000000000000000000000000000000000000000000000000000000000000000000001110
111000000000000001111111111111111111111111000000000000000000000000000000000000000000000000000000000000000000000000000111
110000000000011111111111111111111111111111111100000000000000000000000000000000000000000000000000000000000000000000000011
100000000011111111111111111111111111111111111111100000000000000000000000000000000000000000000000000000000000000000000001
000000011111111111111111111111111111111111111111111000000000000000000000000000000000000000000000000000000000000000000000
000001111111111111111111111111111111111111111111111110000000000000000000000000000000000000000000000000000000000000000000
000011111111111111111111111111111111111111111111111111100000000000000000000000000000000000000000000000000000000000000000
001111111111111111111111111111111111111111111111111111110000000000000000000000000000001111111000000000000000000000000000
011111111111111111111111111111111111111111111111111111111000000000000000000000000001111111111111000000000000000000000000
111111111111111111111111111111111111111111111111111111111100000000000000000000000011111111111111000000000000000000000000
111111111111111111111111111000000011111111111111111111111110000000000000000000000011111111111111100000000000000000000000
111111111111111111111111000000000000011111111111111111111111000000000000000000000001111111111111000000000000000000000000
111111111111111111111110000000000000001111111111111111111111000000000000000000000000111111111110000000000000000000000000
111111111111111111111110000000000000000111111111111111111111000000000000000000000000000000000000000000000000000000000000
111111111111111111111110000000000000000111111111111111111111100000000000000000000000000000000000000000000000000000000000
111111111111111111111110000000000000001111111111111111111111110000000000000000000000000000000000000000000000000000000000
111111111111111111111111100000000000111111111111111111111111111000000000000000000000000000000000000000000000000000000001
111111111111111111111111111110001111111111111111111111111111111100000000000000000000000000000000000000000000000000000111
111111111111111111111111111111111111111111111111111111111111111111000000000000000000000000000000000000000000000000001111
111111111111111111111111111111111111111111111111111111111111111111110000000000000000000000000000000000000000000000111111
011111111111111111111111111111111111111111111111111111111111111111111100000000000000000000000000000000000000000011111110
001111111111111111111111111111111111111111111111111111111111111111111111100000000000000000000000000000000000011111111100
001111111111111111111111111111111111111111111111111111111111111111111111111100000000000000000000000000000111111111111000
000111111111111111111111111111111111111111111111111111111111111111111111111111111000000000000000000111111111111111110000
100011111111111111111111111111111111111111111111111111111111111111111111111111111111111111111111111111111111111111100000
100000111111111111111111111111111111111111111111111111111111111111111111111111111111111111111111111111111111111111000000
110000011111111111111111111111111111111111111111111111111111111111111111111111111111111111111111111111111111111110000000
110000001111111111111111111111111111111111111111111111111111111111111111111111111111111111111111111111111111111100000000
111000000011111111111111111111111111111111111111111111111111111111111111111111111111111111111111111111111111110000000000
111100000000111111111111111111111111111111111111111111111111111111111111111111111111111111111111111111111111000000000000
111110000000001111111111111111111111111111111111111111111111111111111111111111111111111111111111111111111100000000000000
111110000000000011111111111111111111111111111111111111111111111111111111111111111111111111111111111111110000000000000000
