000000000000000000000000000000000000000000000000000000000000000000000000000000000000000000000000000000000000000000000000
000000000000000000000000000000000000000000000000000000000000000000000000000000000000000000000000000000000000000000000000
000000000000000000000000000000000000000000000000000000000000000000000000000000000000000000000000000000000000000000000000
000000000000000000000000000000000000000000000000000000000000000000000000000000000000000000000000000000000000000000000000
000000000000000000000000000000000000000000000000000000000000000000000000000000000000000000000000000000000000000000000000
000000000000000000000000000000000000000000000000000000000000000000000000000000000000000000000000000000000000000000000000
000000000000000000000000000000000000000000000000000000000000000000000000000000000000000000000000000000000000000000000000
000000000000000000000000000000000000000000000000000000000000000000000000000000000000000000000000000000000000000000000000
000000000000000000000000000000000000000000000000000000000000000000000000000000000000000000000000000000000000000000000000
000000000000000000000000000000000000000000000000000000000000000000000000000111000000000000000000000000000000000000000000
000000000000000000000000000000000000000000000000000000000000000000000000001111100000000000000000000000000000000000000000
000000000000000000000000000000000000000000000000000000000000000000000001111111100000000000000000000000000000000000000000
000000000000000000000000000000000000000000000000000000000000000000000111111111111111000000000000000000000000000000000000
000000000000000000000000000000000000000000000000000000000000000000000000011111111100000000000000000000000000000000000000
000000000000000000000000000000000000000000000000000000000000000000000000011111111110000000000000000000000000000000000000
000000000000000000000000000000000000000000000000000000000000000000000000111111110000000000000000000000000000000000000000
000000000000000000000000000000000000000000000000000000000000000000000000011111111111100000000000000000000000000000000000
000000000000000000000000000000000000000000000000000000000000000000000000001111111111000000000000000000000000000000000000
000000000000000000000000000000000000000000000000000000000000000000000000001111111111111111110000000000000000000000000000
000000000000000000000000000000000000000000000000000000000000000000000000111111111111111111111100000000000000000000000000
000000000000000000000000000000000000000000000000000000000000000000000011111111111111111111111100000000000000000000000000
000000000000000000000000000000000000000000000000000000000000000000001111111111111111111111111100000000000000000000000000
000000000000000000000000000000000000000000000000000000000000000000000000111111001111111111111110000000000000000000000000
000000000000010000000000000000000000000000000000000000000000000000000000001110000111011110100000000000000000000000000000
000000000001111100000000000000000000000000000000000000000000000000000000000000000110000000000000000000000000000000000000
000000000001111100000000000000000000000000000000000000000000000000000000000000000000000000000000000000000000000000000000
000000000111111110000000000000000000000000000000000000000000000000000000000000000000000000000000000000000000000000000000
000000111111111111110000000000000000000000000000011000000000000000000000000000000000000000000000000000000000000000000000
000000111111111111110001110000000000000000000000111110000000000000000000000000000000000000000000000000000000000000000000
000000111111111111110011111000000000000000000000111110000000000000000000000000000000000000000000000000000000000000000000
000000111111111111110011111100000000000000000000111110000000000000000000000000000000000000000000000000000000000000000000
000001111111111111111111111111111111111111110000111110000000000000000000000000000000000000000000000000000000000000000000
111111111111111111111111111111111111111111111110111110000000000000000000000000000000000000000000000000000000000000000000
111111111111111111111111111111111111111111111111111110000000000000000000000000000000000000000000000000000000000000000000
111111111111111111111111111111111111111111111111111110000000000000000000000000000000000000000000000000000000000000000000
111111111111111111111111111111111111111111111111111110000000000000000000000000000000000000000000000000000000000000000000
111111111111111111111111111111111111111111111111111110000000000000000000000000000000000000000000000000000000000000000000
111111111111111111111111111111111111111111111111111110000000000000000000000000000000000000000000000000000000000000000000
111111111111111111111111111111111111111111111111111110000000000000000000000000000000000000000000000000000000000000000000
111111111111111111111111111111111111111111111111111110000000000000000000000000000000000000000000000000000000000000000000
