000000000000000000000000000000000000000011000111111111111111111111111111111111111111111111111111111111111111111111111100
000000000000000000000000000000000000000011111111111111111111111111111111111111111111111111111111111111111111111111111110
000000000000000000000000000000000000000001111001111111111111111111111111111111111111111111111111111111111111111111111111
000000000000000000000000000000000000000000011111000111111111111111111111111111111111111111111111111111111111111111111111
000000000000000000000000000000000000000000000010111100111111111111111111111111111111111111111111111111111111111111111111
000000000000000000000000000000000000000000000001000000001111111111111111111111111111111111111111111111111111111111111111
000000000000000000000000000000000000000000000000110000001111111111111111111111111111111111111111111111111111111111111111
000000000000000000000000000000000000000000000000000111100011111111111111111111111111111111111111111111111111111111111111
000000000000000000000000000000000000000000000000000000000001111111111111111111111111111111111111111111111111111111111111
000000000000000000000000000000000000000000000000000001111111111111111111111111111111111111111111111111111111111111111110
000000000000000000000000000000000000000000000000000110000011111111111111111111111111111111111111111111111111111111111100
000000000000000000000000000000000000000000000000011111111111111111111111111111111111111111111111111111111111111111111100
000000000000000000000000000000000000000000000000000111111111111111111111111111111111111111111111111111111111111111111111
000000000000000000000000000000000000000000000000000011111111111111111111111111111111111111111111111111111111111111111111
000000000000000000000000000000000000000000000000000000111111111111111111111111111111111111111111111111111111111111111111
000000000000000000000000000000000000000000000000000000000011111111111111111111111111111111111111111111111111111111111111
000000000000000000000000000000000000000000000000000000000001111111111111111111111111110111111111111111111111111111111111
000000000000000000000000000000000000000000000000000000000000111111111111111111111111110000011111111111111111111111111111
000000000000000000000000000000000000000000000000000000000000111111111111111111111111110000000111111111111111111111111111
000000000000000000000000000000000000000000100100000000000000111011111111111111111111111000000011111111111111111111111111
000000000000000000000000000000001111111111111111111111100000111011111111111111111111110000000000001111111111111111111111
000000000000000000000000000000011111111111111111111111111111111111111111111111111111110000000000000101111111111111111111
000000000000000000000000000000000111111111111111111111111111111111111111111111111111111000000000000010110001111111111111
000000000000000000000000000000000001111111111111111111111111111111111111111111111111111000000000000001011100000111111111
000000000000000000000000000000000000111111111111111111111111111111111111111111111111111000000000000000110111000001111111
000000000000000000000000000000000000001111111111111111111111111111111111111111111111111000000000000000000111111000001111
000000000000000000000000000000000000000011111111111111111111111111111111111111111111111000000000000000000000001111111111
000000000000000000000000000000000000000000111111111111111111111111111111111111111111111000000000000000000000000000000001
000000000000000000000000000000000000000000011111111111111111111111111111111111111111111000000000000000000000000000000000
000000000000000000000000000000000000000000000111111111111111111111111111111111111111111000000000000000000000000000000000
000000000000000000000000000000000000000000001111111111111111111111111111111111111111111000000000000000000000000000000000
000000000000000000000000000000000000000000011111111111111111111111111111111111111111111000000000000000000000000000000000
000000000000000000000000000000000000000000011111111111111111111111111111111111111111111100000000000000000000000000000000
000000000000000000000000000000000000000000001111111111111111111111111111111111111111111100000000000000000000000000000000
000000000000000000000000000000000000000000000111111111111111111111111111111111111111111110000000000000000000000000000000
000000000000000000000000000000000000000000000111111111111111111111111111111111111111111110000000000000000000000000000000
000000000000000000000000000000000000000000011111111111111111111111111111111111111111111111000000000000000000000000000000
000000000000000000000000000000000000000000011110000001111111111111111111111111111111111111000000000000000000000000000000
000000000000000000000000000000000000000000000000000001111111111111111111111111111111111111100000000000000000000000000000
000000000000000000000000000000000000000000000000000001111111111111111111111111111111111111110000000000000000000000000000
