111111111111111111111111100000000000000000000000000011111111111111111111111111111111111111111111110000000000000000000000
111111111111111111111111110000000000000000000000000011111111111111111111111111111111111111111111110000000000000000000000
111111111111111111111111111000000000000000000000000001111111111111111111111111111111111111111111110000000000000000000000
111111111111111111111111111100000000000000000000000001111111111111111111111111111111111111111111110000000000000000000000
111111111111111111111111111100000000000000000000000011111111111111111111111111111111111111111111110000000000000000000000
111111111111111111111111111100000000000000000000000111111111111111111111111111111111111111111111110000000000000000000000
111111111111111111111111111110000000000000000000000111111111111111111111111111111111111111111111110000000000000000000000
111111111111111111111111111110000000000000000000000111111111111111111111111111111111111111111111110000000000000000000000
111111111111111111111111111110000000000000000000000000011111111111111111111111111111111111111111110000000000000000000000
111111111111111111111111111110000000000000000000000000001111111111111111111111111111111111111111110000000000000000000000
111111111111111111111111111111000000000000000000000000000111111111111111111111111111111111111111110000000000000000000000
111111111111111111111111111111000000000000000000000000001111111111111111111111111111111111111111110000000000000000000000
111111111111111111111111111111000000000000000000000000001111111111111111111111111111111111111111110000000000000000000000
111111111111111111111111111110000000000000000000000000011100001111111111111111111111111111111111110000000000000000000000
111111111111111111111111111000000000000000000000000000111000011111111111111111111111111111111111110000000000000000000000
111111111111111111111111111000000000000000000000000000000000011111111111111111111111111111111111110000000000000000000000
111111111111111111111111110000000000000000000000000000000000011111111111111111111111111111111111110000000000000000000000
111111111111111111111111100000000000000000000000000000000000001111111111111111111111111111111111110000000000000000000000
111111111111111111111111000000100000000000000000000000000000011111111111111111111111111111111111110000000000000000000000
111111111111111111111110000001100000000000000000000000000001111111111111111111111111111111111111110000000000000000000000
111111111111111111111110000001100000000000000111111111111111111111111111111111111111111111111111110000000000000000000000
111111111111111111111100000011110000000011111111111111111111111111111111111111111111111111111111110000000000000000000000
111111111111111111111100000011111110011111111111111111111111111111111111111111111111111111111111110000000000000000000000
111111111111111111111000000111111111111111111111111111111111111111111111111111111111111111111111110000000000000000000000
111111111111111111111100000111111111111111111111111111111111111111111111111111111111111111111111110000000000000000000000
111111111111111111111100000011111111111111111111111111111111111111111111111111111111111111111111110000000000000000000000
111111111111111111111100000011111111111111111111111111111111111111111111111111111111111111111111110000000000000000000000
111111111111111111111111001011111111111111111111111111111111111111111111111111111111111111111111110000000000000000000000
111111111111111111111111111111111111111111111111111111111111111111111111111111111111111111111111110000000000000000000000
111111111111111111111111111111111111111111111111111111111111111111111111111111111111111111111111110000000000000000000000
111111111111111111111111111111111111111111111111111111111111111111111111111111111111111111111111110000000000000000000000
111111111111111111111111111111111111111111111111111111111111111111111111111111111111111111111111110000000000000000000000
111111111111111111111111111111111111111111111111111111111111111111111111111111111111111111111111110000000000000000000000
111111111111111111111111111111111111111111111111111111111111111111111111111111111111111111111111110000000000000000000000
111111111111111111111111111111111111111111111111111111111111111111111111111111111111111111111111110000000000000000000000
111111111111111111111111111111111111111111111111111111111111111111111111111111111111111111111111110000000000000000000000
111111111111111111111111111111111111111111111111111111111111111111111111111111111111111111111111110000000000000000000000
111111111111111111111111111111111111111111111111111111111111111111111111111111111111111111111111110000000000000000000000
111111111111111111111111111111111111111111111111111111111111111111111111111111111111111111111111110000000000000000000000
111111111111111111111111111111111111111111111111111111111111111111111111111111111111111111111111110000000000000000000000
