111111111111111111000000000000000000000000000000000000000000000000000000000000000000000000111111111111000000000000000000
111111111111111100000000000000000000000000000000000000000000000000000000000000000000000000011111111111110000000000000000
111111111111110000000000000000000000000000000000000000000000000000000000000000000000000000001111111111111100000000000000
111111111111000000000000000000000000000000000000000000000000000000000000000000000000000000001111111111111111000000000000
111111111110000000000000000000000000000000000000000000000001111111000000000000000000000000000111111111111111100000000000
111111111000000000000000000000000000000000000000000000000111111111111000000000000000000000000111111111111111111000000000
111111110000000000000000000000000000000000000000000000001111111111111100000000000000000000000111111111111111111100000000
111111100000000000000000000000000000000000000000000000001111111111111100000000000000000000000111111111111111111111000000
111111000000000000000000000000000000000000000000000000001111111111111000000000000000000000000111111111111111111111100000
111110000000000000000000000000000000000000000000000000000011111111100000000000000000000000001111111111111111111111110000
111100000000000000000000000000000000000000000000000000000000000000000000000000000000000000001111111111111111111111111000
111000000000000000000000000000000000000000000000000000000000000000000000000000000000000000011111111111111111111111111000
110000000000000000000000000000000000000000000000000000000000000000000000000000000000000000111111111111111111111111111100
100000000000000000000000000000000000000000000000000000000000000000000000000000000000000001111111111111111111111111111110
100000000000000000000000000000000000000000000000000000000000000000000000000000000000000011111111111111111111111111111110
100000000000000000000000000000000000000000000000000000000000000000000000000000000000001111111111111111111111111111111111
000000000000000000000000000000000000000000000000000000000000000000000000000000000001111111111111111111111111111111111111
000000000000000000000000000000000000000000000000000000000000000000000000000000000111111111111111111111111111111111111111
000000000000000000000000000000000000000000000000000000000000000000000000000001111111111111111111111111111111111111111111
000000000000000000000000000000000000000000000000000000000000000000000000111111111111111111111111111111111111111111111111
000000000000000000000000000000000000000000000000001111111111111111111111111111111111111111111111111111111111111111111111
000000000000000000000000000000000000000000001111111111111111111111111111111111111111111111111111111111111111111111111111
000000000000000000000000000000000000000011111111111111111111111111111111111111111111111111111111111111111111111111111111
000000000000000000000000000000000000001111111111111111111111111111111111111111111111111111111111111111111111111111111111
000000000000000000000000000000000001111111111111111111111111111111111111111111111111111111111111111111111111111111111111
100000000000000000000000000000000011111111111111111111111111111111111111111111111111111111111111111111111111111111111110
100000000000000000000000000000001111111111111111111111111111111111111111111111111111111111111111111111111111111111111110
110000000000000000000000000000011111111111111111111111111111111111111111111111111111111111111111111111111111111111111100
111000000000000000000000000000111111111111111111111111111111111111111111111111111111111111111111111111111111111111111100
111100000000000000000000000001111111111111111111111111110001111111111111111111111111111111111111111111111111111111111000
111100000000000000000000000011111111111111111111111100000000000111111111111111111111111111111111111111111111111111110000
111110000000000000000000000011111111111111111111110000000000000001111111111111111111111111111111111111111111111111100000
111111000000000000000000000011111111111111111111110000000000000000111111111111111111111111111111111111111111111111000000
111111110000000000000000000011111111111111111111110000000000000000111111111111111111111111111111111111111111111110000000
111111111000000000000000000011111111111111111111110000000000000001111111111111111111111111111111111111111111111000000000
111111111110000000000000000011111111111111111111111100000000000111111111111111111111111111111111111111111111110000000000
111111111111000000000000000001111111111111111111111111111111111111111111111111111111111111111111111111111111000000000000
111111111111110000000000000001111111111111111111111111111111111111111111111111111111111111111111111111111100000000000000
111111111111111100000000000000111111111111111111111111111111111111111111111111111111111111111111111111110000000000000000
111111111111111111000000000000011111111111111111111111111111111111111111111111111111111111111111111111000000000000000000
