111111111111111111111111111111111111111111111111111111111111111111111111111111111111111111111111111111111111111111111111
111111111111111111111111111111111111111111111111111111111111111111111111111111111111111111111111111111111111111111111111
111111111111111111111111111111111111111111111111111111111111111111111111111111111111111111111111111111111111111111111111
111111111111111111111111111111111111111111111111111111111111111111111111111111111111111111111111111111111111111111111111
111111111111111111111111111111111111111111111111111111111111111111111111111111111111111111111111111111111111111111111111
111111111111111111111111111111111111111111111111111100000000000011111111111111111111111111111111111111111111111111111111
111111111111111111111111111111111111111111111111100000000000000000000011111111111111111111111111111111111111111111111111
111111111111111111111111111111111111111111111110000000000000000000000000111000011111111111111111111111111111111111111111
111111111111111111111111111111111111111111111110000000000000000000000000000000011111111111111111111111111111111111111111
111111111111111111111111111111111111111111111100000000000000000000000000000000001111111111111111111111111111111111111111
111111111111111111111111111111111111111111111100000000000000000000000000000000000111111111111111111111111111111111111111
111111111111111111111111111111111111111111111000000000000000000000000000000000000011111111111111111111111111111111111111
111111111111111111111111111111111111111111000000000000000000000000000000000000111111111111111111111111111111111111111111
111111111111111111111111111111111111111111000000000000000000000000000000001101111111111111111111111111111111111111111111
111111111111111111111111111111111111111111110100000000000000000000000000000111111111111111111111111111111111111111111111
111111111111111111111111111111111111111111111100000000000000000000000000111111111111111111111111111111111111111111111111
111111111111111111111111111111111111111111111000000000000000000000000001111111111111111111111111111111111111111111111111
111111111111111111111111111111111111111111111000000000000000000000000000111111111111111111111111111111111111111111111111
111111111111111111111111111111111111111111111111100000000000000000000001111111111111111111111111111111111111111111111111
111111111011111111111111111111111111111111111111111111000000001101011111111111111111111111111111111111111111111111111111
111111100001111111111111111111111111111111111111100000000000000011111111111111111111111111111111111111111111111111111111
111110000000000011111111111111111111111111110000000000000000000000000001111111111111111111111111111111111111111111111111
111000000000000000011111111111111111111111100000000000000000000000000000011111111111111111111111110011111111111111111111
100000000000000000000011111111111111111111000000000000000000000000000000000111111111111111110000000000111111111111111111
000000000000000000000000001111111111111110000000000000000000000000000000000011111111111100000000000000011111111111111111
000000000000000000000000000000000000000000000000000000000000000000000000000001111110000000000000000000000111111111111111
000000000000000000000000000000000000000000100000000000000000000000000000000000000000000000000000000000000011111111111111
000011100111100000000000000000000000111111100000000000000000000000000000000000000000000000000000000000000000111111111111
000111111111111000011111000000001111111111110000000000000000000000000000000000000000000000000000000000000000000111111111
011111111111111111111111111001111111111111111000000000000000000000000000000100000001110000000111100111000000000001111111
111111111111111111111111111111111111111111111000000000000000000000010000000111111111111111011111111111100000000000011111
111111111111111111111111111111111111111111111000000000000000000000011000000011111111111111111111111111110000000000000011
111111111111111111111111111111111111111111111000000000000000000000011000000111111111111111111111111111111111111111111100
111111111111111111111111111111111111111111111110000000000000000000011110011111111111111111111111111111111111111111111111
111111111111111111111111111111111111111111111100000000000000000000011111111111111111111111111111111111111111111111111111
111111111111111111111111111111111111111111100000000000000000000000001111111111111111111111111111111111111111111111111111
111111111111111111111111111111111111111111110000000000000000000000000111111111111111111111111111111111111111111111111111
111111111111111111111111111111111111111111110000000000000000000000000111111111111111111111111111111111111111111111111111
111111111111111111111111111111111111111111100000000000000000000000001111111111111111111111111111111111111111111111111111
111111111111111111111111111111111111111111000000000000000000000000000111111111111111111111111111111111111111111111111111
