000000000000000000000000000000000000000000000000000000000000000000000011000000000000000000000000000000000000000000000000
000000000000000000000000000000000000000000000000000000000000000000000111000000000000000000000000000000000000000000000000
000000000000000000000000000000000000000000000000000000000000000000011111100000000000000000000000000000000000000000000000
000000000000000000000000000000000000000000000000000000111111111000111111110000000000000000000000000000000000000000000000
000000000000000000000000000000000000000000000000000111111111111111111111000000000000000000000000000000000000000000000000
000000000000000000000000000000000000000000000000011111111111111111111110000000000000000000000000000000000000000000000000
000000000000000000000000000000000000000000000000111111111111111111111110000000000000000000000000000000000000000000000000
000000000000000000000000000000000000000000000001111111111111111111111110000000000000000000000000000000000000000000000000
000000000000000000000000000000000000000000000001111111111111111111111000000000000000000000000000000000000000000000000000
000000000000000000000000000000000000000000000001111111111111111111110000000000000000000000000000000000000000000000000000
000000000000000000000000000000000000000000000001111111111111111111110000000000000000000000000000000000000000000000000000
000000000000000000000000000000000000000000000001111111111111111111100000000000000000000000000000000000000000000000000000
000000000000000000000000000000000000000000000000000011111111110000000000000000000000000000000000000000000000000000000000
000000000000000000000000000000000000000000000000001111111111111110000000000000000000000000000000000000000000000000000000
000000000000000000000000000000000000000000000000111111111111111111000000000000000000000000000000000000000000000000000000
000000000000000000000000000000000000000000000111111111111111111111110000000000000000000000000000000000000000000000000000
000000000000111110000000000000000000000000001111111111111111111111111100000000000000000000000000000000000001111100000000
000000000001111111000000000000000000000000011111111111111111111111111110000000000000000000000000000000011111111110000000
000000000001111111000000000000000000000000001111111111111111111111111110000000000000000000000000000011111000011110000000
000000000001111111000000000000000000000000011111111111111111111111111111100000000000000000000000111110000000001110000000
000000000011111111000000000000000000000000011111101111111111111111111111111111110000000000000111110000000000000110000000
000000001111111111100000000000000000000000111111001111111111111110001111111111111111110001111110000000000000000010000000
000000011111111111111000000000000000000000111111111111111111111111000000000000111111111111100000000000000000000000000000
000000000111111111111100000000000000000000011111111111111111111111000000000000011111111111000000000000000000000000000000
000000000111111111001111111000000000000000001111111111111111111110000000000111111111111110000000000000000000000000000000
000000000011111111000000011111111000000000000011111111111111111110000000111111111111111000000000000000000000000000000000
000000000011111111000000000000001111111100001000111111111111111111001111111111000000000000000000000000000000000000000000
000000000011111111000000000000000000000111111111111111111111111111111111100000000000000000000000000000000000000000000000
000000000011111111100000000000000000000000111111111111111111111111111000000000000000000000000000000000000000000000000000
000000000111111111100000000000000000000000000011111111111111111111111000000000000000000000000000000000000000000000000000
000000000001101100000000000000000000000000000011111111111111111111111111100000000000000000000000000000000000000000000000
000001111111111111000000000000000000000000000111111111111111111111111111111111111100000000000000000000000000000000000000
111111111000000000000000000000000000000000011111111111111111111111111111000001111111111111100000000000000000000000000000
000000000000000000000000000000000000000111111111111111111111111111111111100000000000001111111111111100000000000000000000
000000000000000000000000000000000011111111111111111111111111111111111111110000000000000000000000000000000000000000000000
000000000000000000000000000000111111111100011111111111111111111111111111111000000000000000000000000000000000000000000000
000000000000111000000000011111111111000000111111111111111111111111111111111110000000000000000000000000000000000000000000
000000000000010000000111111111100000000000111111111111111111111111111111111111000000000000000000000000000000000000000000
000000000000001111111111111000000000000001111111111111111111111111111111111111100000000000000000000000000000000000000000
000000000011111111111000000000000000000001111111111111111111111111111111111111100000000000000000000000000000000000000000
