111111111111111111111111111111111111111111111111111100000000000000000000000010000000000011111111111111111111111111111111
111111111111111111111111111111111111111111111111111100000000000000000000000000000000000000011111111111111111111111111111
111111111111111111111111111111111111111111111111111110000000000000000000000000000000000000000111111111111111111111111111
111111111111111111111111111111111111111111111111111111100000000000000000000000000000000000000011111111111111111111111111
111111111111111111111111111111111111111111111111111111111100000000000000000000000000000000000001111111111111111111111111
111111111111111111111111111111111111111111111111111111111000000000000000000000000000000000000000111111111111111111111111
111111111111111111111111111111111111111111111111111111100000000000000000000000000000000000000000001111111111111111111111
111111111111111111111111111111111111111111111111111110000000000000000000000000000000000000000000000111111111111111111111
111111111111111111111111111111111111111111111111111100000000000000000000000000000000000000000000000011111111111111111111
111111111111111111111111111111111111111111111111111000000000000000000000000000000000000000000000000001111111111111111111
111111111111111111111111111111111111111111111111111000000000000000000000000000000000000000000000000000111111111111111111
111111111111111111111111111111111111111111111111110000000000000000000000000000000000000000000000000000111111111111111111
111111111111111111111111111111111111111111111111110000000000000000000000000000000000000000000000000000011111111111111111
111111111111111111111111111111111111111111111111110000000000000000000000000000000000000000000000000000011111111111111111
111111111111111111111111111111111111111111111111110000000000000000000000000000000000000000000000000000011111111111111111
111111111111111111111111111111111111111111111111111000000000000000000000000000000000000000000000000000001111111111111111
111111111111111111111111111111111111111111111111111110000000000000000000000000000000000000000000000000001111111111111111
111111111111111111111111111111111111111111111111111111111000000000000000000000000000000000000000000000001111111111111111
111111111111111111111111111111111111111111111111111111111111100000000000000000000000000000000000000000001111111111111111
111111111111111111111111111111111111111111111111111111111111100000000000000000000000000000000000000000001111111111111111
111111111111111111111111111111111111111111111111111111111111110000000000000000000000000000000000000000001111111111111111
111111111111111111111111111111111111111111111111111111111111111000000000000000000000000000000000000000011111111111111111
111111111111111111111111111111111111111111111111111111111111111000000000011100000000000000000000000000001111111111111111
111111111111111111111111111111111111111111111111111111111111111000000000011110000000000000000000000000011111111111111111
111111111111111111111111111111111111111111111111111111111111111000000000111110000000000000000000010000001111111111111111
111111111111111111111111111111111111111111111111111111111111111000000001111000000000000000000000011000000111111111111111
111111111111111111111111111111111111111000000000111111111111111000000001100000000000000000000000011111001111111111111111
111111111111111111111111111111111111000000000000001111111111111100000011000000000000000000000000001111111111111111111111
111111111111111111111111111111111100000000000000000111111111111100000010000000000000000000000000000111111111111111111111
111111111111111111111111111111111000000000000000000111111111111110011000000000000000000000000000000011111111111111111111
111111111111111111111111111111111000000000000000000111111111111110010000000000000000000000000000011001111111111111111111
111111111111111111111111111111111000000000000000000001111111111110000000000000000000000000000000011100011111111111111111
111111111111111111111111111111111100000000000000000000000011111110000000000000000000000000000000011110001111111111111111
111111111111111111111111111111111110000000000000000000000000111110000000000000000000000000000000001111111111111111111111
111111111111111111111111111111111111000000000000000000000000000100000000000000000000000000000000001111111111111111111111
111111111111111111111111111111111111111000000000000000000000000000000000000000000000000000000000001111111111111111111111
111111111111111111111111111111111111111111111100000000000000000000000000000000000000000000000000001111111111111111111111
111111111111111111111111111111111111111111111000000000000000000000000000000000000000000000000000000111111111111111111111
111111111111111111111111111111111111111111111000000000000000000000000000000000000000000000000000000111111111111111111111
111111111111111111111111111111111111111111110000000000000000000000000000000000000000000000000000000011111111111111111111
