000000000000000000000000000000000000000000000000000111111111111111111111111111111111111111111111111111111111111111111111
000000000000000000000000000000000000000000000000000111111111111111111111111111111111111111111111111111111111111111111111
000000000000000000000000000000000000000000000000000111111111111111111111111111111111111111111111111111111111111111111111
000000000000000000000000000000000000000000000000000111111111111111111111111111111111111111111111111111111111111111111111
000000000000000000000000000000000000000000000000111111111111111111111111111111111111111111111111111111111111111111111111
000000000000000000000000000000000000000000000001111011111111111111111111111111111111111111111111111111111111111111111111
000000000000000000000000000000000000000000000001111011111111111111111111111111111111111111111111111111111111111111111111
000000000000000000000000000000000000000000000001111111111111111111111111111111111111111111111111111111111111111111111111
000000000000000000000000000000000000000000000001111111111111111111111111111111111111111111111111111111111111111111111111
000000000000000000000000000000000000000000000001111111111111111111111111111111111111111111111111111111111111111111111111
000000000000000000000000000000000000000000000001111111111111111111111111111111111111111111111111111111111111111111111111
000000000000000000000000000000000000000000000001111111111111111111111111111111111111111111111111111111111111111111111111
000000000000000000000000000000000000000000000001111111111111111111111111111111111111111111111111111111111111111111111111
000000000000000000000000000000000000000000000001111111111111111111111111111111111111111111111111111111111111111111111111
000000000000000000000000000000000000000000000001111011111111111111111111111111111111111111111111111111111111111111111111
000000000000000000000000000000000000000000000011111011111111111111111111111111111111111111111111111111111111111111111111
000000000000000000000000000000000000000000000111111011111111111111111111111111111111111111111111111111111111111111111111
000000000000000000000000000000000000000000001111111111111111111111111111111111111111111111111111111111111111111111111111
000000000000000000000000000000000000000000011111111111111111111111111111111111111111111111111111111111111111111111111111
000000000000000000000000000000000000000000011111111111111111111111111111111111111111111111111111111111111111111111111111
000000000000000000000000000000000000000000011111111111111111111111111111111111111111111111111111111111111111111111111111
000000000000000000000000000000000000000000111111000001111111111111111111111111111111111111111111111111111111111111111111
000000000000000000000000000000000000000000111111111000011111111111111111111111111111111111111111111111111111111111111111
000000000000000000000000000000000000000001111111111000000000011111111111111111111111111111111111111111111111111111111111
000000000000000000000000000000000000000001111111111000000000001111111111111111111111111111111111111111111111111111111111
000000000000000000000000000000000000000111111111111000000000001111111111111111111111111111111111111111111111111111111111
000000000000000000000000000000000000001111111111110000000000000111111111111111111111111111111111111111111111111111111111
000000000000000000000000000000000000001111111111110000000000000111111111111111111111111111111111111111111111111111111111
000000000000000000000000000000000000001111111111110000000000000111111111111111111111111111111111111111111111111111111111
000000000000000000000000000000000000001111111111110000000000011111111111111111111111111111111111111111111111111111111111
000000000000000000000000000000000000000111111111110000000000011111111111111111111111111111111111111111111111111111111111
000000000000000000000000000000000000001111111111110000000000011111111111111111111111111111111111111111111111111111111111
000000000000000000000000000000000000010011111111110000000111101111111111111111111111111111111111111111111111111111111111
000000000000000000000000000000000000010011111111110000000000001111111111111111111111111111111111111111111111111111111111
000000000000000000000000000000000000000111111111110000000000011111111111111111111111111111111111111111111111111111111111
000000000000000000000000000000000000000011111111110000000000001111111111111111111111111111111111111111111111111111111111
000000000000000000000000000000000000000011111111110000000000000111111111111111111111111111111111111111111111111111111111
000000000000000000000000000000000000000011111111110000000000000011111111111111111111111111111111111111111111111111111111
000000000000000000000000000000000000000010111111110000000000000000011111111111111111111111111111111111111111111111111111
000000000000000000000000000000000000000110011111110000000000000010011111111111111111111111111111111111111111111111111111
