111111111111111111111111111111111111111111111111111111111111111111111111111111111111111100011111111111111111111111111111
111111111111111111111111111111111111111111111111111111111111111111111111111111111110000000000111111111111111111111111111
111111111111111111111111111111111111111111111111111111111111111111111111111111111100000000000001111111111111111111111111
111111111111111111111111111111111111111111111111111111111111111111111111111000000000000000000001111111111111111111111111
111111111111111111111111111111111111111111111111111111111111111111111111000000000000000000000000111111111111111111111111
111111111111111111111111111111111111111111111111111111111111111111111100000000000000000000000000001111111111111111111111
111111111111111111111111111111111111111111111111111111111111111111110000000000000000000000000000000111111111111111111111
111111111111111111111111111111111111111111111111111111111111111111110000000000000000000000000000000011111111111111111111
111111111111111111111111111111111111111111111111111111111111111111100000000000000000000000000000000011111111111111111111
111111111111111111111111111111111111111111111111111111111111111111100000000000000000000000000000000001111111111111111111
111111111111111111111111111111111111111111111111111111111111111111110000000000000000000000000000000001111111111111111111
111111111111111111111111111111111111111111111111111111111111111111111100000000000000000000000000000001111111111111111111
111111111111111111111111111111111111111111111111111111111111111111110000000000000000000000000000000011111111111111111111
111111111111111111111111111111111111111111111111111111111111111111111000000000000000000000000000000011111111111111111111
111111111111111111111111111111111111111111111111111111111111111111111000000000000000000000000000000011111011111111111111
111111111111111111111111111111111111111111111111111111111111111111111100000000000000000000000000000011100000111111111111
111111111111111111111111111111111111111111000000000000011111111111111110000000000000000000000000000010000000001111111111
111111111111111111111111111111111111111111111000000000001111111111111111111100000000000000000000000000000000000111111111
111111111111111111111111111111111111111111111000000000000000001111111111111100000000000000000000000000000000000000111111
111111111111111111111111111111111111111111111111100000000111111111111111111000000000000000000000000000000000000000001111
111111111111111111111111111111111111111111111111110000000111111111111111100000000000000000000000000000000000000000000001
111111111111111111111111111111111111111111111111110000000111111111111000000000000000000000000000000000000000000000000000
111111111111111111111111111111111111111111111111110000000111111111110000000000000000000000000000000000000000000000000000
111111111111111111111111111111111111111111111111100000000111111100000000000000000000000000000000000000000000000000000000
111111111111111111111111111111111111111111111111100000000111111000000000000000000000000000000000000000000000000000000000
111111111111111111111111111111111111111111111111100000000111000000000000000000000000000000000000000000000000000000000000
111111111111111111111111111111111111111111111111100000000100000000000000000000000000000000000000000000000000000000000000
111111111111111111111111111111111111111111111111100000000000000000000000000000000000000000000000000000000000000000000000
111111111111111111111111111000111111111111111111100000000000000000000000000000000000000000000000000000000000000000000000
111111111111111111111111100000000111111111111111100000000000000000000000000000000000000000000000000011000000000000000000
111111111111111111111111000000000001111111111111100000000000011100000000000000000000000000000001111111000000000000000000
111111111111111111111111110000000000001111111111110000000111111100000000000000000000000000111111111110000000000000000000
111111111111111111111111111110000000000011111111111111111111111100000000000000000000000000111111111111100000000000000000
111111111111111111111111111111110000000000011111111111111111111100000000000000000000000100111111111111100000000000000000
111111111111111111111111111111110000000000000011111111111111111100000000000000000000000100111111111111110000000000000000
111111111111111111111111111111111100000000000000001111111111111100000000000000000000000110011111111111110000000000000000
111111111111111111111111111111111110000000000000000000000000001000000000000000000000000010011111111111110100000000000000
111111111111111111111111111111111111100000000000000000000000000000000000000000000000000000011111111111111000000000000000
111111111111111111111111111111111111111111000000000000000000000000000000000000000000000000001111111111111111000000000000
111111111111111111111111111111111111111111111111111110000000000000000000000000000000000000000111111111111111000000000000
