111111111111111111111111111111111111111111111111111111111111111111111111111111111111111111111111111111111111111111111111
111111111111111111111111111111111111111111111111111111111111111111111111111111111111111111111111111111111111111111111111
111111111111111111111111111111111111111111111111111111111111111111100000001111111111111111111111111111111111111111111111
111111111111111111111111111111111111111111111111111111111111111000000000000111111111111111111111111111111111111111111111
111111111111111111111111111111111111111111110000000000000000000000000000000111111111111111111111111111111111111111111111
111111111111111111111111111111111111111111110000000000000000000000000000000111111111111111111111111111111111111111111111
111111111111111111111111111111111111111111111000000000000000000000000000000111111111111111111111111111111111111111111111
111111111111111111111111111111111111111111111100000000000000000000000000001111111111111111111111111111111111111111111111
111111111111111111111111111111111111111111111111000000000000000000000000111111111111111111111111111111111111111111111111
111111111111111111111111111111111111111111111111100000000000000000000000001111111111111111111111111111111111111111111111
111111111111111111111111111111111111111111111111110000000000000000000000111111111111111111111111111111111111111111111111
111111111111111111111111111111111111111111111111111000000000000000000000111111111111111111111111111111111111111111111111
111111111111111111111111111111111111111111111111111000000000000000000000111111111111111111111111111111111111111111111111
111111111111111111111111111111111111111111111111111000000000000000000000111111111111111111111111111111111111111111111111
111111111111111111111111111111111111111111111111110000000000000000000001111111111111111111111111111111111111111111111111
111111111111111111111111111111111111111111111111111000000000000000000001111111111111111111111111111111111111111111111111
111111111111111111111111111111111111111111111111110000000000000000000000011111111111111111111111111111111111111111111111
111111111111111111111111111111111111111111111111000000000000000000000000001111111111111111111111111111111111111111111111
111111111111111111111111111111111111111111111110000000000000000000000000001111111111111111111111111111111111111111111111
111111111111111111111111111111111111111111111100000000000000000000000000000111111111111111111111111111111111111111111111
111111111111111111111111111111111111111111110000000000000000000000000000000000111111111111111111111111111111111111111111
111111111111111111111111111111111111111111100000000000000000000000000000000000111111111111111111111111111111111111111111
111111111111111111111111111111111111111111000011000000000000000000000000000000111111111111111111111111111111111111111111
111111111111111111111111111111111111111111000010000000000000000000000000000000011111111111111111111111111111111111111111
111111111111111111111111111111111111111110000110000000100000000000000000000000001111111111111111111111111111111111111111
111111111111111111111111111111111111111110000100000000110000000000000000000000000111111111111111111111111111111111111111
111111111111111111111111111111111111111110000000000000100000000000000000000000000011111111111111111111111111111111111111
111111111111111111111111111111111111111100000000000000100000000000000000000000000001111111111111111111111111111111111111
111111111111111111111111111111111111111100000000000000100000000000000000000000000000111111111111111111111111111111111111
111111111111111111111111111111111111111100000000000000100000000000000000000000000000011111111111111111111111111111111111
111111111111111111111111111111111111111100000000000001000000000000000000000000000000011111111111111111111111111111111111
111111111111111111111111111111111111111110000000000000000000000000000000000000000000011111111111111111111111111111111111
111111111111111111111111111111111111111110000000000010000000000000000000000000000000111111111111111111111111111111111111
111111111111111111111111111111111111111111100000000100000000000000000000000000000000111111111111111111111111111111111111
111111111111111111111111111111111111111111100000001100000000000000000000000000000000111111111111111111111111111111111111
111111111111111111111111111111111111111111000000010000000000000000000000000000000001111111111111111111111111111111111111
111111111111111111111111111111111111111111000000100000000000000000000000000000000001111111111111111111111111111111111111
111111111111111111111111111111111111111111100011000000000000000000000000000000000011111111111111111111111111111111111111
111111111111111111111111111111111111111111111110000000000000000000000000000000000111111111111111111111111111111111111111
111111111111111111111111111111111111111111111100000000000000000000000000000000000011111111111111111111111111111111111111
