000000000000000000000000000000000000000000000000000000000000000000000000000000000000000000000000000000000000000000000000
000000000000000000000000000000000001100000000000000000000000000000000000000000000001000000000000000000000000000000000000
000000000000000000000000000000000001100000000000000000000000000000000000000000000001100000000000000000000000000000000000
000000000000000000000000000000000011110000011111000000000000000000000000011000000011100000000000000000000000000000000000
000000000000000000000000000000000011111111111111111110000000000000011111111000000111100000000000000000000000000000000000
000000000000000000000000000000000011111111111111111111110011101111111111111100011111111100000000000000000000000000000000
000000000000000000000000000000000001111111111111111111111111111111111111111111111111111100000000000000000000000000000000
000000000000000000000000000000000001111111111111111111111111111111111111111111111111111100000000000000000000000000000000
000000000000000000000000000000000011111111111111111111111111111111111111111111111111111000000000000000000000000000000000
000000000000000000000000000000001111111111111111111111111111111111111111111111111111111000000000000000000000000000000000
000000000000000000000000000000001111111111111111111111111111111111111111111111111111111000000000000000000000000000000000
000000000000000000000000000000000011111111111111111111111111111111111111111111111111110000000000000000000000000000000000
000000000000000000000000000000000000111111111111111111111111111111111111111111111111100000000000000000000000000000000000
000000000000000000000000000000000000111111111111111111111111111111111111111111111111000000000000000000000000000000000000
000000000000000000000000000000000000001111111111111111111111111111111111001111111110000000000000000000000000000000000000
000000000000000000000000000000000111100110111110111111111111111111111111000000011111111000000000000000000000000000000000
000000000000000000000000000000000001111111100000111111111111111111111111000001111111100000000000000000000000000000000000
000000000000000000000000000000000001111111111000111111111111111111111111000111111111000000000000000000000000000000000000
000000000000000000000000000000000000011111111100111111111111111111111111001111111110000000000000000000000000000000000000
000000000000000000000000000000000000011111111111111111111111111111111111111111111110000000000000000000000000000000000000
000000000000000000000000000000000000011111111111111111111111111111111111111111111100000000000000000000000000000000000000
000000000000000000000000000000000000001111111111111111111111111111111111111111111100000000000000000000000000000000000000
000000000000000000000000000000000000000111111111111111111111111111111111111111111000000000000000000000000000000000000000
000000000000000000000000000000000000000011111111111111111111111111111111111111111000000000000000000000000000000000000000
000000000000000000000000000000000000000001111111111111111111111111111111111111110000000000000000000000000000000000000000
000000000000000000000000000000000000000000011111111111111111111111111111111111100000000000000000000000000000000000000000
000000000000000000000000000000000000000000000011111111111111111111111111110000000000000000000000000000000000000000000000
000000000000000000000000000000000000000000000011011111111111111111111111000000000000000000000000000000000000000000000000
000000000000000000000000000000000000000000011111111111111111111111111111000000000000000000000000000000000000000000000000
000000000000000000000000000000000000000000000001000111111111111111111111111000000000000000000000000000000000000000000000
000000000000000000000000000000000000000000000000001111111111111111111110010000000000000000000000000000000000000000000000
000000000000000000000000000000000000000000000000011111111111111111111110000000000000000000000000000000000000000000000000
000000000000000000000000000000000000000000000000011111111111111111111110000000000000000000000000000000000000000000000000
000000000000000000000000000000000000000000000000011111111111111111111100000000000000000000000000000000000000000000000000
000000000000000000000000000000000000000000000000111111111111111111111110000000000000000000000000000000000000000000000000
000000000000000000000000000000000000000000000000111111111111111111111111000000000000000000000000000000000000000000000000
000000000000000000000000000000000000000000000001111111111111111111111111100000000000000000000000000000000000000000000000
000000000000000000000000000000000000000000000011111111111111111111111111110000000000000000000000000000000000000000000000
000000000000000000000000000000000000000000000111111111111111111111111111111000000000000000000000000000000000000000000000
000000000000000000000000000000000000000000001111111111111111111111111111111000000000000000000000000000000000000000000000
