111111111111111111111111111111111111111111111111111111111111111111111111111111111111111111111111111111111111111111111111
111111111111111111111111111111111111111111111111111111111111111111111111111111111111111111111111111111111111111111111111
111111111111111111111111111111111111111111111111111111111111111111111111111111111111111111111111111111111111111111111111
111111111111111111111111111111111111111111111111111111111111111111111111111111111111111111111111111111111111111111111111
111111111111111111111111111111111111111111111111111111111111111111111111111111111111111111111111111111111111111111111111
111111111111111111111111111111111111111111111111111111111111111111111111111111111111111111111111111111111111111111111111
111111111111111111111111111111111111111111111111111111111111111111111111111111111111111111111111111111111111111111111111
111111111111111111111111111111111111111111111111111111111111111111111111111111111111111111111111111111111111111111111111
111111111111111111111111111111111111111111111111111111111111111111111111111111111111111111111111111111111111111111111111
111111111111111111111111111111111111111111111111111111111111111111111111111111111111111111111111111111111111111111111111
111111111111111111111111111111111111111111111111111111111111111111111111111111111111111111111111111111111111111111111111
111111111111111111111111111111111111111111111111111111111111111111111111111111111111111111111111111111111111111111111111
111111111111111111111111111111111111111111111111111111111111111111111111111111111111111111111111111111111111111111111111
111111111111111111111111111111111111111111111111111111111111111111111111111111111111111111111111111111111111111111111111
111111111111111111111111111111111111111111111111111111111111111111111111111111111111111111111111111111111111111111111111
111111111111111111111111111111111111111111111111111111111111111111111111111111111111111111111111111111111111111111111111
111111111111111111111111111111111111111111111111111111111111111111111111111111111111111111111111111111111111111111111111
111111111111111111111111101111111111111111111111111111111111110001111111111111111111111111111111111111111111111111111111
111111111111111111111111000111111111111111111111111111111100000001111111111111111111111111111111111100111111111111111111
111111111111111111110000000000111111111111111110011111111100000000011111111111111111111111111111110000000111111111111111
111111111111111111111000000000111111111111111110000000000100000000111111111111111111111111111111000000000001111111111111
111111111111111111111000000000011111111111111111111000000100000001111111111111111111111111111111100000000001111111111111
111111111111111111111110000000011111111111111111110000000000000000111111111111111111111111111111100000000011110111111111
111111111111111111111110000001111111111111111111110000000000000000111111111111111111111111111111110000000000111111111111
111111111111111111111100000001111111111111111111111111110000000011111111111111111111111111111111000000000000000111111111
111111111111111111111000000001111111111111111111111111110000000111111111111111111111111111111000000000000000000000000001
111111111111111111110000000001111111111111111111111111110000000111111111111111111111111111111000000000000110000000000000
111111111111111100000000000011111111111111111111111111110000000111111111111111111111111111111000000000000111111011111111
000000000000000000111000000011111111111111111111111111100000000011111111111111111111111111111110000000001111111111111111
000000000000000000000000000001111111111111111111111111000000000011111111111111111111111111111110000000011111111111111111
100000000000000000000000000000111111111111111111111111000000000001111111111111111111111111111110000000000111111111111111
111111000000000000000000000000011111111111111111111100000000000001111111111111111111111111111100000000000011111111111111
111111111110000000000000000000001111111111111111110000000000000001111111111111111111111111111100000000000001111111111111
111111111111111100000000000000001111111111111111110000000000000001111111111111111111111111111100000000000000111111111111
111111111111111111100000000000000111111111111111111111000000000000111111111111111111111111111000000000000000011111111111
111111111111111111111000000001111111111111111111111111110001111000111111111111111111111111110000000000000000011111111111
111111111111111111111000011111111111111111111111111111110001111100011111111111111111111111111100000000000001111111111111
111111111111111111110000001111111111111111111111111111110001111100011111111111111111111111111111100011100011111111111111
111111111111111111111000000111111111111111111111111111110001111110011111111111111111111111111111000011110001111111111111
111111111111111111111110000011111111111111111111111111111001111100011111111111111111111111111110000111110001111111111111
