111111111111111111111111111111111111111111111111111111111111100000000000000000000000000000000000000011111111111111111111
111111111111111111111111111111111111111111111111111111111000000000000000000000000000000000000000000001111111111111111111
111111111111111111111111111111111111111111111111111111100000000000000000000000000000000000000000000000111111111111111111
111111111111111111111111111111111111111111111111111110000000000000000000000000000000000000000000000000011111111111111111
111111111111111111111111111111111111111111111111111110000000000000000000000000000000000000000000000011111111111111111111
111111111111111111111111111111111111111111111111111100000000000000000000000000000000000000000000000000111111111111111111
111111111111111111111111111111111111111111111111111100000000000000000000000000000000000000000000000001111111111111111111
111111111111111111111111111111111111111111111111100000000000000000000000000000000000000000000000000111111111111111111111
111111111111111111111111111111111111111111010000000000000000000000000000000000000000000000000000111111111111111111111111
111111111111111111111111111111111111111110000000000000000000000000000000000000000000000011111111111111111111111111111111
111111111111111111111111111111111111111111000110000000000000000000000000000000000000000011111111111111111111111111111111
111111111111111111111111111111111111111111111111110000000000000000000000000000000000000001111111111111111111111111111111
111111111111111111111111111111111111111111111111111100000000000000000000000000000000000000111111111111111111111111111111
111111111111111111111111111111111111111111111111111111000000000000000000000000000000000000001111111111111111111111111111
111111111111111111111111111111111111111111111111111111111000000000000000000000000000000110011111111111111111111111111111
111111111111111111111111111111111111111111111111111111111000000000000000000000000000000011111111111111111111111111111111
111111111111111111111111111111111111111111111111111111111000000000000000000000000000000111111111111111111111111111111111
111111111111111111111111111111111111111111111111111111111110000000000000000000000000111111111111111111111111111111111111
111111111111111111111111111111111111111111111111111111111111111100000000000000001011111111111111111111111111111111111111
111111111111111111111111111111111111111111111111111111111111111000000000000001111111111111111111111111111111111111111111
111111111111111111111111111111111111111111111111111111111110000000000000000000011111111111111111111111111111111111111111
111111111111111111111111111111111111111111111111111111111100000000000000000000000111111111111111111111111111111111111111
111111111111111111111111111111111111111111111111111111111000000000000000000000000000111111111111111111111111111111111111
111111111111111111111111111111111111111111111111111111000000000000000000000000000000011111111111111111111111111111111111
111111111111111111111110000000000000000000000001111100000000000000000000000000000000011111111111111111111111111111111111
111111111111111111111110000000000000000000000000000000000000000000000000000000000000011111111111111111111111111111111111
111111111111111111111111000000000000000000000000000000000000000000000000000000000000000011111111111111111111111111111110
111111111111111111111110000000000000000000000000000000000000000000000000000000000000000000001111100111111111111111100000
111111111111111111111111110000000000000000000000000000000000000000000000000000000000000000000000000000000000000000000000
111111111111111111111111111100000011100000000000000000000000000000000000000000000011111110000000000000000000000000000000
111111111111111111111111111111111111111110000000000000000000000000000000000000000111111111111000000000000000000000000000
111111111111111111111111111111111111111111000000000000000000000000000000000011111111111111111111000000000000000000000000
111111111111111111111111111111111111111111110000000000000000000000000000000001111111111111111111111000000000000000000000
111111111111111111111111111111111111111111111000000000000000000000000000000111111111111111111111111110000000000000000000
111111111111111111111111111111111111111111111111100000000000000000000000000111111111111111111111111111110000000000011100
111111111111111111111111111111111111111111111111111000000000000000000000001111111111111111111111111111111100000111111111
111111111111111111111111111111111111111111111111111000000000000000000000001111111111111111111111111111111111111111111111
111111111111111111111111111111111111111111111111111000000000000000000000001111111111111111111111111111111111111111111111
111111111111111111111111111111111111111111111111110000000000000000000000000111111111111111111111111111111111111111111111
111111111111111111111111111111111111111111111111000000000000000000000000000000111111111111111111111111111111111111111111
