000000000000000000000000000000000000000000000000000000000000000000000000000000000000000000000000000000000000000000000000
000000000000000000000000000000000000000000000000000000000000000000000000000000000000000000000000000000000000000000000000
000000000000000000000000000000000000000000000000000000000000000000000000000000000000000000000000000000000000000000000000
000000000000000000000000000000000000001111111111111111110000000000000000000000000000000000000000000000000000000000000000
000000000000000000000000000000000000011111111111111111111111000000000000000000000000000000000000000000000000000000000000
000000000000000000000000000000000001111111111111111111111111111000000000000000000000000000000000000000000000000000000000
000000000000000000000000000000000111111111111111111111111111111111000000000000000000000000000000000000000000000000000000
000000000000000000000000000000000111111111111111111111111111111111100000000000000000000000000000000000000000000000000000
000000000000000000000000000000001111111111111111111111111111111111110000000000000000000000000000000000000000000000000000
000000000001000000000000000000001111111111111111111111111111111111111000000000000000000000000000000000000000000000000000
000000000000000000111111111111111111111111111111111111111111111111111000000000000000000000000000000000000000000000000000
000000000000000011111111111111111111111111111111111111111111111111111000000000000000000000000000000000000000000000000000
000000000000111111111111111111111111111111111111111111111111111111111100000000001000000000000000000000000000000000000000
000000011111111111111111111111111111111111111111111111111111111111111000000000111111000000000000000000000000000000000000
000001111111111111111111111111111111111111111111111111111111111111110000010011000000000000000000000000000000000000000000
000011111111111111111111111111111111111111111111111111111111111111110001101100000000001000000000000000000000000000000000
000011111111111111111111111111111111111111111111111111111111111111111111110000000111111000000000000000000000000000000000
000011111111111111111111111111111111111111111111111111111111111111111101000000000111000000000000000000000000000000000000
000011111111111111111111111111111111111111111111111111111111111111111100000000011000000000000000000000000000000000000000
000001111111111111111111111111111111111111111111111111111111111111111111001111110010000000000000000001000000000000000000
001111111111111111111111111111111111111111111111111111111111111111111111110000000000011000000000000100000000000000000000
111111111111111111111111111111111111111111111111111111111111111111111111110000000000110000000000000100001111100000000000
111111111111111111111111111111111111111111111111111111111111111111111111111000001011000000000000011111111110000000000000
111111111111111111111111111111111111111111111111111111111111111111111111111111001000000000000000111111111000000000000000
111111111111111111111111111111111111111111111111111111111111111111111111111111000001000000000011111111110000000000000000
111111111111111111111111111111111111111111111111111111111111111111111111111100001100000000111111111111000000000000000000
111111111111111111111111111111111111111111111111111111111111111111111111111100001111100000111100000000000000000000000000
111111111111111111111111111111111111111111111111111111111111111111111111111111110000011110000000000000000000000000000000
111111111111111111111111111111111111111111111111111111111111111111111111111110000011000000000000000000000000000000000000
111111111111111111111111111111111111111111111111111111111111111111111111111111111000000000000000000000000000000000000000
111111111111111111111111111111111111111111111111111111111111111111111111111111100000000000000000000000000000000000000000
111111111111111111111111111111111111111111111111111111111111111111111111111000000000000000000000000000000000000000000000
111111111111111111111111111111111111111111111111111111111111111111111111100000000000000000000000000000000000000000000000
000111111111111111111111111111111111111111111111111111111111111111110000000000000000000000000000000000000000000000000000
000000000111111111111111111111111111111111111111111111111111111111100000000000000000000000000000000000000000000000000000
000000000011111111111110000000001111111111111111111111100000111111100000000000000000000000000000000000000000000000000000
000000000001111111111111000000000000000000000000000000000000111111100000000000000000000000000000000000000000000000000000
000000000001111111111111000000000000000000000000000000000001111111100000000000000000000000000000000000000000000000000000
000001111111111111111110000000000000000000000000000000000001111111110000000000000000000000000000000000000000000000000000
001111111111111111111110000000000000000000000000000000000111111111110000000000000000000000000000000000000000000000000000
