000000000000000000000000000000000000000000000000000000000000000000000000000000000000000000000000011111111111111111111111
000000000000000000000000000000000000000000000000000000000000000000000000000000000000000000000000000111111111111111111111
000000000000000000000000000000000000000000000000000000000000000000000000000000000000000000000000000000111111111111111111
000000000000000000000000000000000000000000000000000000000000000000000001000000000000000000000000000000000111111111111111
000000000000000000000000000000000000000000000000000000000000000000000010000000000000000000000000000000000000000011101111
000000001000000000000000000000000000000000000000000000000000000000001111000000000000000000000000000000000000000000011111
000000000000000000000000000000000000000000000000000000000111111111001110000000000000000000000000000000000000000011111000
000000000000000000000000000000000000000000000000000000011111111111111000000000000000000000000000000000000000001111000000
000000000000000000000000000000000000000000000000000000111111111111111100000000000000000000000000000000000001111000000000
000000000000000000000000000000000000000000000000000001111111111111111110000000000000000000000000000000011111000000000000
000000000000000000000000000000000000000000000000000011111111111111111110000000000000000000000111110001111000000000000000
000000000000000000000000000000000000000000000000000001111111111111111000000000000000000111111111111111000000000000000000
000000000000000000000000000000000000000000000000000000110111111111100111111100011111111111111111111110000000000000000000
000000000000000000000000000000000000000000000000000000011111111111111111111111111111111111111111110000000000000000000000
000000000000000000000000000000000000000000000000000011111111111111111111111111111000001111111011000000000000000000000000
000000000000111000000000000000000000000000000000011111111111111111111111111000000001111111000000000000000000000000000000
000000000001111110000000000000000000000000000000111111111111111111000000000000001111110000000000000000000000000000000000
000000000011111110000000000000000000000000000001111111111111111111000000000011111110000000000000000000000000000000000000
000000000001111100000000000000000000000000000011111111111111111111000000011111110000000000000000000000000000000000000000
000000000011111110000000000000001110000000001111110001111111111111000011111100000000000000000000000000000000000000000000
000000000011111111000000000000000001110000011111000011111111111111111111100000000000000000000000000000000000000000000000
000000000111111111110000000000000000001111011110000111111111111111111000000000000000000000000000000000000000000000000000
000000001111111111110000000000000000000001111110000011111111111111000000000000000000000000000000000000000000000000000000
000000000001111111000000000000000000000000011111100111111111111100000000000000000000000000000000000000000000000000000000
000000000001111111000000000000000000000000111101111111111111111100000000000000000000000000000000000000000000000000000000
000000000001111111100000000000000000000000111111111111111111111110000000000000000000000000000000000000000000000000000000
000000000011111111100000000000000000000001111111111111111111111110000000000000000000000000000000000000000000000000000000
000000000011111111100000000000000000011111111111111111111111111111000000000000000000000000000000000000000000000000000000
000000000111111110110000000000001111111110000111111111111111111111100000000000000000000000000000000000000000000000000000
000000000001111111000000000011111111000000001111111111111111111111111100000000000000000000000000000000000000000000000000
111111111111111000000001111111110000000000001111111111111111111111111111110000000000000000000000000000000000000000000000
000000000000110000111111111000000000000000011111111111111111111111111100111111000000000000000000000000000000000000000000
000000000000111111111000000000000000000000111111111111111111111111111110000011111100000000000000000000000000000000000000
000000001111111100000000000000000000000001111111111111111111111111111111000000000111100000000000000000000000000000000000
000000000000000000000000010000000000000011111111111111111111111111111111100000000000000000000000000000000000000000000000
000000000000000000000000010000000000000011111111111111111111111111111111110000000000000000000000000000000000000000000000
000000000000000000000000000000000000000011111111111111111111111111111111110000000000000000000000000000000000000000000000
000000000000000000000000000000000100000001111111111111111111111111111111100000000000000000000000000000000000000000000000
000000000000000000000000000000000000000000001111111111111111111111111110000000000000000000000000000000000000000000000000
000000000000000000000000000000000000000000000111111111111111111111110000000000000000000000000000000000000000000000000000
