000000000000000000000000000000000000000000000000000011111111111111111111111111111111111111111111111111111111111111111111
000000000000000000000000000000000000000000000000000011111111111111111111111111111111111111111111111111111111111111111111
000000000000000000000000000000000000000000000000000011111111111111111111111111111111111111111111111111111111111111111111
000000000000000000000000000000000000000000000000000001111111111111111111111111111111111111111111111111111111111111111111
000000000000000000000000000000000000000000000000000001111111111111111111111111111111111111111111111111111111111111111111
000000000000000000000000000000000000000000000000000000111111111111111111111111111111111111111111111111111111111111111111
000000000000000000000000000000000000000000000000000000011111111111111111111111111111111111111111111111111111111111111111
000000000000000000000000000000000000000000000000000000011111111111111111111111111111111111111111111111111111111111111111
000000000000000000000000000000000000000000000000000000001111111111111111111111111111111111111111111111111111111111111111
000000000000000000000000000000000000000000000000000000000111111111111111111111111111111111111111111111111111111111111111
000000000000000000000000000000000000000000000000000000000011111111111111111111111111111111111111111111111111111111111111
000000000000000000000000000000000000000000000000000000000000111111111111111111111111111111111111111111111111111111111111
000000000000000000000000000000000000000000000000000000000000111111111111111111111111111111111111111111111111111111111111
000000000000000000000000000000000000000000000000000000000000011111111111111111111111111111111111111111111111111111111111
000000000000000000000000000000000000000000000000000000000000001111111111111111111111111111111111111111111111111111111111
000000000000000000000000000000000000000000000000000000000000000001111111111111111111111111111111111111111111111111111111
000000000000000000000000000000000000000000000000000000000000000000111111111111111111111111111111111111111111111111111111
000000000000000000000000000000000000000000000000000000000000000000011111111111111111111111111111111111111111111111111111
000000000000000000000000000000000000000000000000000000000000000000000111111111111111111111111111111111111111111111111111
000000000000000000111100000000000000000000000000000000000000000000000001111111111111111111111111111111111111111111111111
000000000000000001111110000000011100000000000000000000000000000000000000011111111111111111111111111111111111111111111111
000000000000000001111110000001111100000000000000000000000000000000000000000011111111111111111111111111111111111111111111
000000000000000001111110000111110000000000000000000000000000000000000000000000011111111111111111111111111111111111111111
000000000000000001111110001111100000000110000000000000000000000000000000000000000011111111111111111111111111111111111111
000000000000000011111100011111000000111110000000000000000000000000000000000000000000111111111111111111111111111111111111
000000000000000011111101111111000111111000000000000000000000000000000000000000000000000001111111111111111111111111111111
000000000000000011111111111110011111100000000000000000000000000000000000000000000000000000001111111111111111111111111111
000000000000000111111111111101111110000000000000000000000000000000000000000000000000000000000000001111111111111111111111
000000000001111111111111111111111000001111111000000000000000000000000000000000000000000000000000000000000111111111111111
000000001111111111111111111111111111111111110000000000000000000000000000000000000000000000000000000000000000000000111111
000000001111111111111111111111111111111000000000000000000000000000000000000000000000000000000000000000000000000000000000
000000000111111111111111111111111100000000000000000000000000000000000000000000000000000000000000000000000000000000000000
000000000011111111111111111111100000000000000000000000000000000000000000000000000000000000000000000000000000000000000000
000000000011111111111111111111100000000000000000000000000000000000000000000000000000000000000000000000000000000000000000
000000000011111111111111111111000000000000000000000000000000000000000000000000000000000000000000000000000000000000000000
000000000111111111111111111110000000000000000000000000000000000000000000000000000000000000000000000000000000000000000000
000000000111111111111111111110000000000000000000000000000000000000000000000000000000000000000000000000000000000000000000
000111111111111111111111111000000000000000000000000000000000000000000000000000000000000000000000000000000000000000000000
111111111111111111111111110000000000000000000000000000000000000000000000000000000000000000000000000000000000000000000000
111111111111111111111111111100000000000000000000000000000000000000000000000000000000000000000000000000000000000000000000
