111111111111111111111111111111111111111111111111111111111111111111111111111111111111111111111111111111111111111111111111
111111111111111111111111111111111111111111111111111111111111111111111111111111111111111111111111111111111111111111111111
111111111111111111111111111111111111111111111111111111111111111111111111111111111111111111111111111111111111111111111111
111111111111111111111111111111111111111111111111111111111111111111111111111111111111111111111111111111111111111111111111
111111111111111111111111111111111111111111111111111111100000000000000000001111111000000111111111111111111111111111111111
111111111111111111111111111111111111111111111111111100000000000000000000000001000000000111111111111111111111111111111111
111111111111111111111111111111111111111111111111111000000000000000000000000000000000000011111111111111111111111111111111
111111111111111111111111111111111111111111111111110000000000000000000000000000000000000001111111111111111111111111111111
111111111111111111111111111111111111111111111111110000000000000000000000000000000000000000011111111111111111111111111111
111111111111111111111111111111111111111111111111110000000000000000000000000000000000001111111111111111111111111111111111
111111111111111111111111111111111111111111111111110000000000000000000000000000000000000111111111111111111111111111111111
111111111111111111111111111111111111111111111111000000000000000000000000000000001110001111111111111111111111111111111111
111111111111111111111111111111111111111111111100000000000000000000000000000000000011111111111111111111111111111111111111
111111111111111111111111111111111111111111111100000000000000000000000000000000001111111111111111111111111111111111111111
111111111111111111111111111111111111111111111111110000000000000000000000000000011111111111111111111111111111111111111111
111111111111111111111111111111111111111111111111111100000000000000000000000000001111111111111111111111111111111111111111
111111111111111111111111111111111111111111111111111000000000000000000000000000001111111111111111111111111111111111111111
111111111111111111111111111111111111111111111111111100000000000000000000000011111111111111111111111111111111111111111111
111111111111111111111111111111111111111111111111111111101000000000000000101111111111111111111111111111111111111111111111
111111111111111111111110011111111111111111111111111111111110000000000011111111111111111111111111111111111111111111111111
111111111111111111111000000111111111111111111111111000000000000000000000000001111111111111111111111111111111111111111011
111111111111111111100000000000011111111111111111100000000000000000000000000000001111111111111111111111111111111111110000
111111111111111111000000000000000011111111111111000000000000000000000000000000000011111111111111111111111111110000000000
111111111111111100000000000000000000011111111110000000000000000000000000000000000011111111111111111111111100000000000000
111111111111100000000000000000000000000000000000000000000000000000000000000000000001111111111111111111000000000000000000
111111111110000000000000000000000000000000000000000000000000000000000000000000000000000000000000000000000000000000000000
111111110000000000000100000000000000000000000000000000000000000000000000000000000000000000000000000000000000000000000000
111111000000000000011111111110000000000000000000000000000000000000000000000000000111100000000000000000000000000000000000
111000000000000000111111111111011111111100000111000000000000000000000000000000001111111110000000000000000000000000000000
111111111111111111111111111111111111111111111111000000000000000000000000000000011111111111110000000001100000000001111000
111111111111111111111111111111111111111111111111000000000000000000000000000000011111111111111110011111111110011111111011
111111111111111111111111111111111111111111111110000000000000000000000000000000011111111111111111111111111111111111111111
111111111111111111111111111111111111111111111111000000000000000000000000000000011111111111111111111111111111111111111111
111111111111111111111111111111111111111111111111111100000000000000000000000000111111111111111111111111111111111111111111
111111111111111111111111111111111111111111111111111000000000000000000000011111111111111111111111111111111111111111111111
111111111111111111111111111111111111111111111111110000000000000000000000001111111111111111111111111111111111111111111111
111111111111111111111111111111111111111111111111100000000000000000000000000011111111111111111111111111111111111111111111
111111111111111111111111111111111111111111111111000000000000000000000000000111111111111111111111111111111111111111111111
111111111111111111111111111111111111111111111111100000000000000000000000000111111111111111111111111111111111111111111111
111111111111111111111111111111111111111111111111000000000000000000000000000001111111111111111111111111111111111111111111
