000000000000000000000000000000000000001111111111111111111111111111111111111111111111111111111111111111111111111111111111
000000000000000000000000000000000000001111111111111111111111111111111111111111111111111111111111111111111111111111111111
000000000000000000000000000000000000001111111111111111111111111111111111111111111111111111111111111111111111111111111111
000000000000000000000000000000000000001111111111111111111111111111111111111111111111111111111111111111111111111111111111
000000000000000000000000000000000000001111111111111111111111111111111111111111111111111111111111111111111111111111111111
000000000000000000000000000000000000001111111111111111111111111111111111111111111111111111111111111111111111111111111111
000000000000000000000000000000000000001111111111111111111111111111111111111111111111111111111111111111111111111111111111
000000000000000000000000000000000000001111111111111111111111111111111111111111111111111111111111111111111111111111111111
000000000000000000000000000000000000001100000111111101111111111111111111111111111111111111111111111111111111111111111111
000000000000000000000000000000000010010000000000000000111111111111111111111111111111111111111111111111111111111111111111
000000000000000000000000000000000011110000000000000000111111111111111111111111111111111111111111111111111111111111111111
000000000000000000000000000000000011110000000000000000000000001111111111111111111111111111111111111111111111111111111111
000000000000000000000000000000000001110000000000000000111111001111111111111111111111111111111111111111111111111111111111
000000000000000000000000000000000001110000000000000000001111001111111111111111111111111111111111111111111111111111111111
000000000000000000000000000000000111110000000000000000011110011111111111111111111111111111111111111111111111111111111111
000000000000000000000000000000000000010000000000000000000000111111111111111111111111111111111111111111111111111111111111
000000000000000000000000000000000000000000000000000001111111111111111111111111111111111111111111111111111111111111111111
000000000000000000000000000000000000110000000000000000111111111111111111111111111111111111111111111111111111111111111111
000000000000000000000000000000000001110000000000000000000000000000000000000000000000001111111111111111111111111111111111
000000000000000000000000000000000001110000000000000000000000000000000000011111111111111111111111111111111111111111111111
000000000000000000000000000000000001110000000000000000000011111111111111111111111111111111111111111111111111111111111111
000000000000000000000000000000000000010000000000000000000011111111111111111111111111111111111111111111111111111111111111
000000000000000000000000000000000000000000000000000000000000011111111111111111111111111111111111111111111111111111111111
000000000000000000000000000000000000001000000000000000000000111111111111111111111111111111111111111111111111111111111111
000000000000000000000000000000000000001100000000000000000000011111111111111111111111111111111111111111111111111111111111
000000000000000000000000000000000000001100000000000000000000000001111111111111111111111111111111111111111111111111111111
000000000000000000000000000000000000001000000000000000000000000000111111111111111111111111111111111111111111111111111111
000000000000000000000000000000000000000000000000000000110000000000111111111111111111111111111111111111111111111111111111
000000000000000000000000000000000000010000000000000001111110011100111111111111111111111111111111111111111111111111111111
000000000000000000000000000000000000110000000000000000011110111101111111111111111111111111111111111111111111111111111111
000000000000000000000000000000000001110000000000000000001101111001111111111111111111111111111111111111111111111111111111
000000000000000000000000000000000011110000000000000000000011110011111111111111111111111111111111111111111111111111111111
000000000000000000000000000000000011110000000000000000000011101111111111111111111111111111111111111111111111111111111111
000000000000000000000000000000000111110000000000000000000001111111111111111111111111111111111111111111111111111111111111
000000000000000000000000000000000111110000000000000000000000111111111111111111111111111111111111111111111111111111111111
000000000000000000000000000000000111110000000000000000000000001111111111111111111111111111111111111111111111111111111111
000000000000000000000000000000001111110000000000000000000000000111111111111111111111111111111111111111111111111111111111
000000000000000000000000000000011111110000000000000000000000011111111111111111111111111111111111111111111111111111111111
000000000000000000000000000000011111110000000000000000000001111111111111111111111111111111111111111111111111111111111111
000000000000000000000000000000011111110000000000000000001111111111111111111111111111111111111111111111111111111111111111
