000000000000000000000000000000000000000000000000000000000000000000000000000000000000000000000000000000000000000000000000
000000000000000000000000000000000000000000000000000000000000000000000000000000000000000000000000000000000000000000000000
000000000000000000000000000000000000000000000000000000000000000000000000000000000000000000000000000000000000000000000000
000000000000000000000000000000000000000000000000000000000000000000000000000000000000000000000000000000000000000000000000
000000000000000000000000000000000000000000000000000000000000000000000000000000000000000000000000000000000000000000000000
000000000000000000000000000000000000000000000000000000000000000000000000000000000000000000000000000000000000000000000000
000000000000000000000000000000000000000000000000000000000000000000000000000000000000000000000000000000000000000000000000
000000000000000000000000000000000000000000000000000000000000000000000000000000000000000000000000000000000000000000000000
000000000000000000000000000000000000000000000000000000000000000000000000000000000000000000000000000000000000000000000000
000000000000000000000000000000000000000000000000000000000000000000000000000000000000000000000000000000000000000000000000
000000000000000000000000000000000000000000000000000000111001111110000000000000000000000000000000000000000000000000000000
000000000000000000000000000000000000000000000000000001111111111100010000000000000000000000000000000000000000000000000000
000000000000000000000000000000000000000000000000000000001111111111000000000000000000000000000000000000000000000000000000
000000000000000000000000000000000000000000000000000000000011111111111000000000000000000000000000000000000000000000000000
000000000000000000000000000000000000000000000000000000011100111111111111000000000000000000000000000000000000000000000000
000000000000000000000000000000000000000000000000000000000111111110001000000000000000000000000000000000000000000000000000
000000000000000000000000000000000000000000000000000000000011111111111100000000000000000000000000000000000000000000000000
000000000000000000000000000000000000000000000000000000000010001111111111110000000000000000000000000000000000000000000000
000000000000000000000000000000000000000000000000000000000100011111111111111111111111111000000000000000000000000000000000
000000000000000000000000000000000000111111111111111111111111111111111111111111111111111110000000000000000000000000000000
000000000000000000000000000000000000000000000011010000000111111111111111111111111111111111100000000000000000000000000000
000000000000000000000000000000000000000000000000000000000000000001111000000111111111111111100000000000000000000000000000
000000000000000000000000000000000000000000000000000000000000000001001000000000000000111000000000000000000000000000000000
000000000000000000000000000000000000000000000000000000000000000000000000000000000000000000000000000000000000000000000000
000000000000000000000000000000000000000000000000000000000000000000000000000000000000000000000000000000000000000000000000
000000000000000000000000000000000000000000000000000000000000000000000000000000000000000000000000000000000000000000000000
000000000000000000000000000000000000000000000000000000000000000000000000000000000000000000000000000000000000000000000000
000000000000000000000000000000000000000000000000000000000000000000000000000000000000000000000000000000000000000000000000
000000000000000000000000000000000000000000000000000000000000000000000000000000000000000000000000000000000000000000000000
000000000000000000000000000000000000000000000000000000000000000000000000000000000000000000000000000000000000000000000000
000000000000000000000000000000000000000000000000000000000000000000000000000000000000000000000000000000000000000000000000
000000000000000000000000000000000000000000000000000000000000000000000000000000000000000000000000000000000000000000000000
000000000000000000000000000000000000000000000000000000000000000000000000000000000000000000000000000000000000000000000000
000000000000000000000000000000000000000000000000000000000000000000000000000000000000000000000000000000000000000000000000
000000000000000000000000000000000000000000000000000000000000000000000000000000000000000000000000000000000000000000000000
000000000000000000000000000000000000000000000000000000000000000000000000000000000000000000000000000000000000000000000000
000000000000000000000000000000000000000000000000000000000000000000000000000000000000000000000000000000000000000000000000
000000000000000000000000000000000000000000000000000000000000000000000000000000000000000000000000000000000000000000000000
000000000000000000000000000000000000000000000000000000000000000000000000000000000000000000000000000000000000000000000000
000000000000000000000000000000000000000000000000000000000000000000000000000000000000000000000000000000000000000000000000
