111111111111111111111111111111111111000000000000000000000000111111111111111111111111111111111111111111111111111111111111
111111111111111111111111111111111110000000000000000000000000111111111111111111111111111111111111111111111111111111111111
111111111111111111111111111111111110000000000000000000000000111111111111111111111111111111111111111111111111111111111111
111111111111111111111111111111111111000000000000000000000000111111111111111111111111111111111111111111111111111111111111
111111111111111111111111111111111111000000000000000000000000111111111111111111111111111111111111111111111111111111111111
111111111111111111111111111111111111110000000000000000000000000111111111111111111111111111111111111111111111111111111111
111111111111111111111111111111111111111100000000000000000000000001111111111111111111111111111111111111111111111111111111
111111111111111111111111111111111111111111110000000000000000000000111111111111111111111111111111111111111111111111111111
111111111111111111111111111111111111110000000000000000000000000000111111111111111111111111111111111111111111111111111111
111111111111111111111111111111111111000000000000000000000000000000111111111111111111111111111110000111111111111111111111
111111111111111111111111111111111110000000000000000000000000000001111111111111111111111111100000001111111111111111111111
111111111111111111111111111111111111100000000011100000000000000111111111111111111111111110000011111111111111111111111111
111111111111111111111111111111111111110000000111111000000000000111111111111111111111000000000111111111111111111111111111
111111111111111111111111111111111111110000000011111111111111000111110000000000001100000000001111111111111111111111111111
111111111111111111111111111111111111111000000011111111111111111110000000000000000000000000111111111111111111111111111111
111111111111111111111111111111111111111000000011111111111111111100000000000000000000000001111110000000111111111111111111
111111111111111111111111111111111111111100000001111111111111111100000000000000000000000000000000000000001111111111111111
111111111111111111111111111111111111111100000001111111111111100000000000000000000000000000000000000000011111111111111111
111111111111111111111111111111111111111000000000111111111111000000000000000000000000000000000011111111111111111111111111
111111111111111111111111111111111111111000000000011111111110000000000000000000000000000000000011111111111111111111111111
111111111111111111111111111111111111111100000000000000111111000000000000000000000000000000000011111111111111111111111111
111111111111111111111111111111111111111000111000000000000111100000000000000000000000000000000001111111111111111111111111
111111111111111111111111111111111111111010111110000000000000110000000000000000000000000000000001111111111111111111111111
111111111111111111111111111111111111110000111111111000000000000000000000000000000000000000000011111111111111111111111111
111111111111111111111111111111111111111001111111111111000000000000000000000000000000000000000111111111111111111111111111
111111111111111111111111111111111111110001111111111111111100000000000000000000000000000000011111111111111111111111111111
111111111111111111111111111111111111101101111111111111111000000000000000000000000000000001111111111111111111111111111111
111111111111111111111111111111111111100011111111111111100000000000000000000000000000011111111111111111111111111111111111
111111111111111111111111111111111111100111111111111111000000000000000000000000000000111111111111111111111111111111111111
111111111111111111111111111111111110000111111111111111000000000000000000000000000000111111111111111111111111111111111111
111111111111111111111111111111111100101111111111111110000000000000000000000000000000011111111111111111111111111111111111
111111111111111111111111111111111100011111111111111100000000000000000000000000000000011111111111111111111111111111111111
111111111111111111111111111111111000111111111111111100000000000000000000000000000000001111111111111111111111111111111111
111111111111111111111111111111100100111111111111111100000000000000000000000000000000001111111111111111111111111111111111
111111111111111111111111111111100001111111111111111100000000000000000000000000000000000111111111111111111111111111111111
111111111111111111111111111111000111111111111111111100000000000000000000000000000000000111111111111111111111111111111111
111111111111111111111111111110001111111111111111111100000000000000000000000000000000000011111111111111111111111111111111
111111111111111111111111111001001111111111111111111110000000000000000000000000000000000011111111111111111111111111111111
111111111111111111111111111000111111111111111111111110000000000000000000000000000000001001111111111111111111111111111111
111111111111111111111111111001111111111111111111111110000000000000000000100000000000001101111111111111111111111111111111
