000000000000000000000000000000000000000000000000000000000000000000000000000000000000000000000000000000000000000000000000
000000000000000000000000000000000000000000000000000000000000000000000000000000000000000000000000000000000000000000000000
000000000000000000000000000000000000000000000000000000000000000000000000000000000000000000000000000000000000000000000000
000000000000000000000000000000000000000000000000000000000000000000000000000000000000000000000000000000000000000000000000
000000000000000000000000000000000000000000000000000000000000000000000000000000000000000000000000000000000000000000000000
000000000000000000000000000000000000000000000000000000000000000000000000000000000000000000000000000000000000000000000000
000000000000000000000000000000000000000000000000000000000000000000000000000000000000000000000000000000000000000000000000
000000000000000000000000000000000000000000000000000000000000000000000000000000000000000000000000000000000000000000000000
000000000000000000000000000000000000000000000000000001110000000000000000000000000000000000000000000000000000000000000000
000000000000000000000000000000000000000000000000000001111000011111111111000000000000000000000000000000000000000000000000
000000000000000000000000000000000000000000000000000111111111111111111000111100000000000000000000000000000000000000000000
000000000000000000000000000000000000000000000000000000111111111111111000000000000000000000000000000000000000000000000000
000000000000000000000000000000000000000000000000000000000111111111111111110000000000000000000000000000000000000000000000
000000000000000000000000000000000000000000000000000000000000111111111111111110000000000000000000000000000000000000000000
000000000000000000000000000000000000000000000000000000001111000111111111111111111000000000000000000000000000000000000000
000000000000000000000000000000000000000000000000000000001111000111111111111111100000000000000000000000000000000000000000
000000000000000000000000000000000000000000000000000000000001111111111111111100000000000000000000000000000000000000000000
000000000000000000000000000000000000000000000000000000000000111111111111001111100000000000000000000000000000000000000000
000000000000000000000000000000000000000000000000000000000000111111111111111111100000000000000000000000000000000000000000
000000000000000000000000000000000000000000000000000000000000011000111111111111111100000000000000000000000000000000000000
000000000000000000000000000000000000000000000000000000000001110000111111111111101111111100000000000000000000000000000000
000000000000000000000000011111000000000000000000000000000011000011111111111111111111111111111111111111111000000000000000
000000000000000000000000011111111111111111111111111110011111011111111111111111111111111111111111111111111110000000000000
000000000000000000000000000000001111111111111111111111111111111111111111111111111111111111111111111111111111110000000000
000000000000000000000000000000000000000001111100000000000001111111111111111111111111111111111111111111111111111000000000
000000000000000000000000000000000000000000000000000000000000011000000001111110000000111111111111111111111111111000000000
000000000000000000000000000000000000000000000000000000000000000000000001111111000000000000000011111111111100000000000000
000000000000000000000000000000000000000000000000000000000000000000000000100110000000000000000000000000110000000000000000
000000000000000000000000000000000000000000000000000000000000000000000000000000000000000000000000000000000000000000000000
000000000000000000000000000000000000000000000000000000000000000000000000000000000000000000000000000000000000000000000000
000000000000000000000000000000000000000000000000000000000000000000000000000000000000000000000000000000000000000000000000
000000000000000000000000000000000000000000000000000000000000000000000000000000000000000000000000000000000000000000000000
000000000000000000000000000000000000000000000000000000000000000000000000000000000000000000000000000000000000000000000000
000000000000000000000000000000000000000000000000000000000000000000000000000000000000000000000000000000000000000000000000
000000000000000000000000000000000000000000000000000000000000000000000000000000000000000000000000000000000000000000000000
000000000000000000000000000000000000000000000000000000000000000000000000000000000000000000000000000000000000000000000000
000000000000000000000000000000000000000000000000000000000000000000000000000000000000000000000000000000000000000000000000
000000000000000000000000000000000000000000000000000000000000000000000000000000000000000000000000000000000000000000000000
000000000000000000000000000000000000000000000000000000000000000000000000000000000000000000000000000000000000000000000000
000000000000000000000000000000000000000000000000000000000000000000000000000000000000000000000000000000000000000000000000
