000000000000000000000000000000000000000000000000000000000111111111111111111111111111000000000000000000000000111111111111
000000000000000000000000000000000000000000000000000000001111111111111111111111111110000000000000000000000011111111111111
000000000000000000000000000000000000000000000000000000111111111111111111111111111100000000000000000000001111111111111111
000000000000000000000000000000000000000000000000000000111111111111111111111111111000000000000000000000111111111111111111
000000000000000000000000000000000000000000000000000000001111111111111111111111110000000000000000000001111100001111111111
000000000000000000000000000000000000000000000000000000000011111111111111111111110000000000000000000001110000000011111111
000000000000000000000000000000000000000000000000000000000111111111111111111111100000000000000000000000000000000001111111
000000000000000000000000000000000000000000000000000000011111111111111111111110000000000000000000000000000000000001111111
000000000000000000000000000000000000000000000000000001111111111111111111111100000000000000000000000000000000000001111111
000000000000000000000000000000000000000000000000000011111111111111000001110000000000000000000000000000000000000011111111
000000000000000000000000000000000000000000000000001111111111111111000000000000000000000000000000000000000000000011111111
000000000000000000000000000000000000000000000000011111111111111110000000000000000000000000000000000000000000000111111110
000000000000000000000000000000000000000000000000111111111011111100000000000000000000000000000000000000000000001111111000
000000000000000000000000000000000000000000000001111111100111111000000000000000000000000000000000000000000111111111100000
000000000000000000000000000000000000000000000011111111101111100000000000000000000000000000000000000000001111111110000000
000000000000000000000000000000000000000000000011111111110110000000000000000000000000000000000000000000111111111100000000
000000000000000000000000000000000000000000000111111111111100000000000000000000000000000000000000000001111111110000000000
000000000000000000000000000000000000000000000111111111111111000000000000000000000000000000000000000001100000000000000000
000000000000000000000000000000000000000000000111111111100000000000000000000000000000000000000000000000000000000000000000
000000000000000000000000000000000000000000000111111111110000000000000000000000000000000000000000000000000000000000000000
000000000000000000000000000000000000000000000011111111100000000000000000000000000000000000000000000000000000000000000000
000000000000000000000000000000000000000000000000001110000000000000000000000000000000000000000000000000000000000000000000
000000000000000000000000000000000000000000000000000000000000000000000000000000000000000000000000000000000000000000000000
000000000000000000000000000000000000000000000000000000000000000000000000000000000000000000000000000000000000000000000000
000000000000000000000000000000000000000000000000000000111111111111111111111111111111111111111111111110000000000000000000
000000000000000000000000000000000000011111111111111111111111111111111111111111111111111111111111111111111111111110000111
000000000000000000001111111111111111111111111111111111111111111111111111111111111111111111111111111111111111111111111111
011111111111111111111111111111111111111111111111111111111111111111111111111111111111111111111111111111111111111111111111
111111111111111111111111111111111111111111111111111111111111111111111111111111111111111111111111111111111111111111111111
000000011111111111111111111111111111111111111111111111111111111111111111111111111111111111111111111111111111111111111111
000000000000000000000000000111111111111111111111111111111111111111111111111111111111111111111111111111111111111111111111
000000000000000000000000000000000000000000011111111111111111111111111111111111111111111111111111111111111100000000000000
000000000000000000000000000000000000000000000000000000000000000000111111111111111111111111100000000000000000000000000000
000000000000000000000000000000000000000000000000000000000000000000000000000000000000000000000000000000000000000000000000
000000000000000000000000000000000000000000000000000000000000000000000000000000000000000000000000000000000000000000000000
000000000000000000000000000000000000000000000000000000000000000000000000000000000000000000000000000000000000000000000000
000000000000000000000000000000000000000000000000000000000000000000000000000000000000000000000000000000000000000000000000
000000000000000000000000000000000000000000000000000000000000000000000000000000000000000000000000000000000000000000000000
000000000000000000000000000000000000000000000000000000000000000000000000000000000000000000000000000000000000000000000000
000000000000000000000000000000000000000000000000000000000000000000000000000000000000000000000000000000000000000000000000
