000000000000000000000000000000000000000000000000000000000000000000000000000000000000000000000000000011111110000000000000
000000000000000000000000000000000000000000000000000000000000000000000000000000000000000111111111111111111110000000000000
000000000000000000000000000000000000000000000000000000000000000000000000000000000001111111111111111111111100000000000000
000000000000000000000000000000000000000000011111111111111111111111100000000000001111111111111111111111111100000000000000
000000000000000000000000000000000000000001111111111111111111111111111111111111111111111111111111111111111111000000000000
000000000000000000000000000000000000000011100001111111111111111111111111111111111111111111111111111111111111100000000000
000000000000000000000000000000000000000010100001111111111111111111111111111111111111111111111111111111111111110000000000
000000000000000000000000000000000000000010100111111111111111111111111111111111111111111111111111111111111111110000000000
000000000000000000000000000000000000000001111000001110001111111111111111111111111111111111111111111111111111110000000000
000000000000000000000000000000000000000000000000000011000000111111111111111111111111111111111111111111111111100000000000
000000000000000000000000000000000000000000000000000001100000011111111111111111111111111111111111111111111111100000000000
000000000000000000000000000000000000000000000000000001111111111111111111111111111111111111111111111111111111000000000000
000000000000000000000000000000000000000000000000000000111111111111111111111111111111111111111111111111111111000000000000
000000000000000000000000000000000000000000000000000001111111111111111111111111111111111111111111111111111111000000000000
000000000000000000000000000000000000000000000000000000000111111111111111111111111111111111111111111111111111100000000000
000000000000000000000000000000000000000000000000000000000001111111111111111111111111111111111111111111111111111000000000
000000000000000000000000000000000000000000000000000000100000011111111111111111111111111111111111111111111111111110000000
000000000000000000000000000000000000000000000000000001100000011111111111111111111111100011111111111111111111111111100000
000000000000000000000000000000000000000000000000000001100000001111111111111111111111110000001111111111111111111111111000
000000000000000000000000000000000000000000000000000001100000001111111111111111111110111000000001111111111111111111111110
000000000000000000000000000000000000000000000000000011000000001111111111111111111110001110000000111111111111111111111111
000000000000000000000000000000000000000000000000000011000000001111111111111111111111000011100000000001111111111111111111
000000000000000000000000000000000000000000000000000011000000001111111111111111111111000000111000000000000011111111111111
000000000000000000000000000000000000000000000000000111000000011111111111111111111111000000000111000100000000111111111111
000000000000000000000000000000000000000000000000011111100000111111111111111111111111000000000000111111000000001111111111
000000000000000000000000000000000000000000000001111111100001111111111111111111111111100000000000000000011111111111111111
000000000000000000000000000000000000000000000001111111100111111111111111111111111111100000000000000000000000000001110000
000000000000000000000000000000000000000000000001111111100111111111111111111111111111100000000000000000000000000000110000
000000000000000000000000000000000000000000000000111111111111111111111111111111111111100000000000000000000000000000011001
000000000000000000000000000000000000000000000000001111111111111111111111111111111111110000000000000000000000000000000111
000000000000000000000000000000000000000000000000000000111111111111111111111111111111110000000000000000000000000000000000
000000000000000000000000000000000000000000000000000000011111111111111111111111111111111000000000000000000000000000000000
000000000000000000000000000000000000000000000000000111111111111111111111111111111111111100000000000000000000000000000000
000000000000000000000000000000000000000000000000011111110011111111111111111111111111111110000000000000000000000000000000
000000000000000000000000000000000000000000000000111111100111111111111111111111111111111111000000000000000000000000000000
000000000000000000000000000000000000000000000000011100000111111111111111111111111111111111100000000000000000000000000000
000000000000000000000000000000000000000000000000000000001111111111111111111111111111111111110000000000000000000000000000
000000000000000000000000000000000000000000000000000000001111111111111111111111111111111111110000000000000000000000000000
000000000000000000000000000000000000000000000000000000001111111111111111111111111111111111111000000000000000000000000000
000000000000000000000000000000000000000000000000000000011111111111111111111111111111111111000000000000000000000000000000
