000000000000000000000000000000000000000000000000000000000000000000000000000000000000000000000000000000000000000000000000
000000000000000000000000000000000000000000000000000000000000000000000000000000000000000000000000000000000000000000000000
000000000000000000000000000000000000000000000000001111111111111111111000000000000000000000000000000000000000000000000000
000000000000000000000000000000000000000000000001111111111111111111111111000000000000000000000000000000000000000000000000
000000000000000000000000000000000000000000000011111111111111111111111111100000000000000000000000000000000000000000000000
000000000000000000000000000000000000000000000111111111111111111111111111111111111100000000000000000000000000000000000000
000000000000000000000000000000000000000000000111111111111111111111111111111111111110000000000000000000000000000000000000
000000000000000000000000000000000000000000000111111111111111111111111111111111111110000000000000000000000000000000000000
000000000000000000000000000000000000000000000111111111111111111111111111111111111110000000000000000000000000000000000000
000000000000000000000000000000000000000000001111111111111111111111111111111111111111000000000000000000000000000000000000
000000000000000000000000000000000000000001111111111111111111111111111111111011111110000000000000000000000000000000000000
000000000000000000000000000000000000000001111111111111111111111111111111110011111110000000000000000000000000000000000000
000000000000000000000000000000000000000000000011111111111111111111111111110011111110000000000000000000000000000000000000
000000000000000000000000000000000000000000000111111111111111111111111111110011111111000000000000000000000000000000000000
000000000000000000000000000000000000000000000000111111111111111111111111000011111111000000000000000000000000000000000000
000000000000000000000000000000000000000000000000001111111111111111111100000011111111000000000000000000000000000000000000
000000000000000000000000000000000000000000000000000110011111111100110000000001111111000000000000000000000000000000000000
000000000000000000000000000000000000000000000000000000001111111100000000000001111110000000000000000000000000000000000000
000000001100000000000000000000000000000000000000000011111111111111100000000000011100000000000000000000000000011100000000
000000111111111000000000000000000000000000000000011111111111111111111110000000000000000000000000000000001111111111000000
000011110000111111110000000000000000000000000001111111111111111111111111000000000000000000000000000111111100000011111000
011111100000000111011111000000000000000000000111111111111111111111111111110000000000000000000001111101111100000011111111
111111111000011111100001111110000001111111111111111111111111111111111111111111111111111111111111000011111100000111110111
100011111100011111110000011111100011111001111111111111111111111111111111111111000111100000011110000011111110001111110000
000111111100011111100000111110000011111000011111111111111111111111111111111100000111110000011111000011111100001111110000
000011111100001111100001111111000111111100111111111111111111111111111111111110001111110000111111100001111000001111100000
100001111000000111100001111111000111111100011111111111111111111111111111111100001111110000111111000001110000001111000001
100000111000000011000000111110000011111000011111111111111111111111111111111110000111110000011110000001110000001110000001
000000111000000011000000011110000011110000111111111111111111111111111111111110000111100000011110000000100000000110000001
000000010000000000000000011100000001110000111111111111111111111111111111111111000011000000011100000000000000000000000001
000000000000000000000000001100000001100011111111011111111111111111111110111111100011000000001000000000000000000000000000
000000000000000000000000000000000001111111111110011111111111111111111110011111111111000000000000000000000000000000000000
000000000000000000111111000000001111111111111000011111111111111111111110001111111111111110001111111110000000000000000000
000000000000000000001111111111111111111111000000011111111111111111111110000001111111111111111111111000000000000000000000
000000001111111111111111111111111111100000000000011111111111111111111110000000000000111111111111111111100000000000000000
000000000011111111111111111111100000000000000000111111111111111111111111000000000000000000011111111111111111110000000000
000000000000000111111110000000000000000000000001111111111111111111111111100000000000000000000000011111111000000000000000
000000000000000000000000000000000000000000000011111111111111111111111111110000000000000000000000000000000000000000000000
000000000000000000000000000000000000000000000111111111111111111111111111111000000000000000000000000000000000000000000000
000000000000000000000000000000000000000000001111111111111111111111111111111100000000000000000000000000000000000000000000
