111111111111111111111111111111111111111100000000000000000000000000000000000000000000000000000000000000000000000000000000
111111111111111111111111111111111111111100000000000000000000000000000000000000000000000000000000000000000000000000000000
111111111111111111111111111111111111111100000000000000000000000000000000000000000000000000000000000000000000000000000000
111111111111111111111111111111111111111100000000000000000000000000000000000000000000000000000000000000000000000000000000
111111111111111111111111111111111111111100000000000000000000000000000000000000000000001110000000000000000000000000000000
111111111111111111111111111111111111111100000000000000000000000000000000000000000000111110000000000000000000000000000000
111111111111111111111111111111111111111100000000000000000000000000000000000000000000011111111111110000000000000000000000
111111111111111111111111111111111111111100000000000000000000000000000000000000000000000111111111111000000000000000000000
111111111111111111111111111111111111111100000000000000000000000000000000000000000000000011111111101000000000000000000000
111111111111111111111111111111111111111100000000000000000000000000000000000000000000000011111111100000000000000000000000
111111111111111111111111111111111111111100000000000000000000000000000000000000000000000011111111110000000000000000000000
111111111111111111111111111111111111111100000000000000000001000000000000000000000000000111111111011000000000000000000000
111111111111111111111111111111111111111100000000000000000001111111000000000000000000000111111111110000000000000000000000
111111111111111111111111111111111111111100000000000000000000001111111110000000000000011111111111111000000000000000000000
111111111111111111111111111111111111111100000000000000000000000111111111111111000001111111111111111000000000000000000000
000000001111111111111111111111111111111100000000000000000000000000000011001111111111111111111111111110000000000000000000
000000000001111111111111111111111111111100000000000000000000000000000001100000000111111111111111111111100000000000000000
000000000000111111111111111111111111111100000000000000000000000000000000100000000001111111111111111111111111111111100000
000000000000011111111111111111111111111100000000000000000000000000000000000000000000001111111111111111111111111111111100
000000000000001111111111111111111111111100000000000000000000000000000000000000000000000000011111111111111111111111111110
000000000000001111111111111111111111111100000000000000000000000000000000000000000000000000011111000000111111111111111111
000000000000011111111111111111111111111100000000000000000000000000000000000000000000000000000010000000000011111111111111
000000000000111111111111111111111111111100000000000000000000000000000000000000000000000000000000000000000000000111111111
000000000111111111111111111111111111111100000000000000000000000000000000000000000000000000000000000000000000000000110001
111111111111111111111111111111111111111100000000000000000000000000000000000000000000000000000000000000000000000000000000
111111111111111111111111111111111111111100000000000000000000000000000000000000000000000000000000000000000000000000000000
111111111111111111111111111111111111111100000000000000000000000000000000000000000000000000000000000000000000000000000000
111111111111111111111111111111111111111100000000000000000000000000000000000000000000000000000000000000000000000000000000
111111111111111111111111111111111111111100000000000000000000000000000000000000000000000000000000000000000000000000000000
111111111111111111111111111111111111111100000000000000000000000000000000000000000000000000000000000000000000000000000000
111111111111111111111111111111111111111100000000000000000000000000000000000000000000000000000000000000000000000000000000
111111111111111111111111111111111111111100000000000000000000000000000000000000000000000000000000000000000000000000000000
111111111111111111111111111111111111111100000000000000000000000000000000000000000000000000000000000000000000000000000000
111111111111111111111111111111111111111100000000000000000000000000000000000000000000000000000000000000000000000000000000
111111111111111111111111111111111111111100000000000000000000000000000000000000000000000000000000000000000000000000000000
111111111111111111111111111111111111111100000000000000000000000000000000000000000000000000000000000000000000000000000000
111111111111111111111111111111111111111100000000000000000000000000000000000000000000000000000000000000000000000000000000
111111111111111111111111111111111111111100000000000000000000000000000000000000000000000000000000000000000000000000000000
111111111111111111111111111111111111111100000000000000000000000000000000000000000000000000000000000000000000000000000000
111111111111111111111111111111111111111100000000000000000000000000000000000000000000000000000000000000000000000000000000
