111111111111111111111111111111111111111111111111111111111111111111111111111111111111111111111111111111111111111111111111
111111111111111111111111111111111111111111111111111111111111111111111111111111111111111111111111111111111111111111111111
111111111111111111111111111111111111111111111111111111111111111111111111111111111111111111111111111111111111111111111111
111111111111111111111111111111111111111111111111111111111111111111111111111111111111111111111111111111111111111111111111
111111111111111111111111111111111111111111111111111111111111111111111111111111111111111111111111111111111111111111111111
111111111111111111111111111111111111111111111111111111111111111111111111111111111111111111111111111111111111111111111111
111111111111111111111111111111111111111111111111111111111111111111111111111111111111111111111111111111111111111111111111
111111111111111111111111111111111111111111111111111111000111111111111111111111111111111111111111111111111111111111111111
111111111111111111111111111111111111111111111111111111100111111111111111111111111111111111111111111111111111111111111111
111111111111111111111111111111111111111111111111111111100111111111111111111111111111111111111111111111111111111111111111
111111111111111111111111111111111111111111111111111111100111111111111111111111111111111111111111111111111111111111111111
111111111111111111111111111111111111111111111111111111100111111111111100000011111111111111111111111111111111111111111111
111111111111111111111111111111111111111111111111111111100011111111100000000000111111111111111111111111111111111111111111
111111111111111111111111111111111111111111111111111111110011111111000000000000011111111111111111111111111111111111111111
111111111111111111111111111111111111111111111111111111110011111110000000000000001111111111111111111111111111111111111111
111111111111111111111111111111111111111111111111111111100000111111000000000000001111111111111111111111111111111111111111
111111111111111111111111111111111111111111111111111111100000001011110000000000001111111111111111111111111111111111111111
111111111111111111111111111111111111111111111111111111110010000001100000000000001111111111111111111111111111111111111111
111111111111111111111111111111111111111111111111111111110000000000000000000000001111111111111111111111111111111111111111
111111111111111111111111111111111111111111111111111111110000000000000000000000001111111111111111111111111111111111111111
111111111111111111111111111111111111111111111111111111110000000000000000000000001111111111111111111111111111111111111111
111111111111111111111111111111111111111111111111111111110000000001000000000000001111111111111111111111111111111111111111
111111111111111111111111111111111111111111111111111111110000001111000000000000001111111111111111111111111111111111111111
111111111111111111111111111111111111111111111111111111110011111111100000000000011111111111111111111111111111111111111111
111111111111111111111111111111111111111111111111111111110000111111100000000000011111111111111111111111111111111111111111
111111111111111111111111111111111111111111111111111111110000000000000000000000011111111111111111111111111111111111111111
111111111111111111111111111111111111111111111111111111110000000000000000000000011111111111111111111111111111111111111111
111111111111111111111111111111111111111111111111111111111001000000000000000000001111111111111111111111111111111111111111
111111111111111111111111111111111111111111111111111111111001100000000000000000001111111111111111111111111111111111111111
111111111111111111111111111111111111111111111111111111111001110000000000000000001111111111111111111111111111111111111111
111111111111111111111111111111111111111111111111111111111001111000000000000000001111111111111111111111111111111111111111
111111111111111111111111111111111111111111111111111111111001111100000000000000001111111111111111111111111111111111111111
111111111111111111111111111111111111111111111111111111111000111100000000000000001111111111111111111111111111111111111111
111111111111111111111111111111111111111111111111111111111100111100000000000000001111111111111111111111111111111111111111
111111111111111111111111111111111111111111111111111111111000111000000000000000000111111111111111111111111111111111111111
111111111111111111111111111111111111111111111111111111111000011000000000000000000111111111111111111111111111111111111111
111111111111111111111111111111111111111111111111111111111000000000000000000000000111111111111111111111111111111111111111
111111111111111111111111111111111111111111111111111111111000000000000000000000001111111111111111111111111111111111111111
111111111111111111111111111111111111111111111111111111110000000000000000000000001111111111111111111111111111111111111111
111111111111111111111111111111111111111111111111111111110000000000000000000000000111111111111111111111111111111111111111
