000000000000000000000000000000000000000000000000000000000000000000000000000000000000000000000000011111111111111111110000
000000000000000000000000000000000000000000000000000000000000000000000000000000000000000000000000111111111111111111111000
000000000000000000000000000000000000000000000000000000000000000000000000000000000000000000000011111111111111111111111000
000000000000000000000000000000000000000000000000000000000000000000000000000000000000000000011111111111111111111111111111
000000000000000000000000000000000000000000000000000000000000000000000000000000000000011111111111111111111111111111111111
000000000000000000000000000000000000000000000000000000000000000000000000000000000111111111111111111111111111111111111111
000000000000000000000000000000000000000000000000000000000000000000000000000000011111111111111111111111111111111111111111
000000000000000000000000000000000000000000000000000000000000000000000000000000001111111111111111111111111111111111111111
000000000000000000000000000000000000000000000000000000000000000000000000000000000000000000000111111111111111111111111111
000000000000000000000000000000000000000000000000000000000000000000000000000000000000000000000011111111111111111111111111
000000000000000000000000000000000000000000000000000000000000000000000000000000000000000000000001111111111111111111111111
000000000000000000000000000000000000000000000000000000000000000000000000000000000000000000000001111111111111111111111111
000000000000000000000000000000000000000000000000000000000000000000000000000000000000000011111111111111111111111111111111
000000000000000000000000000000000000000000000000000000000000000000000001111000000000000111111111111111111111111111111111
000000000000000000000000000000000000000000000000000000000000000000011111111111000000011111111111111111111111111111111110
000000000000000000000000000000000000000000000000000000000000000001111110011111110111111111111111111111111111111111111110
000000000000000000000000000000000000000000000000000000000000000001111011100111111111111111111111111111111111111111111110
000000000000000000000000000000000000000000000000000000000000000000001011110011111111110011001111111111111111111111111110
000000000000000000000000000000000000000000000000000000000000000000000011110000000000000000000000111111111111111111111110
000000000000000000000000000000000000000000000000000000000000000000000011110000000000000000000000011111111111111111111111
000000000000000000000000000000000000000000000000000000000000000000000001100000000000000000000000001111111111111111111111
000000000000000000000000000000000000000000000000000000000000000000000000000000000000000000000000001111111111111111111111
000000000000000000000000000000000000000000000000000000000000000000000000000000000000000000000000000111111111111111111111
000000000000000000000000000000000000000000000000000000000000000000000000000000000000000000000000000011111111111111111111
000000000000000000000000000000000000000000000000000000000000000000000000000000000000000000000000000001111111111111111111
000000000000000000000000000000000000000000000000000000000000000000000000000000000000000000000000000111111111111111111111
000000000000000000000000000000000000000000000000000000000000000000000000000000000000000000000000000111111111111111111111
000000000000000000000000000000000000000000000000000000000000000000000000000000000000000000000000001111111111111111111111
000000000000000000000000000000000000000000000000000000000000000000000000000000000000000000000000011111111111111111111111
000000000000000000000000000000000000000000000000000000000000000000000000000000000000000000000011111111111111111111111111
000000000000000000000000000000000000000000000000000000000000000000000000000000000000000000011111111111111111111111111111
000000000000000000000000000000000000000000000000000000000000000000000000000000000001111111111111111111111111111111111111
000000000000000000000000000000000000000000000000000000000000000000000000000000000001111111111111111111111111111111111111
000000000000000000000000000000000000000000000000000000000000000000000000000000000000011111111111111111111111111111111111
000000000000000000000000000000000000000000000000000000000000000000000000000000000000011111111111111111111111111111111111
000000000000000000000000000000000000000000000000000000000000000000000000000000000000001111111111111111111111111111111111
000000000000000000000000000000000000000000000000000000000000000000000000000000000000000111111111111111111111111111111111
000000000000000000000000000000000000000000000000000000000000000000000000000000000000000111111111111111111111111111111111
000000000000000000000000000000000000000000000000000000000000000000000000000000000000000111111111111111111111111111111111
000000000000000000000000000000000000000000000000000000000000000000000000000000000000000111111111111111111111111111111111
