000000000000000000000000000000000000000000000000000000000000000000000000000000000000000000000000000000000000000000000000
000000000000000000000000000001100000000000000000000000000000000000000000000000000000000000000000000000000000000000000000
000000000000000000000000001111100000000000000000000000000000000000000000000000000000000000000000000000000000000000000000
000000000000000000000001111111110000000000000000000000000000000000000000000000000000000000000000000000000000000000000000
000000000001111111111111111111111000000000000000000000000000000000000000000000000000000000000000000000000000000000000000
000000001111111111111111111111111111100000000000000000000000000000000000000000000000000000000000000000000000000000000000
000000111111111111111111111111111111111100000000000000000000000000000000000000000000000000000000000000000000000000000000
000001111111111111111111111111111111111111000000000000000000000000000000000000000000000000000000000000000000000000000000
000011111111111111111111111111111111111111100000000000000000000000000000000000000000000000000000000000000000000000000000
000011111111111111111111111111111111111111110000000000000000000000000000000000000000000000000000000000000000000000000000
000011111111111111111111111111111111111111110000000000000000000000000000000000000000000000000000000000000000000000000000
000111111111111111111111111111111111111111111000000000000000001100000000000000000000000000000000000000000000000000000000
111111111111111111111111111111111111111111111000000000000000111000000000000000000000000000000000000000000000000000000000
111111111111111111111111111111111111111111110000000000000000000000000000000000000000000000000000000000000000000000000000
111111111111111111111111111111111111111111110000000000000000000000000000000000000000000000000000000000000000000000000000
111111111111111111111111111111111111111111111000000000000111100000000000000000000000000000000000000000000000000000000000
000111111111111111111111111111111111111111111000000000000111000000000000000000000000000000000000000000000000000000000000
001111111111111111111111111111111111111111110000000000000000000000000000000000000000000000000000000000000000000000000000
001111111111111111111111111111111111111111110000000000000000000000000000000000000000000000000000000000000000000000000000
011111111111111111111111111111111111111111110000000000000000000000000000000000000000000000000000000000000000000000000000
111111111111111111111111111111111111111111111000000000000000000000000000000000000000000000000000000000000000000000000000
111111111111111111111111111111111111111111111000000000000000000000000000000000000000000000000000000000000000000000000000
111111111111111111111111111111111111111111111100000000000000000000000000000000000000000000000000000000000000000000000000
111111111111111111111111111111111111111111111100000000000000000000000000000000000000000000000000000000000000000000000000
111111111111111111111111111111111111111111111110000000000000000000000000000000000000000000000000000000000000000000000000
000000100011111111111111111111111111111111111111000000000000000000000000000000000000000000000000000000000000000000000000
000000111111111111111111111111111111111111110000010000001111111111111111111110000000000000000000000000000000000000000000
001111111111111111111111111111111111111111000000001111111111111111111111111111111110000000000000000000000000000000000000
111111111111111111111111111111111111111111110011111111111111111111111111111111111111111000000000000000000000000000000110
111111111111111111111111111111111111111111111111111111111111111111111111111111111111111111000000000000000000000000000010
011111111111111111111111111111111111111111111111111111111111111111111111111111111111111111111000000000000000000000000000
011111111111111111111111111111111111111111111111111111111111111111111111111111111111111111111110000000000000000000000000
111111111111111111111111111111111111111111111111111111111111111111111111111111111111111111111111100000000000000000000000
111111111111111111111111111111111111111111111111111111111111111111111111111111111111111111111111110000000000000000000000
111111111111111111111111111111111111111111111111111111111111111111111111111111111111111111111111111100000000000000000000
111111111111111111111111111111111111111111111111111111111111111111111111111111111111111111111111111110000000000000000000
111111111111111111111111111111111111111111111111111111111111111111111111111111111111111111111111111110000000000000000000
111111111111111111111111111111111111111111001111111111111111111111111111111111111111111111111111100000000000000000000000
111111111111111111111111111111111111111111001111111111111111111111111111111111111111111111111000000000000000000000000000
111111111111111111111111111111111111111111001111111111111111111111111111111111111111111110000000000000000000000000000000
