111111111111111111111111111111111111111111111111111111111111111111111111111111111111111111111111111111111111111111111111
111111111111111111111111111111111111111111111111111111111111111111111111111111111111111111111111111111111111111111111111
111111111111111111111111111101111111111111111111111111111111111111111111111111111111111111111111111111111111111111111111
111111111111111111111111100000111111111111111111111111111111111111111111111111111111111111111111111111111111111111111111
111111111111111111111111100000000011111111111111111111111111111111111111111111111111111111111111111111111111111111111111
111111111111111111111111000000000011111111111111111111111111111111111111111111111111111111111111111111111111111111111111
111111111111111111111000000000001111111111111111111111111111111111111111111111111111111111111111111111111111111111111111
111111111111000000000000000000000111111111111111111111111111111111111111111111111111111111111111111111111111111100011111
111111111110000000000000000000000001111111111111111111111111111111111111111111111111111111111111111111111111111100011111
111111111111100000000000000000000000001111111111111111111111111111111111111111111111111111111111111111111111100000000111
111111111111110000000000000000000000000011111111111111111111111111111111111111111111111111111111111111111110000000000001
111111111111100000000000000000000000001111111111111111111111111111111111111111111111111111111111111111000000000000000000
111111111111100000000000000000000000001111111111111111111111111111111111111111111111111111111111111111100000000000000000
111111111111000000000000000000000000000111111111111111111111111111111111111111111111111111111111111111100000000000000000
111111111111110000000000000000000000000111111111111111111111111111111111111111111111111111111111111111100000000000000000
111111111111111100000000000000000000000011111111111111111111111111111111111111111111111111111111111111000000000000000000
111111111111111100000000000000000000000011111111111111111111111111111111111111111111111111111111111111000000000000000001
111111111111111110000000000000000000000111111111111111111111111111111111111111111111111111111111111111000000000000000111
111111111111111111000000000000000000001111111111111111111111111111111111111111111111111111111111111111000000000000000011
111111111111111111111000000000000001111111111111111111111111111111111111111111111111111111111111111111000000000000000000
111111111111111111000000000000000000001111111111111111111111111111111111111111111111111111111111110000000000000000000000
111111111111111100000000000000000000000011111111111111111111111111111111111111111111111111111111110000000000000000000000
111111111111110000000000000000000000000001111111111111111111111111111111111111111111111111111111111100000000000000000000
111111111111110000000000000000000000000011111111111111111111111111111111111111111111111111111111111110000000000000000000
111111111111110000000000000000000000000011111111111111111111111111111111111111111111111111111111111110000000000000000000
111111111111110000000000000000000000000011111111111111111111111111111111111111111111111111111111111100000000000000000000
111111111111110000000000000000000000000111111111111111111111111111111111111111111111111111111111111100000000000000000000
111111111111100000000000000000000000000011111111111111111111111111111111111111111111111111111111111000000000000000000011
111000000000000000000000000000000000000011111111111111111111111111111111111111111111111111111111110000000000000000111111
000000000000000000000000000000000000000011111111111111111111111111111111111111111111111111111111111000000000000001111111
000000000001111000000000000000000000000001111111111111111111111111111111111111111111111111111111111000000000000000111111
000000000000000000000000000000000000000011111111111111111111111111111111111111111111111111111111110000000000000000011111
000000000000000000000000000000000000000111111111111111111111111111111111111111111111111111111111100000000000000000001111
000000000000000000000000000000000000000000011111111111111111111111111111111111111111111111111111100000000000000000000111
000000000000000000000000000000000000000000011111111111111111111111111111111111111111111111111111100000000000000000000011
000000000000000000000000000000000000000000011111111111111111111111111111111111111111111111111111000000000000000000000001
000000000000000000000000000000000000000000001111111111111111111111111111111111111111111111111111000000000000000000000000
000000000000000000000000000000000000000000000111111111111111111111111111111111111111111111111111000000000000000000000000
000000000000000000000000000000000000000000000111111111111111111111111111111111111111111111111111000000000000000000000000
000000000000000000000000000000000000000000000011111111111111111111111111111111111111111111111110000000000000000000000000
