000000000000000000000000000000000000000000000000000000000000000000011111111111111111111100000000000000000000000000000000
000000000000000000000000000000000000000000000000000000000000000000111111111111110000000000000000000000000000000000000000
000000000000000000000000000000000000000000000000000000000000000011111111111111110000000000000000000000000000000000000000
000000000000000000000000000000000000000000000000000000000000000011111111111111100000000000000000000000000000000000000001
000000000000000000000000000000000000000000000000000000000000000111111111111111000000000000000000000000000000000000111111
000000000000000000000000000000000000000000000000000000000000001111111100011110000000000000000000000000000000000011111111
000000000000000000000000000000000000000000000000000000000000011111111000000000000000000000000000000000000000001111111111
000000000000000000000000000000000000000000000000000000000000011111111000000000000000000000000000000000000000001111110010
000000000000000000000000000000000000000000000000000000000000011111111100000000000000000000000000000000000000000000000000
000000000000000000000000000000000000000000000000000000000000011111111110000000000000000000000000000000000000000000000000
000000000000000000000000000000000000000000000000000000000000011111111111000000000000000000000000000000000000000000000000
000000000000000000000000000000000000000000000000000000000000001111111000000000000000000000000000000000000000000000000000
000000000000000000000000000000000000000000000000000000000000000111111000000000000000000000000000000000000000000000000000
000000000000000000000000000000000000000000000000000000000000000011000000000000000000000000000000000000000000000000000000
000000000000000000000000000000000000000000000000000000000000000000000000000000000000000000000000000000000000000000000000
000000000000000000000000000000000000000000000000000000000000000000000000000000000000000000000000000000000000000000000000
000000000000000000000000000000000000000000000000000000000000000000000000000000000000000000000000000000000000000000000000
000000000000000000000000000000000000000000000000000000000000000000000000000000000000000000000000000000000000000000000000
000000000000000000000000000000000000000000000000000000000000000000000000000000000000000000000000000000000000000000000000
000000000000000000000000000000000000000000000000000000000000000000000000000000000000000000000000000000000000000000000000
000000000000000000000000000000000000000000000000000000000000000000000000000000000000000000000000000000000000000000000000
000000000000000000000000000000000000000000000000000000000000000000000000000000000000000000000000000000000000000000000000
000000000000000000000000000000000000000000000000000000000000001111111111111111111111111111111110000000000000000000000000
000000000000000000000000000000000000000001111111111111111111111111111111111111111111111111111111111111111110000000000000
000000000000000000000000001111111111111111111111111111111111111111111111111111111111111111111111111111111111111111111111
000000111111111111111111111111111111111111111111111111111111111111111111111111111111111111111111111111111111111111111111
111111111111111111111111111111111111111111111111111111111111111111111111111111111111111111111111111111111111111111111111
001111111111111111111111111111111111111111111111111111111111111111111111111111111111111111111111111111111111111111111111
000000000000000000000011111111111111111111111111111111111111111111111111111111111111111111111111111111111111111111111111
000000000000000000000000000000000000001111111111111111111111111111111111111111111111111111111111111111111111000000000000
000000000000000000000000000000000000000000000000000000000011111111111111111111111111111111111111100000000000000000000000
000000000000000000000000000000000000000000000000000000000000000000000000000000000000000000000000000000000000000000000000
000000000000000000000000000000000000000000000000000000000000000000000000000000000000000000000000000000000000000000000000
000000000000000000000000000000000000000000000000000000000000000000000000000000000000000000000000000000000000000000000000
000000000000000000000000000000000000000000000000000000000000000000000000000000000000000000000000000000000000000000000000
000000000000000000000000000000000000000000000000000000000000000000000000000000000000000000000000000000000000000000000000
000000000000000000000000000000000000000000000000000000000000000000000000000000000000000000000000000000000000000000000000
000000000000000000000000000000000000000000000000000000000000000000000000000000000000000000000000000000000000000000000000
000000000000000000000000000000000000000000000000000000000000000000000000000000000000000000000000000000000000000000000000
000000000000000000000000000000000000000000000000000000000000000000000000000000000000000000000000000000000000000000000000
