111111111111111111111111111111111111111111111111111111111111111111111111111111111111111111111111111111111111111111100000
111111111111111111111111111111111111111111111111111111111111111111111111111111111111111111111111111100000000010000000000
111111111111111111111111111111111111111111111111111111111111111111111111111111111111111111111000000000000000000000000000
111111111111111111111111111111111111111111111111111111111111111111111111111111111111111110000000000000000000000000000000
111111111111111111111111111111111111111111111111111111111111111111111111111111111111111000000000000000000000000000000000
111111111111111111111111111111111111111111111111111111111111111111111111111111111111100000000000000000000000000000000000
111111111111111111111111111111111111111111111111111111111111111111111111111111111111000000000000000000000000000000000000
111111111111111111111111111111111111111111111111111111111111111111111111111111111100000000000000000000000000000000000000
111111111111111111111111111111111111111111111111111111111111111111111111011110000000000000000000000000000000000000000000
111111111111111111111111111111111111111111111111111111111111111111111100000000000000000000000000000000000000000000000000
111111111111111111111111111111111111111111111111111111111111111111111100000000000000000000000000000000000000000000000000
111111111111111111111111111111111111111111111111111111111111111111111110000000000000000000000000000000000000000000000000
111111111111111111111111111111111111111111111111111111111111111111111111100010000000000000000000000000000000000000000000
111111111111111111111111111111111111111111111111111111111111111111111111111110000000000000000000000000000000000000000000
111111111111111111111111111111111111111111111111111111111111111111111111111111100000000000000000000000000000000000000000
111111111111111111111111111111111111111111111111111111111111111111111111111111111110000000000000000000000000000000000000
111111111111111111111111111111111111111111111111111111111111111111111111111111111100000000000000000000000000000000000000
111111111111111111111111111111111111111111111111111111111111111111111111111111111000000000000000000000000000000000000000
111111111111111111111111111111111111111111111111111111111111111111111111111111111110000000000000000000000000000000000000
111111111111111111111111111100000000000011111111111111111111111111111111111111111111000000000000000000000000000000000000
111111111111111111111100000000000000000000000011111111111111111111111111111111111111100000000000000000000000000000000000
111111111111111111111110000000000000000000000000000011111111111111111111111111111111101100100100000000000000000000000000
111111111111111111111111100000000000000000000000000000111111111111111111111111111111111111111110000000000000000000000000
111111111111111111111111111000000000000000000000000000001111111111111111111111111111111111111110000000000000000000010000
111111111111111111111111111000000000000000000000000000000111111111111111111111111111111111111100000000000000001100111110
111111111111111111111111111111100000000000000000000000000001111111111111111111111100000011100000000000000000111111111100
111111111111111111111111111111111111111111100000000000000000011111111111111111111000000000000000000000000000111111111100
111111111111111111111111111111111111111111111000000000000000000111111111111100000000000000000000000000000000011111111000
111111111111111111111111111111111111111111111110000000000000000001111111100000000000000000000000000000000000001111111000
111111111111111111111111111111111111111111111111000000000000000000100000000000000000000000000000000000000000001111111000
111111111111111111111111111111111111111111111111110000000000000000000000000000000000000000000000000000000000001111110000
111111111111111111111111111111111111111111111111111100000000000000000000000000000000000000000000000000000000001111100000
111111111111111111111111111111111111111111111111111110000000000000000000000000000000000000000000000000000000000000000000
111111111111111111111111111111111111111111111111111111100000000000000000000000000000000000000000000000000000000000000000
111111111111111111111111111111111111111111111111111111111100000000000000000000000000000000000000000000000000000000000001
111111111111111111111111111111111111111111111111111111111111110000001111111111000000000000000000000000000000000000000000
111111111111111111111111111111111111111111111111111111111111111111111111111111000000000000000000000000000000000000000000
111111111111111111111111111111111111111111111111111111111111111111111111111111000000000000000000000000001111110000000000
111111111111111111111111111111111111111111111111111111111111111111111111111111000000000000000000000000011111111111110000
111111111111111111111111111111111111111111111111111111111111111111111111111111000000000000000000000000011111111111111100
