000000000000000000000000000000000000000000000000000000000000000000000000000000000000000000000000000000000000000000000000
000000000000000000000000000000000000000000000000000000000000000000000000000000000000000000000000000000000000000000000000
000000000000000000000000000000000000000000000000000000000000000000000000000000000000000000000000000000000011000000000000
000000000000000000000000000000000000000000000000000000000000000000000000000000000000000000000000000000100111100000000000
000000000000000011110001100000000000000000000000000000000000000000000000000000000000000000000000000011111000000000000000
000000000000000000111111100000000000000000000000000000000000000000000000000000000000000000001111111111100000000000000000
000000000000000011111111111111100000000000000000000000000000000000000000000000000000000000011111111111110000000000000000
000000000000000000011111111111110000000000000000000000000000000000000000000000000000000000011111111111111000000000000000
000000000000000000011111111111110000000000000000000000000000000000000000000000000000000000111111111111111000000000000000
000000000000000000111111111111111000000000000000000000000000000000000000000000000000000000011111111111111000000000000000
000000000000000000111111111111111000000000000000000000000000000000000000000000000000000000001111111111111000000000000000
000000000000000000111111111111100000000000000000000000000000000000000000000000000000000001111111111111111100000000000000
000000000000000001111111111111111000000000000000000000000000000000000000000000000000000111111111111111111110000000000000
000000000000000011111111111111111111000000000000000000000000000000000000000000000000011111111111111111111111100000000000
000000000000011111111111111111111111100000000000000000000000000000000000000000000001111111111111111111111111111000000000
000000000001111111111111111111111111111100000000000000000000000000000000000000000011111111111111111111111111111111000000
000000000111111111111111111111111111111110000000000000000000000000000000000000000001111111111111111111111111111111110000
000000001111111111111111111111111111111100000000000000000000000000000000000000000000111111111111111111111111111111111000
000000011111111111111011111111111111111000000000000000000000000000000000000000000000111111111011111111111111111111111110
000000111111111111110111111110111111111000000000000000000000000000000000000000000001111111111001111111111111000111111111
000001111111111011101111111100111111111000000000000000000000000000000000000000000001111111111101111111111111000000001000
000001111111110000011111111001111111111100000000000000000000000000000000000000000001111111111111111101111111000000000000
000001111111010000011111111011111111111100000000000000000000000000000000000000000011111111111111111111111111000000000000
000000000000000000111011111111111111111110000000000000000000000000000000000000000011111111111111111111111110000000000000
000000000000000001111001111111111111111110000000000000000000000000000000000000000011111111111111111111111111000000000000
000000000000000011111100111111111111111111000000000000000000000000000000000000000111111111111111111111111111000000000000
000000000000000111100011111111111111111111000000000000000000000000000000000000000111111111111111111111111111000000000000
000000000000000110000111111111111111111111100000000000000000000000000000000000001111111111111111111111111111110000000000
000000000000000000011111111111111111111111110000000000000000000000000000000000001111111111111111111111111111111000000000
000000000000000001111111111111111111111111110000000000000000000000000000000000011111111111111111111111111111111100000000
000000000000000111111111111111111111111111110000000000000000000000000000000000011111111111111111111111111111111100000000
000000000000011111111111111111111111111111111000000000000000000000000000000000011111111111111111111111111111111110000000
000000000001111111111111111111111111111111111000000000000000000000000000000000111111111111111111111111111111111110000000
000000000111111111111111111111111111111111111000000000000000000000000000000000011111111111111111111111111111111111000000
000000000111111111111111111111111111111111111000000000000000000000000000000000011111111111111111111111111111110110000000
000000001111111111111111111111111111111111111000000000000000000000000000000000011111111111111111111111111111110000000000
000000000000000001111111111111111111111111111000000000000000000000000000000000000111111111111111111111100000000000000000
000000000000000000011111111111111111111111000000000000000000000000000000000000000000000011111101111100000000000000000000
000000000000000000000001111111111100000100000000000000000000000000000000000000000000000001111000111100000000000000000000
000000000000000000000001111000111100000000000000000000000000000000000000000000000000000001111000111100000000000000000000
