000000000000000000000000000000000000000000000000000000000000000000000000000000000000000000000000000000000000011111111111
000000000000000000000000000000000000000000000000000000000000000000000000000000000000000000000000000000000000011111111111
000000000000000000000000000000000000000000000000000000000000000000000000000000000000000000000000000000000000000111111111
000000000000000000000000000000000000000000000000000000000000000000000000000000000000000000000000000000000000000011111111
000000000000000000000000000000000000000000000000000000000000000000000000000000000000000000000000000000000000000000111111
000000000000000000000000000000000000000000000000000000000000000000000000000000000000000000000000000000000000000000000111
000000000000000000000000000000000000000000000000000000000000011111100000000000000000000000000000000000000000000000000000
000000000000000000000000000000000000000000000000000000000000111111100000000011111000000000000000000000000000000000000000
000000000000000000000000000000000000000000000000000000000000111111100000001111111100000000000000000000000000000000000000
000000000000000000000000000000000000000000000000000000000000111111100000011111111000000000000000000000000000000000000000
000000000000000000000000000000000000000000000000000000000000111111100001111111100000000000000000000000000000000000000000
000000000000000000000000000000000000000000000000000000000000111111000011111110000000000000000000000000000000000000000000
000000000000000000000000000000000000000000000000000000000000111111000111111100000011111110000000000000000000000000000000
000000000000000000000000000000000000000000000000000000000000111111001111111000011111111100000000000000000000000000000000
000000000000000000000000000000000000000000000000000000000000111111011111100001111111100000000000000000000000000000000000
000000000000000000000000000000000000000000000000000111111000111111111111000111111100000000000000000000000000000000000000
000000000000000000000000000000000000000000000000000111111100111111111111011111110000000011000000000000000000000000000000
000000000000000000000000000000000000000000000000000011111111111111111111111111001111111111100000000000000000000000000000
000000000000000000000000000000000000000000000000000001111111111111111111111111111111111000000000000000000000000000000000
000000000000000000000000000000000000000000000000000000111111111111111111111111111100000000000000000000000000000000000000
000000000000000000000000000000000000000000000000000000011111111111111111111111000000000000000000000000000000000000000000
000000000000000000000000000000000000000000000000000000011111111111111111111110000000000000000000000000000000000000000000
000000000000000000000000000000000000000000000000000000011111111111111111111100000000000000000000000000000000000000000000
000000000000000000000000000000000000000000000000000000111111111111111111111000000000000000000000000000000000000000000000
000000000000000000000000000000000000000000000000000000111111111111111111111000000000000000000000000000000000000000000000
000000000000000000000000000000000000000000000001111111111111111111111111100000000000000000000000000000000000000000000000
000000000000000000000000000000000000000000000111111111111111111111111111000000000000000000000000000000000000000000000000
000000000000000000000000000000000000000000011111111111111111111111111100000000000000000000000000000000000000000000000000
000000000000000000000000000000000000000001111111111111111111111111100000000000000000000000000000000000000000000000000000
000000000000000000000000000000000000000111111111111111111111111111110000000000000000000000000000000000000000000000000000
000000000000000000000000000000000000011111111111111111111111111111111100000000000000000000000000000000000000000000000000
000000000000000000000000000000000000111111111111111111111111111111111111000000000000000000000000000000000000000000000000
000000000000000000000000000000000011111111111111111111111111111111111111100000000000000000000000000000000000000000000000
000000000000000000000000000000001111111111111111111111111111111111111111111000000000000000000000000000000000000000000000
000000000000000000000000000000011111111111111111111111111111111111111111111110000000000000000000000000000000000000000000
000000000000000000000000000001111111111111111111111111111111111111111111111110000000000000000000000000000000000000000000
000000000000000000000000000111111111111111111111111111111111111111111111111100000000000000000000000000000000000000000000
000000000000000000000000001111111111111111111111111111111111111111111111111110000000000000000000000000000000000000000000
000000000000000000000000111111111111111111111111111111111111111111111111111110000000000000000000000000000000000000000000
000000000000000000000011111111111111111111111111111111111111111111111111110000000000000000000000000000000000000000000000
