000000000000000000000000000000000000000000000000000000000000000000000000000000000000000000000000000000000000000000000000
000000000000000000000000000000000000000000000000000000000000000000000000000000000000000000000000000000000000000000000000
000000000000000000000000000000000000000000000000000000000000000000000000000000000000000000000000000000000000000000000000
000000000000000000000000000000000000000000000000000000000000000000000000111111111110000000000000000000000000000000000000
000000000000000000000000000000000000000000000000000000000000000000011111111111111111111110000000000000000000000000000000
000000000000000000000000000000000000000000000000000000000111110001111111111111111111111111100000000000000000000000000000
000000000000000000000000000000000000000000000000000000111111111111111111111111111111111111110000000000000000000000000000
000000000000000000000000000000000000000000000000000011111111111111111111111111111111111111110000000000000000000000000000
000000000000000000000000000000000000000000000000000111111111111111111111111111111111111111111000000000000000000000000000
000000000000000000000000000000000000000000000000001111111111111111111111111111111111111111111000000000000000000000000000
000000000000000000000000000000000000000000000000000011111111111111111111111111111111111111111100000000000000000000000000
000000000000000000000000000000000000000000000000000000000111111111111111111111111111111111111110000000000000000000000000
000000000000000000000000000000000000000000000000000000001111111111111111111111111111111111111110000000000000000000000000
000000000000000000000000000000000000000000000000000000111111100111111111111111111111111111111110000000000000000000000000
000000000000000000000000000000000000000000000000000000111111100111111111111111111111111111111100000000000000000000000000
000000000000000000000000000000000000000000000000000011111111110111111111111111111111111111101100000000000000000000000000
000000000000000000000000000000000000000000000000000001111111110000011111111111111111111101100000000000000000000000000000
000000000000000001111111100000000000000000000000000011111111110000011111111111111111111000000000000000000000000000000000
000000000000011111111011111100000000000000000000000011111111110000000110011111111111110000000000000000000000000000000000
000000011111111110000000111111100000000000000000000001111111100000000100000111111111110000000000000000000000000000000000
011111111111111110000000000111111000000000000000000001111111000000000011111111111111111111000000000000000000000000000000
111111111000111111000000000111111111000000000000000000011110000000111111111111111111111111111100000000000000000000000000
110000000001111111100000011111110011110000000000000000000000000001111111111111111111111111111110000000000000000000000000
110000000001111111110000011111111000111110000000000000000000000111111111111111111111111111111111000000000000000000000000
111000000001111111100000111111111000001111110000000000000000001111111111111111111111111111111111100000000000000000000011
111100000001111111100000011111110000000111111111111001111111011111111111111111111111111111111111111111111111111111111111
111100000000111111000000011111110000011111100000011111111111111111111111111111111111111111111111111111111111111100000011
111000000000111110000000001111100000111111110000001111100000001111111111111111111111111111111111111000000001111110000111
111000000000011110000000001111100000111111110000011111110000001111111111111111111111111111111111111100000011111111000111
110000000000011100000000000111000000111111110000111111110000001111111111111111111111111111111111111110000011111111000011
100000000000001100000000000110000000011111100000111111110000001111111111111111111111111111111111111100000011111111000001
100000000000000000000000000010000000011111100000011111100000001111111111111111111111111111111111111100000001111110000001
000000000000000000000000000000000000001111000000011111100000001111111111111111111111111111111111111000000001111110000000
000000000000000000000000000000000000001111000000001111000000001111111111111111111111111111111111110000000000111100000000
000000000000000000000000000000000000000110000000001111000000001111111111111111111111111111111111110000000000111100000000
000000000000000000000000000000000000000100000000000110000000011111111111111111111111111111111111110000000000011000000000
000000000000000000000000000000000000000000000000000110000000011111111111111111111111111111111111110000000000000000000000
000000000000000000000000000000000000000000000000000000000000011111111111111111111111111111111111110000000000000000000000
000000000000000000000000000000000000000000000000000000000000011111111111111111111111111111111111110000000000000000000000
000000000000000000000000000000000000000000000000000000000000111111111111111111111111111111111111110000000000000000000000
