111111111100000000000000000001111111111111111111111111111111111110000000000000000000000000000000000000000000000000000000
111111111100000000000000000111111111111111111111111111111111111110000000000000000000000000000000000000000000000000000000
111111111110000000000000011111111111111111111111111111111111111110000000000000000000000000000000000000000000000000000000
111111111110000000000001111111111111111111111111111111111111111110000000000000000000000000000000000000000000000000000000
111111111110000000000011111111111111111111111111111111111111111110000000000000000000000000000000000000000000000000000000
111111111110000000000111111111111111111111111111111111111111111110000000000000000000000000000000000000000000000000000000
111111111110000000000110111111111111111111111111111111111111111110000000000000000000000000000000000000000000000000000000
111111111100000000000100001111111111111111111111111111111111111110000000000000000000000000000000000000000000000000000000
111111100000000000010000000000111111111111111111111111111111111110000000000000000000000000000000000000000000000000000000
111111100110000000000000000001111111111111111111111111111111111110000000000000000000000000000000000000000000000000000000
111111110110000000000000000111111111111111111111111111111111111110000000000000000000000000000000000000000000000000000000
111111111111000000000000001111111111111111111111111111111111111110000000000000000000000000000000000000000000000000000000
111111111111110000000000111111111111111111111111111111111111111110000000000000000000000000000000000000000000000000000000
111111101011000000000011111111111111111111111111111111111111111110000000000000000000000000000000000000000000000000000000
111100000000000000000000111111111111111111111111111111111111111110000000000000000000000000000000000000000000000000000000
111111100000000000000000111111111111111111111111111111111111111110000000000000000000000000000000000000000000000000000000
111111111100000000111111111111111111111111111111111111111111111110000000000000000000000000000000000000000000000000000000
111111111110000000001111111111111111111111111111111111111111111110000000000000000000000000000000000000000000000000000000
111111111111000000111111111111111111111111111111111111111111111110000000000000000000000000000000000000000000000000000000
111111111111111111111111111111111111111111111111111111111111111110000000000000000000000000000000000000000000000000000000
111111111111111111111111111111111111111111111111111111111111111110000000000000000000000000000000000000000000000000000000
111111111111111111111111111111111111111111111111111111111111111110000000000000000000000000000000000000000000000000000000
111111111111111111111111111111111111111111111111111111111111111110000000000000000000000000000000000000000000000000000000
111111111111111111111111111111111111111111111111111111111111111110000000000000000000000000000000000000000000000000000000
111111111111111111111111111111111111111111111111111111111111111110000000000000000000000000000000000000000000111111100000
111111111111111111111111111111111111111111111111111111111111111110000000000000000000000000000000000000000011111111100000
111111111111111111111111111111111111111111111111111111111111111110000000000000000000000000000000000000001111111111110000
111111111111111111111111111111111111111111111111111111111111111110000000000000000000000000000000000000011111111111000000
111111111111111111111111111111111111111111111111111111111111111110000000000000000000000000000000000001111111111000000000
111111111111111111111111111111111111111111111111111111111111111110000000000000000000000000000000011111111111111110000001
111111111111111111111111111111111111111111111111111111111111111110000000000000000000000000000001111111111111111111100001
111111111111111111111111111111111111111111111111111111111111111110000000000000000000000000000111111111111111111111111011
111111111111111111111111111111111111111111111111111111111111111110000000000000000000000000000111111111111111111111111111
111111111111111111111111111111111111111111111111111111111111111110000000000000000000000000000000001111111111111111111110
111111111111111111111111111111111111111111111111111111111111111110000000000000000000000000000000011111111111111111100000
111111111111111111111111111111111111111111111111111111111111111110000000000000000000000000000000000111111111111111100000
111111111111111111111111111111111111111111111111111111111111111110000000000000000000000000000000000111100111111111100000
111111111111111111111111111111111111111111111111111111111111111110000000000000000000000000000000000000001111111111100000
111111111111111111111111111111111111111111111111111111111111111110000000000000000000000000000000000000001111111111100000
111111111111111111111111111111111111111111111111111111111111111110000000000000000000000000000000000000011111111111110000
