111111111111111111111111111111111111111111111111111111111111111111111111111111111111111111111111111111111111111111111111
111111111111111111111111111111111111111111111111111111111111111111111111111000111111111111111111111111111111111111111111
111111111111111111111111111111111111111111111111111111111111111111111110000000000000000111111111111111111111111111111111
111111111111111111111111111111111111111111111111111111111111111111110000000000000000000000111111111111111111111111111111
111111111111111111111111111111111111111111111111111111111111111111000000000000000000000000001111111111111111111111111111
111111111111111111111111111111111111111111111111111111111111111110000000000000000000000000000111111111111111111111111111
111111111111111111111111111111111111111111111111111111111111111111000000000000000000000000000111111111111111111111111111
111111111111111111111111111111111111111111111111111111111111111111000000000000000000000000000011111111111111111111111111
111111111111111111111111111111111111111111111111111111111111111111110000000000000000000000000011111111111111111111111111
111111111111111111111111111111111111111111111111111111111111111111000000000000000000000000000111111111111111111111111111
111111111111111111111111111111111111111111111111111111111111111111000000000000000000000000000111111111111111111111111111
111111111111111111111111111111111111111111111111111111111111111111100000000000000000000000001111111111111111111111111111
111111111111111111111111111111111111111111111111111111111111111111100000000000000000000000001111111111111111111111111111
111111111111111111111111111111111111111111111111111111111111111111111100000000000000000000001111111111111111111111111111
111111111111111111111111111111111111111111111111111111111111111111111111000000000000000000000111111111111111111111111111
111111111111111111111111111111111111111111111111111111111111111111111110000000000000000000001111111111111111111111111111
111111111111111111111111111111111111111111111111111111111111111111111000000000000000000000001111111111111111111111111111
111111111111111111111111111111111111111111111111111111111111111111000000000000000000101101111111111111111111111111111111
111111111111111111111111111111111111111111111111111111111111111100000000000000000000111111111111111111111111111111111111
111111111111111111111111111111111111111100000001111111111111111000000000000000000000011111111111111111111111111111111111
111111111111111111111111111111111111110000000000111111111111111000000000000000000000011111111111111111111111111111111111
111111111111111111111111111111111111110000000000111111111111110000000000000000000000001111111111111111111111111111111111
111111111111111111111111111111111111110000000011111111111111100000000000000000000000011111111111111111111111111111111111
111111111111111111111111111111111111110000000011111111111111100000000000000000000011111111111111111111111111111111111111
111111111111111111111111111111111111100000000001111111111111100000000000000000000111111111111111111111111111111111111111
111111111111111111111111111111111111100000000001111111111111100000000000000000000111111111111111111111111111111111111111
111111111111111111111111111111111111000000000000000000111111110000000000000000001111111111111111111111111111111111111111
111111111111111111111111111111111111000000000000000000000000010000000000000000001111111111111111111111111111111111111111
111111111111111111111111111111111110000000000000000000000000000000000000000000001111111111111111111111111111111111111111
111111111111111111111111111111111111000000000000000000000000000000000000000000001111111111111111111111111111111111111111
111111111111111111111111111111111111000000000000000010000000000000000000000000001111111111111111111111111111111111111111
111111111111111111111111111111111111100000000000000011111100000000000000000000000111111111111111111111111111111111111111
111111111111111111111111111111111111110000000000000001111111100000000000000000000111111111111111111111111111111111111111
111111111111111111111111111111111111111000000000000001111111110000000000000000000011111111111111111111111111111111111111
111111111111111111111111111111111111110000000000000000111111110000000000000000000000111111111111111111111111111111111111
111111111111111111111111111111111111110000000000000000111111110000000000000000000000011111111111111111111111111111111111
111111111111111111111111111111111111100000000000000000011111100000000000000000000000000111111111111111111111111111111111
111111111111111111111111111111111111100000000000000000011111100000000000000000000000000011111111111111111111111111111111
111111111111111111111111111111111111000000000000000000001111000000000000000000000000000001111111111111111111111111111111
111111111111111111111111111111111111000000000000000000001111000000000000000000000000000000111111111111111111111111111111
