111111111111111111111111111111111111111111111111111000000001111111111111111111111111111111111111111111111111111111111111
111111111111111111111111111111111111111111111111111000000000111111111111111111111111111111111111111111111111111111111111
111111111111111111111111111111111111111111111111110000000000111111111111111111111111111111111111111111111111111111111111
111111111111111111111111111111111111111111111111110000000000111111111111111111111111111111111111111111111111111111111111
111111111111111111111111111111111111111111111111110000000000111111111111111111111111111111111111111111111111111111111111
111111111111111111111111111111111111111111111111110000000000111111111111111111111111111111111111111111111111111111111111
111111111111111111111111111111111111111111111111110000000000111111111111111111111111111111111111111111111111111111111111
111111111111111111111111111111111111111111111111110000000000111111111111111111111111111111111111111111111111111111111111
111111111111111111111111111111111111111111111111110000000000011111111111111111111111111111111111111111111111111111111111
111111111111111111111111111111111111111111111111110000000000011111111111111111111111111111111111111111111111111111111111
111111111111111111111111111111111111111111111111110000000000000111101111111111111111111111111111111111111111111111111111
111111111111111111111111111111111111111111111111100000000000001111001111111111111111111111111111111111111111111111111111
111111111111111111111111111111111011111001111110100000000000001110001111111111111111111111111111111111111111111111111111
111111111111111111111111111111111101110000111000000000000000001000001111111111011111111111111111111111111111111111111111
111111111111111111111111111111111110111000000000000000000000000000000100001100111111111111111111111111111111111111111111
111111111111111111111111111111111000011000000000000000000000000000000000000001111111111111111111111111111111111111111111
111111111111111111111111111111111000000000000000000000000000000000000000000001111111111111111111111111111111111111111111
111111111111111111111111111100000000000000000000000000000000000000000000000000000000111111111111111111111111111111111111
111111111111111111111100000000000000000000000000000000000000000000000000000000000000000011111111111111111111111111111111
000000000000000000000000000000000000000000000000000000000000000000000000000000000000000000000000000000000000000000000000
000000000000000000000000000000000000000000000000000000000000000000000000000000000000000000000000000000000000000000000000
000000000000000000000000000000000000000000000000000000000000000000000000000000000000000000000000000000000000000000000000
000000000000000000000000000000000000000000000000000000000000000000000000000000000000000000000000000000000000000000000000
000000000000000000000000000000000000000000000000000000000000000000000000000000000000000000000000000000000000000000000000
000000000000000000000000000000000000000000000000000000000000000000000000000000000000000000000000000000000000000000000000
000000000000000000000000000000000000000000000000000000000000000000000000000000000000000000000000000000000000000000000000
000000000000000000000000000000000000000000000000000000000001000000000000000000000000000000000000000000000000000000000000
000000000000000000000000000000000000000000000000000000000000000000000000000000000000000000000000000000000000000000000000
000000000000000000000000000000000000000000000000000000100000000000000000000000000000000000000000000000000000000000000000
000000000000000000000000000000000000000000000000000011111000000000000000000000000000000000000000000000000000000000000000
000000000000000000000000000000000000000000000000000111111000000000000000000000000000000000000000000000000000000000000000
000000000000000000000000000000000000000000000000001111110000000000000000000000000000000000000000000000000000000000000000
000000000000000000000000000000000000000000000000000111110000000000000000000000000000000000000000000000000000000000000000
000000000000000000000000000000000000000000000000000011111000000000000000000000000000000000000000000000000000000000000000
000000000000000000000000000000000000000000000000000001111000000000000000000000000000000000000000000000000000000000000000
000000000000000000000000000000000000000000000000111111111000000000000000000000000000000000000000000000000000000000000000
000000000000000000000000000000000000000000000000111111111111111000000000000000000000000000000000000000000000000000000000
000000000000000000000000000000000000000000000001111111111111111111110000000000000000000000000000000000000000000000000000
000000000000000000000000000000000000000000000001111111111111111111110000000000000000000000000000000000000000000000000000
000000000000000000000000000000000000000000000001111111111111111111100000000000000000000000000000000000000000000000000000
