000000000000000000000000000000000000000000000000000000000000000000000000000000000000000000000000000000000000000000000000
000000000000000000000000000000000000000000000000000000000000000000000000000000000000000000000000000000000000000000000000
000000000000000000000000000000000000000000000000000000000000000000000000000000000000000000000000000000000000000000000000
000000000000000000000000000000000000000000000000001111111111111111111100000000000000000000000000000000000000000000000000
000000000000000000000000000000000000000000000000111111111111111111111111000000000000000000000000000000000000000000000000
000000000000000000000000000000000000000000000001111111111111111111111111111111100000000000000000000000000000000000000000
000000000000000000000000000000000000000000000011111111111111111111111111111111111000000000000000000000000000000000000000
000000000000000000000000000000000000000000000011111111111111111111111111111111111100000000000000000000000000000000000000
000000000000000000000000000000000000000000000001111111111111111111111111111111111110000000000000000000000000000000000000
000000000000000000000000000000000000000000000011111111111111111111111111111111111110000000000000000000000000000000000000
000000000000000000000000000000000000000000000111111111111111111111111111111111111100000000000000000000000000000000000000
000000000000000000000000000000000000000000111111111111111111111111111111110111111100000000000000000000000000000000000000
000000000000000000000000000000000000000000000000111111111111111111111111100111111100000000000000000000000000000000000000
000000000000000000000000000000000000000000000001111111111111111111111111110111111110000000000000000000000000000000000000
000000000000000000000000000000000000000000000000001111111111111111111100000111111110000000000000000000000000000000000000
000000000000000000000000000000000000000000000000000111111111111111011000000111111110000000000000000000000000000000000000
000000000000000000000000000000000000000000000000000101001111111100010000000011111110000000000000000000000000000000000000
000000000001110000000000000000000000000000000000000000011111111110000000000001111100000000000000000000000000000000000000
000000000111111111100000000000000000000000000000000111111111111111111000000000111000000000000000000000000111110000000000
000000111100000001111110000000000000000000000000011111111111111111111110000000000000000000000000000011111100111100000000
000111111110000001111001111000000000000000000001111111111111111111111111100000000000000000000001111111100000001111000000
111111001111100001111110000111111111111111111111111111111111111111111111111011111100000000111110001111100000011111111000
110000011111110001111110000111100000011100001111111111111111111111111111111111111111111111111000011111100001111100111111
111000001111110000111110001111110000111110001111111111111111111111111111111100011111000001111000011111100011111100000011
111110000111110000011110001111110000111111001111111111111111111111111111111100111111000011111100011111000011111100001111
111110000001110000001110000111110000111111000111111111111111111111111111111000111111000011111000011110000011110000011111
111110000000110000000110000011110000011110001111111111111111111111111111111000111110000011110000011100000011100000011111
011110000000010000000000000001110000001110001111111111111111111111111111111100111100000011100000001000000011000000111111
001110000000000000000000000000110000000110011111111111111111111111111111111100111000000011000000000000000000000000111100
000110000000000000000000000000000000000011111111001111111111111111111101111111110000000010000000000000000000000000111000
000000000000000000000000000000000000001111111110001111111111111111111100111111111100000000000000000000000000000000110000
000000000000000000000000000000000001111111111000011111111111111111111100001111111111100000000000000000000000000000000000
000000000000000000000000000000001111111111000000011111111111111111111100000000111111111111111000000000000000000000000000
000000000000000000000011111111111111110000000000011111111111111111111110000000000011111111111111000000000000000000000000
000000000000000000000001111111111110000000000000111111111111111111111111000000000000000111111111000000000000000000000000
000000000000001111111111111111000000000000000001111111111111111111111111100000000000000000011111111110000000000000000000
000000000000000000011111000000000000000000000011111111111111111111111111110000000000000000000000111111100000000000000000
000000000000000000000000000000000000000000000011111111111111111111111111111000000000000000000000000000000000000000000000
000000000000000000000000000000000000000000000111111111111111111111111111111000000000000000000000000000000000000000000000
000000000000000000000000000000000000000000001111111111111111111111111111111100000000000000000000000000000000000000000000
