111111111111111111111111111111111111111111111111111111111111111111111111111111111111111111111100000000000000000000000000
111111111111111111111111111111111111111111111111111111111111111111111111111111111111111111100000000000000000000000000000
111111111111111111111111111111111111111111111111111111111111111111111111111111111111111000000000000000000000000000000000
111111111111111111111111111111111111111111111111111111111111111111111111111111111111000000000000000000000000000000000000
111111111111111111111111111111111111111111111111111111111111111111111111111111111110000000000000000000000000000000000000
111111111111111111111111111111111111111111111111111111111111111111111111111111111000000000000000000000000000000000000000
111111111111111111111111111111111111111111111111111111111111111111111111111111110000000000000000000000000000000000000000
111111111111111111111111111111111111111111111111111111111111111111111111111111100000000000000000000000000000000000000000
111111111111111111111111111111111111111111111111111111111111111111111111111111100000000000000000000000000000000000000000
111111111111111111111111111111111111111111111111111111111111111111111111111111100000000000000000000000000000000000000000
111111111111111111111111111111111111111111111111111100111111111111111111111111100000000000000000000000000000000000000000
111111111111111111111111111111111111111111111111111110011111111111111111111111110000000000000000000000000000000000000000
111111111111111111111111111111111111111111111111111111000111111111111111111111110000000000000000000000000000000000000000
111111111111111111111111111111111111111111111111111111100001111111111111111111111100000000000000000000000000000000000000
111111111111111111111111111111111111111111111111111111110000000111111111111111111111000000000000000000000000000000000000
111111111111111111111111111111111111111111111111111100000000000001111111111111111111100000000000000000000000000000000000
111111111111111111111111111111111111111111111111111000000000000000111111111111111110000000000000000000000000000000000000
111111111111111111111111111111111111111111111111111100000000000000111111111111111111110000000000000000000000000000000000
111111111111111111111111111111111111111111111111111110000000000000111111111111111111110000000000000000000000000000000000
111111111111111111111111111111111111111111111111111100000000000000011111111111111111111100000000000000000000000000000000
111111111111111111111111111111111111111111111111111100000000000011001111111111111111111110000000000000000000000000000000
111111111111111111111111111111111111111111111111111100000000000011100011111111111111111111100000000000000000000000000000
111111111111111111111111111111111111111111111111111100000000001111111001111111111111111111111111110000000000000000000000
111111111111111111111111111111111111111111111111111000000000011111111110111111111111111111111111100000000000000000000000
111111111111111111111111111111111111111111111111111000000000011111111111011111111111111111111100000000000000000000000000
111111111111111111111111111111111111111111111111111000000000011111111111111111111111111111110000000000000000000000000000
111111111111111111111111111111111111111111111111111000000000001111111111111111111111111110000000000000000000000000000000
111111111111111111111111111111111111111111111111111000000000001111111111111111111100000000000000000000000000000000000000
111111111111111111111111111111111111111111111111111000000000001111111111111100000000000000000000000000000000000000000000
111111111111111111111111111111111111111111111111111000000000000111111111111100000000000000000000000000000000000000000000
111111111111111111111111111111111111111111111111111000000000000111111110000000000000000000000000000000000000000000000000
111111111111111111111111111111111111111111111111111000000000000111111000000000000000000000000000000000000000000000000000
111111111111111111111111111111111111111111111111111000000000000000000000000000000000000000000000000000000000000000000000
111111111111111111111111111111111111111111111111111100000000000000000000000000000000000000000000000000000000000000000000
111111111111111111111111111111111111111111111111111100000000000000000000000000000000000000000000000000000000000000000000
111111111111111111111111111111111111111111111111111100000000000000000000000000000000000000000000000000000000000000000000
111111111111111111111111111111111111111111111111111100000000000000000000000000000000000000000000000000000000000000000000
111111111111111111111111111111111111111111111111111110000000000000000001111000000000000000000000000000000000000000000000
111111111111111111111111111111111111111111111111111111100000000001111111111111000000000000000000000000000000000000000000
111111111111111111111111111111111111111111111111111111111111111111111111111111000000000000000000000000000000000000000000
