111111111111111111111111111111111111111111111111111111111111111111111111111111111111111111111111111111111111111111111111
111111111111111111111111111111111111111111111111111111111111111111111111000011111111111111111111111111111111111111111111
111111111111111111111111111111111111111111111111111111111111111111110000000000000111111111111111111111111111111111111111
111111111111111111111111111111111111111111111111111111111111111111100000000000000111111111111111111111111111111111111111
111111111111111111111111111111111111111111111111111111111111111111100000000000000001111111111111111111111111111111111111
111111111111111111111111111111111111111111111111111111111111111111110000000000000000011111111111111111111111111111111111
111111111111111111111111111111111111111111111111111111111111111111111000000000000000000011111111111111111111111111111111
111111111111111111111111111111111111111111111111111111111111111111111000000000000000000000111111111111111111111111111111
111111111111111111111111111111111111111111111111111111111111111111110000000000000000000000001111111111111111111111111111
111111111111111111111111111111111111111111111111111111111111111111110000000000000000000000000111111111111111111111111111
111111111111111111111111111111111111111111111111111111111111111111100000000000000000000001000011111111111111111111111111
111111111111111111111111111111111111111111111111111111111111111110000011100000000000000001000011111111111111111111111111
111111111111111111111111111111111111111111111111111111111111100000000111110000000000000000000001111111111111111111111111
111111111111111111111111111111111111111111111111111111111100000000111111100000000000000000000011111111111111111111111111
111111111111111111111111111111111111111111111111111111111100000001111111000000000000000000000011111111111111111111111111
111111111111111111111111111111111111111111111111111111111110000111111110000000000000000000000011111111111111111111111111
111111111111111111111111111111111111111111111111111111111100000111111110000000010000000000001111111111111111111111111111
111111111111111111111111111111111111111111111111111111111100000111111110000001111000000000011111111111111111111111111111
111111111111111111111111111111111111111111111111111111111100000111111000000111111000000000000000011111111111111111111111
111111111111111111111111111111111111111111111111111111111000001111100000011111111000000000000000000000011111111111111111
111111111111111111111111111111111111111111111111111111111000000111000000111111110000000000001111111100000000111111111111
111111111111111111111111111111111111111111111111111111111000000000000011111110000000000000001111111111110001111111111111
111111111111111111111111111111111111111111111111111111111000000000001111111000000000000000000111111111111111111111111111
111111111111111111111111111111111111111111111111111111110000000001111111100000000000000000000011111111111111111111111111
111111111111111111111111111111111111111111111111111111000000000001111111100000000000000000000011111111111111111111111111
111111111111111111111111111111111111111111111111111111000000000001111110000000000000000000000001111111111111111111111111
111111111111111111111111111111111111111111111111111111110000000000111100000000000000000000000000111111111111111111111111
111111111111111111111111111111111111111111111111111111111110001111110000000000000000000000000000111111111111111111111111
111111111111111111111111111111111111111111111111111111111000000111100000000000000000000000000000011111111111111111111111
111111111111111111111111111111111111111111111111111111111111111111000000000000000000000000000000011111111111111111111111
111111111111111111111111111111111111111111111111111111111111111110000000000000000000000000000000001111111111111111111111
111111111111111111111111111111111111111111111111111111111111111100000000000000000000000000000000000111111111111111111111
111111111111111111111111111111111111111111111111111111111111110000000000000000000000000000000000000011111111111111111111
111111111111111111111111111111111111111111111111111111111111000000000000000000000000000000000000000001111111111111111111
111111111111111111111111111111111111111111111111111111111110000000000000000000000000000000000000000000111111111111111111
111111111111111111111111111111111111111111111111111111111000000000000000000000000000000000000000000000011111111111111111
111111111111111111111111111111111111111111111111111111111000000000000000000000000000000000000000000000000111111111111111
111111111111111111111111111111111111111111111111111111111000000000000000000000000000000000000000000000000011111111111111
111111111111111111111111111111111111111111111111111111111110000000000000000000000000000000000000000000000001111111111111
111111111111111111111111111111111111111111111111111111111111111111111000000000000000000000000000000000000001111111111111
