000000000000000000000000000000000000000000000000000000000000000000000000000000000000000000000000000000000000000000000000
000000000000000000000000000000000000000000000000000000000000000000000000000000000000000000000000000000000000000000000000
000000000000000000000000000000000000000000000000000000000000000000000000000000000000000000000000000000000000000000000000
000000000000000000000000000000000000000000000000000000000000000000000000000000000000000000000000000000000000000000000000
000000000000000000000000000000000000000000000000000000000000000000000000000000000000000000000000000000000000000000000000
000000000000000000000000000000000000000000000000000000000000000000000000000000000000000000000000000000000000000000000000
000000000000000000000000000000000000000000000000000000000000000000000000000000000000000000000000000000000000000000000000
000000000000000000000000000000000000000000000000000000000000000000000000000000000000000000000000000000000000000000000000
000000000000000000000000000000000000000000000000000000000000000000000000000000000111111111000000000000000000000000000000
000000000000000000000000000000000000000000000000000000000000000000000000000011111111111111110001110000000000000000000000
000000000000000000000000000000000000000000000000000000000000000000000000001111111111111111111111111100000000000000000000
000000000000000000000000000000000000000000000000000000000000000000000000001111111111111111111111100000000000000000000000
000000011111000000000000000000000000000000000000000000000000000000000000011111111111111111111110000000000000000000000000
000000111111110000000000000000000001111111111111111111111111000000000000111111111111111111111111000000000000000000000000
000000111111111111111111111111111111111111111111111111111111111111110111111111111111111111111111100000000000000000000000
000000000111111111111111111111111111000000000000000000000001111111111111111111111111111111111110000000000000000000000000
000000000011111111111111111111000000000000000000000000000000000000111111111111111111111111110000000000000000000000000000
000000000111111111111111100000000000000000000000000000000000000000000111111111111111111111110000000000000000000000000000
000000000111111111111111000000000000000000000000000000000000000000000011111111111111111111110000000000000000000000000000
000000000111111111111111000000000000000000000000000000000000000000000000111111111111111111111000000000000000000000000000
000000000111111111111111000000000000000000000000000000000000000000000000001111111111111111111111000000000000000000000000
000000000111111111111111000000000000000000000000000000000000000000000000011111111111111111111111110000000000000000000000
000000000111111111111111000000000000000000000000000000000000000000000000011111111111111111111111111110000000000000000000
000000000111111111111110000000000000000000000000000000000000000000000000011111111111111111111110011111110000000000000000
000000000111111111111110000000000000000000000000000000000000000000000000001111111111111111111100000111111111000000000000
000000000111111111111110000000000000000000000000000000000000000000000000001111111111111111111100011111111111100000000000
000000000111111111111110000000000000000000000000000000000000000000000000001111111111111111111111111111111111111000000000
000000000111111111111110000000000000000000000000000000000000000000000000001111111111111111111111111111111101111110000000
000000000011111111111110000000000000000000000000000000000000000000000000001111111111111111011111111111111000011111000000
000000000011111111111110000000000000000000000000000000000000000000000000001111111111111110000111111111000000000111110000
000000000011111111111110000000000000000000000000000000000000000000000000001111111111111100000000111110000000000011111000
000000000011111111111110000000000000000000000000000000000000000000000000001111111111111100000000000000000000000000111110
000000000001111111111110000000000000000000000000000000000000000000000000001111111111111100000000000000000000000000011111
000000000001111111111110000000000000000000000000000000000000000000000000001111111111111100000000000000000000000000001111
000000000000111111111111000000000000000000000000000000000000000000000000111111111111111100000000000000000000000000000111
000000000000011111111111000000000000000000000000000000000000000000000001111111111111111110000000000000000000000000000011
000000000000011111111111100000000000000000000000000000000000000000000011111111111111111110000000000000000000000000000001
000000000000001111111111100000000000000000000000000000000000000000001111111111111111111110000000000000000000000000000000
000000000000000111111111110000000000000000000000000000000000000000011111111111111111111111000000000000000000000000000000
000000000000000011111111111000000000000000000000000000000000000000011111111111111111111111000000000000000000000000000000
