000000000000000000000111111111111111111111111111111001110000000000000000000000111111111000011111111000000000000000000000
000000000000000000011111111111111111111111111111110011110000000000000000000000111111111100011111111000000000000000000000
000000000000000000011111111111111111111111111111110111110000000000000000000011111111111110111111110000000000000000000000
000000000000000000111111111111111111111111111111111111100000000000000000001111111111111111111111110000000000000000000000
000000000000000000111111111111111111111111111111111111100000000000000000011111111111111111111111110000000000000000000000
000000000000000001111111111111111111111111111111111111100000000000000000011111111111111111111111110000000000000000000000
000000000000000011111111111111111111111111111111111111100000000000011000011111111111111111111111110000000000000000000000
000000000000000011111111111111111111111111111111111111100000000100111110011111111111111111111111111000000000000000000000
000000000000000011111111111111111111111111111111111111100000000111111110011111111111111111111111111000111000000000000000
000000000000000011111111111111111111111111111111111111100000000111111111011111111111111111111111111111111000000000000000
000000000000000011111111111111111111111111111111111111100000000011111111111111111111111111111111111111111000000000000000
000000000000000011111111111111111111111111111111111111110111101111111111111111111111111111111111111111111111100000000000
000000000000000001111111111111111111111111111111111111111111111111111111111111111111111111111111111111111111100000000000
000000000000000001111111111111111111111111111111111111111111111111111111111111111111111111111111111111011111000000000000
000000000001111000111111111111111111111111111111111111111111111111111111111111111111111111111111111110000000000000000000
000000000011111111111111111111111111111111111111111111111111111111111111111111111111111111111111111100000000000000000000
000000000000001111111111111111111111111111111111111111111111111111111111111111111111111111111111111100000000000000000000
000000000000000011111111111111111111111111111111111111111111111111111111111111111111111111111111110000000000000000000000
000000000000000000011111111111111111111111111111111111111111111111111111111111111111111111111111100000000000000000000000
000000000000000000001111111111111111111111111111111111111111111111111111111111111111111111111111000000000000000000000000
000000000000000000001111111111111111111111110111111111111111111111111111110011111111111111111111110000000000000000000000
000000000000000000000001111111111111111111110111111111111111111111111111110001111111111111111111000000000000000000000000
000000000000000000000000111111111111111111000111111111111111111111111111110000111111111111111100000000000000000000000000
000000000000000000000000011111111111111000000111111111111111111111111111110001111111111111111000000000000000000000000000
000000000000000000000000000011111111111110000111111111111111111111111111110001111111111111000000000000000000000000000000
000000000000000000000000000001111111111110000111111111111111111111111111111011111111111110000000000000000000000000000000
000000000000000000000000000011111111111111001111111111111111111111111111111011111111111111000000000000000000000000000000
000000000000000000000000000001111111111111011111111111111111111111111111111011111111111110000000000000000000000000000000
000000000000000000000000000000111111111111111111111111111111111111111111111111111111111100000000000000000000000000000000
000000000000000000000000000000011111111111111111111111111111111111111111111111111111111000000000000000000000000000000000
000000000000000000000000000000001111111111111111111111111111111111111111111111111111111000000000000000000000000000000000
000000000000000000000000000000001111111111111111111111111111111111111111111111111111110000000000000000000000000000000000
000000000000000000000000000000000111111111111111111111111111111111111111111111111111110000000000000000000000000000000000
000000000000000000000000000000000011111111111111111111111111111111111111111111111111100000000000000000000000000000000000
000000000000000000000000000000000001111111111111111111111111111111111111111111111111100000000000000000000000000000000000
000000000000000000000000000000000000001100111111111111111111111111111111111111111111000000000000000000000000000000000000
000000000000000000000000000000000000000000111111111111111111111111111111111110110000000000000000000000000000000000000000
000000000000000000000000000000000000000000111111111111111111111111111111111110000000000000000000000000000000000000000000
000000000000000000000000000000000000000000111111111111111111111111111111111110000000000000000000000000000000000000000000
000000000000000000000000000000000000000000111111111111111111111111111111111110000000000000000000000000000000000000000000
