000000000000000000000000000000000000000000000000000000000000000000000000000000000000000000000000000000000000000000000000
000000000000000000000000000000000000000000000000000000000000000000000000000000000000000000000000000000000000000000000000
000000000000000000000000000000000000000000000000000000000000000000000000000000000000000000000000000000000000000000000000
000000000000000000000000000000000000000000000000000000000000000000000000000000000000000000000000000000000000000000000000
000000000000000000000000000000000000000000000000000000000000000000000000000000000000000000000000000000000000000000000000
000000000000000000000000000000000000000000000000000000000000000000000000000000000000000000000000000000000000000000000000
000000000000000000000000000000000000000000000000000000000000000000000000000000000000000000000000000000000000000000000000
000000000000000000000000000000000000000000000000000000000000000000000000000000000000000000000000000000000000000000000000
000000000000000000000000000000000000000000000000000000000000000000000000011100000000000000000000000000000000000000000000
000000000000000000000000000000000000000000000000000000000000000000000000111110000000000000000000000000000000000000000000
000000000000000000000000000000000000000000000000000000000000000000000011111111000000000000000000000000000000000000000000
000000000000000000000000000000000000000000000000000000000000000000011111111111111110000000000000000000000000000000000000
000000000000000000000000000000000000000000000000000000000000000000000001111111111000000000000000000000000000000000000000
000000000000000000000000000000000000000000000000000000000000000000000001111111110000000000000000000000000000000000000000
000000000000000000000000000000000000000000000000000000000000000000000011111111000000000000000000000000000000000000000000
000000000000000000000000000000000000000000000000000000000000000000000001111111111110000000000000000000000000000000000000
000000000000000000000000000000000000000000000000000000000000000000000000111111111111111100000000000000000000000000000000
000000000000000000000000000000000000000000000000000000000000000000000000111111111111111111000000000000000000000000000000
000000000000000000000000000000000000000000000000000000000000000000000011111111111111111111100000000000000000000000000000
000000000000000000000000000000000000000000000000000000000000000000000111111111111111111111100000000000000000000000000000
000000000000000000000000000000000000000000000000000000000000000000011111111111111111111111100000000000000000000000000000
000000000000000100000000000000000000000000000000000000000000000000000011111000111111111111000000000000000000000000000000
000000000000000100000000000000000000000000000000000000000000000000000000011000011100110000000000000000000000000000000000
000000000000111111000000000000000000000000000000000000000000000000000000000000001000000000000000000000000000000000000000
000000000000111111000000000000000000000000000000000000000000000000000000000000000000000000000000000000000000000000000000
000000000000111111000000000000000000000000000000000000000000000000000000000000000000000000000000000000000000000000000000
000000001111111111111100000000000000000000000000000000000100000000000000000000000000000000000000000000000000000000000000
000000011111111111111110000001110000000000000000000000011110000000000000000000000000000000000000000000000000000000000000
000000011111111111111110000011111000000000000000000000111111000000000000000000000000000000000000000000000000000000000000
000000011111111111111110000111111000000000000000000000111111000000000000000000000000000000000000000000000000000000000000
000000011111111111111100000111111100000000000000000000111111000000000000000000000000000000000000000000000000000000000000
111111111111111111111111111111111111111111111111111000111111000000000000000000000000000000000000000000000000000000000000
111111111111111111111111111111111111111111111111111110111111000000000000000000000000000000000000000000000000000000000000
111111111111111111111111111111111111111111111111111111111111000000000000000000000000000000000000000000000000000000000000
111111111111111111111111111111111111111111111111111111111111000000000000000000000000000000000000000000000000000000000000
111111111111111111111111111111111111111111111111111111111111000000000000000000000000000000000000000000000000000000000000
111111111111111111111111111111111111111111111111111111111111000000000000000000000000000000000000000000000000000000000000
111111111111111111111111111111111111111111111111111111111111000000000000000000000000000000000000000000000000000000000000
111111111111111111111111111111111111111111111111111111111111000000000000000000000000000000000000000000000000000000000000
111111111111111111111111111111111111111111111111111111111111000000000000000000000000000000000000000000000000000000000000
