111111111111111111111111111111111111111111110000000000000000000000000000000000000000000000000000000000000000000000000000
111111111111111111111111111111111111111111110000000000000000000000000000000000000000000000000000000000000000000000000000
111111111111111111111111111111111111111111110000000000000000000000000000000000000000000000000000000000000000000000000000
111111111111111111111111111111111111111111110000000000000000000000000000000000000000000000000000000000000000000000000000
111111111111111111111111111111111111111111110000000000000000000000000000000000000000000000000000000000000000000000000000
111111111111111111111111111111111111111111110000000000000000000000000000000000000000000000000000000000000000000000000000
111111111111111111111111111111111111111111100000000000000000000000000000000000000000000000000000000000000000000000000000
111111111111111111111111111111111111111111000000000000000000000000000000000000000000000000000000000000000000000000000000
111111111111111111111111111111111111111110000000000000000000000000000000000000000000000000000000000000000000000000000000
111111111111111111111111111111111111111100000000000000000000000000000000000000000000000000000000000000000011111111111000
111111111111111111111111111111111111111000000000000000000000000000000000000000000000000000000000000001111111111111110000
111111111111111111111111111111111111100000000000000000000000000000000000000000000000000000000000000111111111111111000000
111111111111111111111111111111111110000000000000000000000000000000000000000000000000000000000000001111111111111111100000
111111111111111111111111111111111000000000000000000000000000000000000000000000000000000000000000011111111111111111000000
111111111111111111111111111111000000000000000000000000000000000000000000000000000000000000000000111111111111111000000000
111111111111111111111111110000000000000000000000000000000000000000000000000000000000000000000001111111111111100000000000
000000111111111111000000000000000000000000000000000000000000000000000000000000000000000000000011111111111111000000000000
000000000000000000000000000000000000000000000000000000000000000000000000000000000000000000000011111111111111111000000000
000000000000000000000000000000000000000000000000000000000000000000000000000000000000000000000011111111111111111100000000
000000000000000000000000000000000000000000000000000000000000000000000000000000000000000000000111111111111111111110000000
000000000000000000000000000000000000000000000000000000000000000000000000000000000000000000001111111111111111111111000000
000000000000000000000000000000000000000000000000000000000000000000000000000000000000000000001111111111111111111111100000
000000000000000000000000000000000000000000000000000000000000000000000000000000000000000000001111111111111111111111110000
000000000000000000000000000000000000000000000000000000000000000000000000000000000000000000001111111111111111111111110000
000000000000000000000000000000000000000000000000000000000000000000000000000000000000000000011111111011111111111100000000
000000000000000000000000000000000000000000000000000000000000000000000000000000000000000000011111110001111111111100000000
000000000000000000000000000000000000000000000000000000000000000000000000000000000000000000011111100111111111111111000000
000000000000000000000000000000000000000000000000000000000000000000000000000000000000000000001111101111111111111111100000
000000000000000000000000000000000000000000000000000000000000000000000000000000000000000000000100001111111111111111110000
000000000000000000000000000000000000000000000000000000000000000000000000000000000000000000000000011111111111111111110000
000000000000000000000000000000000000000000000000000000000000000000000000000000000000000000000000111111111111111111111000
000000000000000000000000000000000000000000000000000000000000000000000000000000000000000000000001111111111111111111111100
000000000000000000000000000000000000000000000000000000000000000000000000000000000000000000000001111111111111111111111111
000000000000000000000000000000000000000000000000000000000000000000000000000000000000000000000011111111111111111111111111
000000000000000000000000000000000000000000000000000000000000000000000000000000000000000000000111111111111111111111111111
000000000000000000000000000000000000000000000000000000000000000000000000000000000000000000001111111111111111111111111111
000000000000000000000000000000000000000000000000000000000000000000000000000000000000000000011111111111111111111111111111
000000000000000000000000000000000000000000000000000000000000000000000000000000000000000000111111111111111111111111111111
000000000000000000000000000000000000000000000000000000000000000000000000000000000000000001111111111111111111111111111111
000000000000000000000000000000000000000000000000000000000000000000000000000000000000000001111111111111111111111111111111
