111111111111111111111111111111111111111111111111111111111111111111111111111111111111111111111111111111111111111111111111
111111111111111111111111111111111111111111111111111111111111111111111111111111111111111111111111111111111111111111111111
111111111111111111111111111111111111111111111111111111111111111111111111111111111111111111111111111111111111111111111111
111111111111111111111111111111111111111111111111111111111111111111111111111111111111111111111111111111111111111111111111
111111111111111111111111111111111111111111111111111111111111111111111111111111111111111111111111111111111111111111111111
111111111111111111111111111111111111111111111111111111000000000000001111111000011111111111111111111111111111111111111111
111111111111111111111111111111111111111111111111110000000000000000000001100000011111111111111111111111111111111111111111
111111111111111111111111111111111111111111111111000000000000000000000000000000000111111111111111111111111111111111111111
111111111111111111111111111111111111111111111110000000000000000000000000000000000001111111111111111111111111111111111111
111111111111111111111111111111111111111111111110000000000000000000000000000000000011111111111111111111111111111111111111
111111111111111111111111111111111111111111111110000000000000000000000000000000001111111111111111111111111111111111111111
111111111111111111111111111111111111111111111110000000000000000000000000000000001111111111111111111111111111111111111111
111111111111111111111111111111111111111111111100000000000000000000000000000011111111111111111111111111111111111111111111
111111111111111111111111111111111111111111100000000000000000000000000000000001111111111111111111111111111111111111111111
111111111111111111111111111111111111111111100000000000000000000000000000000111111111111111111111111111111111111111111111
111111111111111111111111111111111111111111111101100000000000000000000000001111111111111111111111111111111111111111111111
111111111111111111111111111111111111111111111111100000000000000000000000000111111111111111111111111111111111111111111111
111111111111111111111111111111111111111111111111000000000000000000000000000111111111111111111111111111111111111111111111
111111111111111111111111111111111111111111111111101000000000000000000001111111111111111111111111111111111111111111111111
111111111111111111111110111111111111111111111111111111101000000000111111111111111111111111111111111111111111110011111111
111111111111111111111000011111111111111111111111111111110000000000000001111111111111111111111111111111111100000001111111
111111111111111111100000000001111111111111111111100000000000000000000000000011111111111111111111111111000000000000011111
111111111111111100000000000000001111111111111110000000000000000000000000000000111111111111111111111000000000000000001111
111111111111110000000000000000000011111111111100000000000000000000000000000000011111111111111110000000000000000000000011
111111111110000000000000000000000000001111111000000000000000000000000000000000000000000000000000000000000000000000000000
111111100000000000000000000000000000000000000000000000000000000000000000000000000000000000000000000000000000000000000000
111100000000000000000000000000000000000000000000000000000000000000000000000000111110000000000000000000000000000010000000
000000000000000011110011110000000000000000000000000000000000000000000000000000111111111000000000111000001111101111000000
111111111100000111111111111100111111100000001110000000000000000000000000000001111111111111100111111111111111111111100000
111111111111111111111111111111111111111001111110000000000000000000000000000001111111111111111111111111111111111111111111
111111111111111111111111111111111111111111111110000000000000000000000000000000111111111111111111111111111111111111111111
111111111111111111111111111111111111111111111110000000000000000000000000000000111111111111111111111111111111111111111111
111111111111111111111111111111111111111111111110000000000000000000000000000000111111111111111111111111111111111111111111
111111111111111111111111111111111111111111111111100110000000000000000000000011111111111111111111111111111111111111111111
111111111111111111111111111111111111111111111111111110000000000000000000011111111111111111111111111111111111111111111111
111111111111111111111111111111111111111111111111111100000000000000000000000111111111111111111111111111111111111111111111
111111111111111111111111111111111111111111111111111000000000000000000000000011111111111111111111111111111111111111111111
111111111111111111111111111111111111111111111111110000000000000000000000000111111111111111111111111111111111111111111111
111111111111111111111111111111111111111111111111110000000000000000000000000011111111111111111111111111111111111111111111
111111111111111111111111111111111111111111111111110000000000000000000000000001111111111111111111111111111111111111111111
