000000000000000000000000000000000000000000000000000000000000000000000000000000000000000000000000000000000000000000000000
000000000000000000000000000000000000000000000000000000000000000000000000000000000000000000000000000000000000000000000000
000000000000000000000000000000000000000000000000000000000000000000000011110000000000000000000000000000000000000000000000
000000000000000000000000000000000000000000000011111111000000000000111111111000000000000000000000000000000000000000000000
000000000000000000000000000000000000000000000001111111111111111111111111111100000000000000000000000000000000000000000000
000000000000000000000000000000000000000000000001111111111111111111111111111100000000000000000000000000000000000000000000
000000000000000000000000000000000000000000000001111111111111111111111111100000000000000000000000000000000000000000000000
000000000000000000000000000000000000000000000000000111111111111111111100000000000000000000000000000000000000000000000000
000000000000000000000000000000000000000000000000000111111111111111111110000000000000000000000000000000000000000000000000
000000000000000000000000000000000000000000000000001111111111111111111110000000000000000000000000000000000000000000000000
000000000000000000000000000000000000000000000000001111111111111111111110000000000000000000000000000000000000000000000000
000000000000000000000000000000000000000000000000001111111111111111111111000000000000000000000000000000000000000000000000
000000000000000000000000000000000000000000000000001111111111111111111111000000000000000000000000000000000000000000000000
000000000000000000000000000000000000000000000000011111111111111111111111000000000000000000000000000000000000000000000000
000000000000000000000000100000000000000000000000011111111111111111111111100000000000000000000000000000000000000000000000
000000000000000000000011111101100000000000000000011111111111111111111111100000000000000000000000000000000000000000000000
000000000000000000000011111111110000000000000011111111111111111111111111111110000000000000000000000000000000000000000000
000000000000000000000011111111111100000000000011111111111111111111111111111110000000000000000000000000000000000000000000
000000000000000000000111111111111000000000000000111111111111111111111111111110000000000000000000000000000000000000000000
000000000000000000000011111111110000000000000011111111111111111111111111111110000000000000000000000000000000000000000000
000000000000000000000001111111110000000000000111111111111111111111111111111111000000000000000000000000000000000000000000
000000000000000000000001111111000000000000000111111111111111111111111111111111000000000000000000000000000000000000000000
000000000000000000111111111111001110000000001111111111111111111111111111111101000000000000000000000000000000000000000000
000000000000000000000111111111111111111100011111111011111111111111111111111100000000000000000000000000000000000000000000
000000000000000000000000000000111111111111111111101111111111111111111111111100000000000000000000000000000000000000000000
000000000000000000000000000000001111111111111111001111111111111111111111111100000000000000000000000000000000000000000000
000000000000000000000000000000000000000111111100001111111111111111111111111110000000000000000000000000000000000000000000
000000000000000000000000000000000000000000000000001111111111111111111111111111100000000000000000000000000000000000000000
000000000000000000000000000000000000000000000000001111111111111111111111111111111000000000000000000000000000000000000000
000000000000000000000000000000000000000000000000001111111111111111111110100111111100000000000000000000000000000000000000
000000000000000000000000000000000000000000000000001111111111111111111110000001111110000000000000000000000000000000000000
000000000000000000000000000000000000000000000000001111111111111111111110000000011110000000000000000000000000000000000000
000000000000000000000000000000000000000000000000011111111111111111111111000000011110000000000000000000000000000000000000
000000000000000000000000000000000000000000000000111111111111111111111111100000001110000000000000000000000000000000000000
000000000000000000000000000000000000000000000000111111111111111111111111110000011100000000000000000000000000000000000000
000000000000000000000000000000000000000000000001111111111111111111111111110001110000000000000000000000000000000000000000
000000000000000000000000000000000000000000000001111111111111111111111111111000000000000000000000000000000000000000000000
000000000000000000000000000000000000000000000011111111111111111111111111111100000000000000000000000000000000000000000000
000000000000000000000000000000000000000000000111111111111111111111111111111100000000000000000000000000000000000000000000
000000000000000000000000000000000000000000000111111111111111111111111111111110000000000000000000000000000000000000000000
