000000000000000000000000000000000000000000000000000000000000000000000000000000000000000000000000000000000000000000000000
000000000000000000000000000000000000000000000000000000000000000000000000000000000000000000000000010000000000000000000000
000000000000000000000011000000000000000000000000000000000000000000000000000000000000000000000010111100000000000000000000
000000000000000000000000111100000000000000000000000000000000000000000000000000000000000000000111100000000000000000000000
000000000000000000000000001111111100000000000000000000000000000000000000000000000000000000111111100000000000000000000000
000000000000000000000000111111111000000000000000000000000000000000000000000000000000011111111111100000000000000000000000
000000000000000000000000001111111111110000000000000000000000000000000000000000000000111111111111111000000000000000000000
000000000000000000000000011111111111111000000000000000000000000000000000000000000000011111111111111100000000000000000000
000000000000000000000000111111111111111000000000000000000000000000000000000000000000011111111111111100000000000000000000
000000000000000000000000111111111111111000000000000000000000000000000000000000000000011111111111111100000000000000000000
000000000000000000000000111111111111111000000000000000000000000000000000000000000000000111111111111110000000000000000000
000000000000000000000011111111111111100000000000000000000000000000000000000000000000011111111111111111000000000000000000
000000000000000000000111111111111111110000000000000000000000000000000000000000000001111111111111111111110000000000000000
000000000000000000111111111111111111111100000000000000000000000000000000000000000111111111111111111111111100000000000000
000000000000000011111111111111111111111111000000000000000000000000000000000000011111111111111111111111111110000000000000
000000000000011111111111111111111111111111110000000000000000000000000000000000111111111111111111111111111111100000000000
000000000000111111111111111101111111111111111000000000000000000000000000000000011111111111111111111111111111110000000000
000000000001111111111111101111111111111111111000000000000000000000000000000000001111111111110111111111111111110000000000
000000000011111111111110001111111111111111110000000000000000000000000000000000001111111111111111111111111111111000000000
000000000111111111101100011110111111111111110000000000000000000000000000000000001111111110111101111111111111111000000000
000000001111111111000000011111111011111111110000000000000000000000000000000000001111111111111111111111111111111100000000
000000001111111110000000011111110111111111110000000000000000000000000000000000011111111111111111111111111000111100000000
000000000000000000000000011111111111111111110000000000000000000000000000000000011111111111111111111110010000000000000000
000000000000000000000000111111111111111111111000000000000000000000000000000000011111111111111111111111000000000000000000
000000000000000000000001111111111111111111111000000000000000000000000000000000011111111111111111111111100000000000000000
000000000000000000000011110011111111111111111100000000000000000000000000000000011111111111111111111111111000000000000000
000000000000000000000011101111111111111111111100000000000000000000000000000000011111111111111111111111111110000000000000
000000000000000000000000011111111111111111111110000000000000000000000000000000111111111111111111111111111111000000000000
000000000000000000000001111111111111111111111110000000000000000000000000000000111111111111111111111111111111110000000000
000000000000000000000111111111111111111111111111000000000000000000000000000000111111111111111111111111111111111000000000
000000000000000000011111111111111111111111111111000000000000000000000000000000111111111111111111111111111111111000000000
000000000000000011111111111111111111111111111111000000000000000000000000000000111111111111111111111111111111111000000000
000000000000001111111111111111111111111111111111100000000000000000000000000000111111111111111111111111111111111100000000
000000000000111111111111111111111111111111111111100000000000000000000000000000111111111111111111111111111111111100000000
000000000000111111111111111111111111111111111111100000000000000000000000000000111111111111111111111111111111111000000000
000000000001111111111111111111111111111111111111100000000000000000000000000000111111111111111111111111111000000000000000
000000000000000000011111111111111111111111111111100000000000000000000000000000001111111111111111111111100000000000000000
000000000000000000000001111111111111111111111111000000000000000000000000000000000001111111111111000000000000000000000000
000000000000000000000000000111111111111111111000000000000000000000000000000000000000001111001111000000000000000000000000
000000000000000000000000000111110111100000000000000000000000000000000000000000000000000111000111100000000000000000000000
