000000000000000000000000000000000000000000000000000000000000000000000000000000000000000000000000000000000000000000000000
000000000000000000000000000000000000000000011111110000000000000000000000000000000000000000000000000000000000000000000000
000000000000000000000000000000000000001111111111111111000001111111000000000000000000000000000000000000000000000000000000
000000000000000000000000000000000001111111111111111111111111111111000000000000000000000000000000000000000000000000000000
000000000000000000000000000000001111111111111111111111111111111100000000000000000000000000000000000000000000000000000000
000000000000000000000000000000011111111111111111111111111111110000000000000000000000000000000000000000000000000000000000
000000000000000000000000000000111111111111111111111111111111110000000000000000000000000000000000000000000000000000000000
000000000000000000000000000000111111111111111111111111111111111100000000000000000000000000000000000000000000000000000000
000000000000000000000000000000111111111111111111111111111111111110000000000000000000000000000000000000000000000000000000
000000000000000000000000000000111111111111111111111111111111111110000000000000000000000000000000000000000000000000000000
000000000000000000000000000000111111111111111111111111111111111000000000000000000000000000000000000000000000000000000000
000000000000000000000000000011111111111111111111111111111111110000000000000000000000000000000000000000000000000000000000
000000000000000000000000001111111111111111111111111111111111111100000000000000000000000000000000000000000000000000000000
000000000000000000000000011111111111111111111111111111111111111000000000000000000000000000000000000000000000000000000000
000000000000000000000000000000011111111111111111111111111111110000000000000000000000000000000000000000000000000000000000
111111111111111111111111111100111111111111111111111111111111100000000000000000000000000000000000000000000000000000000000
111111111111111111111111111111111111111111111111111111111111000000000000000000000000000000000000000000000000000000000000
111111111111111111111111111111111111111111111111111111111110000000000000000000000000000000000000000000000000000000000000
000000000000000000000000000111111111111111111111111111111110000000000000000000000000000000000000000000000000000000000000
000000000000000000000000000001111111111111111111111111111000000000000000000000000000000000000000000000000000000000000000
000000000000000000000000000000111111111111111111111111111111000000000000000000000000000000000000000000000000000000000000
000000000000000000000000000000001111111111111111111111111111111110000000000000000000000000000000000000000000000000000000
000000000000000000000000000000000000001111111111111111111111111111111011000000000000000000000000000000000000000000000000
000000000000000000000000000000000000000111111111111111111111111111111111111100000000000000000000000000000000000000000000
000000000000000000000000000000000000000111111111111111111111111111111111111111110000000000000000000000000000000000000000
000000000000000000000000000000000000000111111111111111111111111111011111111111111100000000000000000000000000000000000000
000000000000000000000000000000000000000001111111111111111111111111011111111111111111000000000000000000000000000000000000
000000000000000000000000000000000000000001111111111111111111111111111111111111111111111100000000000000000000000000000000
000000000000000000000000000000000000000001111111111111111111111111111111111111111111111111100000000000000000000000000000
000000000000000000000000000000000000000001111111111111111111111111111111111111000001111111111111000000000000000000000000
000000000000000000000000000000000000000000111111111111111111111111111111111111110000001111111111111000000000000000000000
000000000000000000000000000000000000000000011111111111111111111111111111111111110000000011111111111110000000000000000000
000000000000000000000000000000000000000000001111111111111111111111111111111111000000000111111111111111000000000000000000
000000000000000000000000000000000000000000000111111111111111111111111111111111111111111111111111111111100000000000000000
000000000000000000000000000000000000000000000111111111111111111111111111111111111111111111111111111111111000000000000000
000000000000000000000000000000000000000000000111111111111111111111111111111111111111111111111110000111111110000000000000
000000000000000000000000000000000000000000000011111111111111111111111111111111111111111111111000000001111111100000000000
000000000000000000000000000000000000000000000011111111111111111111100000000000000111111111111000000000011111111000000000
000000000000000000000000000000000000000000000011111111111111111111000000000000000000000011110000000000000111111100000000
000000000000000000000000000000000000000000000011111111111111111111000000000000000000000000000000000000000001111111000000
