111111111111111111111111111111111111111111111111111111111111100000111111111111111111111111111111111111111111111111111111
111111111111111111111111111111111111111111111111111111111111000000000011001111111111111111111111111111111111111111111111
111111111111111111111111111111111111111111111111111111000000000000000000000011111111111111111111111111111111111111111111
111111111111111111111111111111111111111111111111111100000000000000000000000001111111111111111111111111111111111111111111
111111111111111111111111111111111111111111111111111000000000000000000000000001111111111111111111111111111111111111111111
111111111111111111111111111111111111111111111111111100000000000000000000000111111111111111111111111111111111111111111111
111111111111111111111111111111111111111111111111111110000000000000000000000011111111111111111111111111111111111111111111
111111111111111111111111111111111111111111111111111111000000000000000000000001111111111111111111111111111111111111111111
011111111111111111111111111111111111111111111111111110000000000000000000000001111111111111111111111111111111111111111111
000011111111111111111111111111111111111111111111111110000000000000000000000011111111000000000000011111111111111111111111
001111111111111111111111111111111111111111111111111110000000000000000000000000000001100000000001111111111111111111111111
111111111111111111111111000000000000011111111111000000000000000000000000000000000000000000000000000000011111111111111111
111111111111111111111111000000000000000000000000000001000000000000000000000000000000000000000000000000000111111111111111
111111111111111111111111000000000000000011111111111100000000000000000000000000000000000000000000000000000011111111111111
111111111111111111111111100000000000111111111111100000000000000000000000000000001110000000000000001110011111111111111111
011111111111111111111111110000000000011111111000000000000000000000000000000000000000000000000000011111111111111111111111
111111111111111111111111111000000000001111100000000000000000000000000000000000000000000000000001111111111111111111111111
111111111111111111111111111110000000000100000000000000000000000000000000000000000000000000011111111111111111111111111111
111111111111111111111111111111000000000000000000000000000000000000000000000000000000000011111111111111111111111111111111
111111111111111111111111111111110000000000000000000010000000000000000000000111110000001111111111111111111111111111111111
111111111111111111111111111111111000000000000111111110000000000000000000011111111111111111111111111111111111111111111111
111111111111111111111111111111111100000011111111111110000000000000000000011111111111111111111111111111111111111111111111
111111111111111111111111111111111111111111111111111100000000000000000000011111111111111111111111111111111111111111111111
111111111111111111111111111111111111111111111111111100000000000000000000011111111111111111111111111111111111111111111111
111111111111111111111111111111111111111111111111111100000000000000000000111111111111111111111111111111111111111111111111
111111111111111111111111111111111111111111111111111000000000000000000001111111111111111111111111111111111111111111111111
111111111111111111111111111111111111111111111111111000000000000000000011111111111111111111111111111111111111111111111111
111111111111111111111111111111111111111111111111111000000000000000000011111111111111111111111111111111111111111111111111
111111111111111111111111111111111111111111111111111100000000000000000011111111111111111111111111111111111111111111111111
111111111111111111111111111111111111111111111111111100000000000000000000111111111111111111111111111111111111111111111111
111111111111111111111111111111111111111111111111111000000000000000000000001111111111111111111111111111111111111111111111
111111111111111111111111111111111111111111111111110000000000000000000000000111111111111111111111111111111111111111111111
111111111111111111111111111111111111111111111111110000000000000000000000000011111111111111111111111111111111111111111111
111111111111111111111111111111111111111111111111110000000000000000000000000000111111111111111111111111111111111111111111
111111111111111111111111111111111111111111111111110000000000000000000000000000011111111111111111111111111111111111111111
111111111111111111111111111111111111111111111111110000000000000000000000000000000111111111111111111111111111111111111111
111111111111111111111111111111111111111111111111110000000000000000000000000000000011111111111111111111111111111111111111
011111111111111111111111111111111111111111111111110000000000000000000000000000000000111111111111111111111111111111111111
011111111111111111111111111111111111111111111111110000000000000000000000000000000000001111111111111111111111111111111111
011111111111111111111111111111111111111111111111110000000000000000000000000000000000000111111111111111111111111111111111
