000000000000000000000000000000000000000000000000000000000000000000000000000000000000000000000000000000000000000000000000
000000000000000000000000000000000000000000000000000000000000000000000000000000000000000000000000000000000000000000000000
000000000000000000000000000000000000000000000000000000000000000000000000000000011111111111111000000000000000000000000000
000000000000000000000000000000000000000000000000000000000000000000000000001111111111111111111111110000000000000000000000
000000000000000000000000000000000000000000000000000000000000000011100001111111111111111111111111111000000000000000000000
000000000000000000000000000000000000000000000000000000000000011111111011111111111111111111111111111110000000000000000000
000000000000000000000000000000000000000000000000000000000001111111111111111111111111111111111111111110000000000000000000
000000000000000000000000000000000000000000000000000000000011111111111111111111111111111111111111111110000000000000000000
000000000000000000000000000000000000000000000000000000000011111111111111111111111111111111111111111110000000000000000000
000000000000000000000000000000000000000000000000000000000011111111111111111111111111111111111111111110000000000000000000
000000000000000000000000000000000000000000000000000000000000111111111111111111111111111111111111111111100000000000000000
000000000000000000000000000000000000000000000000000000000000001111111111111111111111111111111111111111110000000000000000
000000000000000000000000000000000000000000000000000000000000111111110111111111111111111111111111111111110000000000000000
000000000000000000000000000000000000000000000000000000000001111111100111111111111111111111111111111111100000000000000000
000000000000000000000000000000000000000000000000000000000001111111110111111111111111111111111111111111000000000000000000
000000000000000000000000000000000000000000000000000000000011111111110111111111111111111111111111111011000000000000000000
000000000000000000000000011000000000000000000000000000000011111111110000011111111111111111111111011000000000000000000000
000000000000000000001111111111000000000000000000000000000111111111110000001111111111111111111110000000000000000000000000
000000000000000011111111001111111000000000000000000000000011111111100000000111001111111111111100000000000000000000000000
000000000001111111111000000011111110000000000000000000000011111111000000000010000111111111111000000000000000000000000000
000011111111111111111000000000011111110000000000000000000001111111000000000011111111111111111111100000000000000000000000
111111111111100011111100000000011111111100000000000000000000011100000000011111111111111111111111111110000000000000000000
111111000000000111111110000000111111101111100000000000000000000000000001111111111111111111111111111111100000000000000000
111110000000001111111111000001111111100011111000000000000000000000000111111111111111111111111111111111110000000000000000
111111000000001111111111000011111111110000111110000000000000000000001111111111111111111111111111111111111000000000000000
111111100000000111111110000001111111110000011111111000000000000000011111111111111111111111111111111111111100000011111000
111111100000000111111110000001111111100000011111111111111111111111111111111111111111111111111111111111111111111111111111
111111100000000011111100000000111111100001111111100000011111111111111111111111111111111111111111111111111110000000001111
111111000000000001111100000000111111000011111111110000111111100000011111111111111111111111111111111111111111000000011111
111111000000000001111000000000011110000011111111110001111111110000001111111111111111111111111111111111111111100000111111
111110000000000000111000000000011110000001111111100001111111110000011111111111111111111111111111111111111111100000111111
111110000000000000110000000000001100000001111111000001111111110000001111111111111111111111111111111111111111100000011111
111100000000000000000000000000000000000000111111000000111111100000001111111111111111111111111111111111111111000000011111
011100000000000000000000000000000000000000011110000000111111100000011111111111111111111111111111111111111111000000001111
001000000000000000000000000000000000000000011110000000011111000000011111111111111111111111111111111111111110000000001111
000000000000000000000000000000000000000000001100000000011111000000011111111111111111111111111111111111111100000000000111
000000000000000000000000000000000000000000001100000000001110000000111111111111111111111111111111111111111100000000000111
000000000000000000000000000000000000000000000000000000001100000000111111111111111111111111111111111111111100000000000011
000000000000000000000000000000000000000000000000000000000000000000111111111111111111111111111111111111111100000000000000
000000000000000000000000000000000000000000000000000000000000000000111111111111111111111111111111111111111100000000000000
