111111111111111111111111111111111111111111111111111111111111111111111111111111111111111111111111111111111111111111111111
111111111111111111111111111111111111111111111111111111111111111111111111111111111111111111111111111111111111111111111111
111111111111111111111111111111111111111111111111111111111111111111111111111111111111111111111111111111111111111111111111
111111111111111111111111111111111111111111111111111111111111111111111111111111111111111111111111111111111111111111111111
111111111111111111111111111111111111111111111111111111111111111111111111111111111111111111111111111111111111111111111111
111111111111111111111111111111111111111111111111111111111111111111111111111111111111111111111111111111111111111111111111
111111111111111111111111111111111111111111111111111111111111111111111111111111111111111111111111111111111111111111111111
111111111111111111111111111111111111111111111111111111111111111111111111111111111111111111111111111111111111111111111111
111111111111111111111111111111111111111111111111111111111111111111111111111111111111111111111111111111111111111111111111
111111111111111111111111111111111111111111111111111111111111111111111111111111111111111111111111111111111111111111111111
111111111111111111111111111111111111111111111111111111111111111111111111111111111111111111111111111111111111111111111111
111111111111111111111111111111111111111111111111111111111111111111111111111111111111111111111111111111111111111111111111
111111111111111111111111111111111111111111111110111111111111111111111111111111111111111111111111111111111111111111111111
111111111111111111111111111111111111111111111110011111111111111111111111111111111111111111111111111111111111111111111111
111111111111111111111111111111111111111111111111011111111111111111111111111111111111111111111111111111111111111111111111
111111111111111111111111111111111111111111111111001111111000111111111111111111111111111111111111111111111111111111111111
111111111111111111111111111111111111111111111111101111100000001111111111111111111111111111111111111111111111111111111111
111111111111111111111111111111111111111111111111100111000000000111111111111111111111111111111111111111111111111111111111
111111111111111111111111111111111111111111111111100001000000000111111111111111111111111111111111111111111111111111111110
111111111111111111111111111111111111111111111111100000000000000111111111111111111111111111111111111111111111111111110000
111111111111111111111111111111111111111111111111100000000000000111111111111111111111111111111111111111111111111111000000
000011111111111111111111111111111111111111111111100011000000001111111111111111111111111111111111111111111111111100000000
000011111111111111111111111111111111111111111111111000000000001111111111111111111111111111111111111111111111111100000000
000001111111111111111111111111111111111111111111111000000000001111111111111111111111111111111111111111111111111110000000
000001111111111111111111111111111111111111111111111101000000000111111111111111111111111111111111111111111111111111100000
000001111111111111111111111111111111111111111111111101000000000111111111111111111111111111111111111111111111111111111100
000000001111111111111111111111111111111111111111111101000000000111111111111111111111111111111111111111111111111111111111
000000001111111111111111111111111111111111111111111110000000000011111111111111111111111111111111111111111111111111111111
000000001111111111111111111111111111111111111111111110000000000001111111111111111111111111111111111111111111111111111111
000000011111111111111111111111111111111111111111111110000000000001111111111111111111111111111111111111111111111111111111
000001111111111111111111111111111111111111111111111110000000000001111111111111111111111111111111111111111111111111111111
000011111111111111111111111111111111111111111111111110000000000001111111111111111111111111111111111111111111111111111111
000001111111111111111111111111111111111111111111111110000000000001111111111111111111111111111111111111111111111111111111
000000001111111111111111111111111111111111111111111110000000000011111111111111111111111111111111111111111111111111111111
111110000111111111111111111111111111111111111111111100000001111111111111111111111111111111111111111111111111111111111111
111111111111111111111111111111111111111111111111111100000000111111111111111111111111111111111111111111111111111111111111
111111111111111111111111111111111111111111111111111100000000011111111111111111111111111111111111111111111111111111111111
111111111111111111111111111111111111111111111111111000000000001111111111111111111111111111111111111111111111111111111111
111111111111111111111111111111111111111111111111111000000000011111111111111111111111111111111111111111111111111111111111
111111111111111111111111111111111111111111111111111110000000011111111111111111111111111111111111111111111111111111111111
