111111111111111111111111111111111111111111111111111111111111111111111111111111111111110000000000000000000000001111111111
111111111111111111111111111111111111111111111111111111111111111111111111111111111000000000000000000000000000000001111111
111111111111111111111111111111111111111111111111111111111111111111111111111111100000000000000000000000000000000000001111
111111111111111111111111111111111111111111111111111111111111111111111111111110000000000000000000000000000000000000000011
111111111111111111111111111111111111111111111111111111111111111111111111111100000000000000000000000000000000000000000001
111111111111111111111111111111111111111111111111111111111111111111111111111100000000000000000000000000000000000000000000
111111111111111111111111111111111111111111111111111111111111111111111111111000000000000000000000000000000000000000000000
111111111111111111111111111111111111111111111111111111111111111111000000000000000000000000000000000000000000000000000000
111111111111111111111111111111111111111111111111111111111111111110000000000000000000000000000000000000000000000000000000
111111111111111111111111111111111111111111111111111111111111111100000000000000000000000000000000000000000000000000000000
111111111111111111111111111111111111111111111111111111111111111000000000000000000000000000000000000000000000000000000000
111111111111111111111111111111111111111111111111111111111111111111100000000000000000000000000000000000000000000000000000
111111111111111111111111111111111111111111111111111111111111111111110000000000000000000000000000000000000000000000000000
111111111111111111111111111111111111111111111111111111111111111111111110000000000000000000000000000000000000000000000000
111111111111111111111111111111111111111111111111111111111111111111111111100000000000000000000000000000000000000000000000
111111111111111111111111111111111111111111111111111111111111111111111111110000000000000000000000000000000000000000000000
111111111111111111111111111111111111111111111111111111111111111111111111110000000000000000000000000000000000000000000000
111111111111111111111111111111111111111111111111111111111111111111111111110000000000000000000000000000000000000000000000
111111111111111111111111111111111111111111111111111111111111111111111111110000000000000000000000000000000000000000000000
111111111111111111111111111111111111111111111111111111111111111111111111110000000000000000000000000000000000000000000000
111111111111111111111111111111111111111111111111111111111111111111000111110000000000000000000000000000000000000000000000
111111111111111111111111111111111111111111111111111111111111111110001111110000000111000000000000000000000000000000000000
111111111111111111111111111111111111111111111111111110000000111000011111110000000011100000000000000000000000000000000000
111111111111111111111111111111111111111111111111111100000000000001111111110000000000000000000000000000000000000000000000
111111111111111111111111111111111111111111111111111000000000000011111111111000000000000000000000000000000000000000000000
111111111111111111111111111111111111111111111111111100000000000111111111111000000000000000000000000000000000000000000000
111111111111111111111111111111111111111111111111111000000000001111111111111000000000000000000000000000000000000000000000
111111111111111111111111111111111111111111111111111000000000011111111111111000000000000000000000000000000000000000000000
111111111111111111111111111111111111111111111111111000000000000011111111110000000000000000000000000000000000000000000000
111111111111111111111111111111111111111111111111111000000000000000000111100000000000000000000000000000000000000000000000
111111111111111111111111111111111111111111111111111100000000000000000001000000000000000000000000000000000000000000000000
111111111111111111111111111111111111111111111111111110000000000000000000000000000000000000000000000000000000000000000000
111111111111111111111111111111111111111111111111111111100000000000000000000000000000000000000000000000000000000000000000
111111111111111111111111111111111111111111111111111111110000000000000000000000000000000000000000000000000000000000000000
111111111111111111111111111111111111111111111111111111110000000000000000000000000000000000000000000000000000000000000000
111111111111111111111111111111111111111111111111111111100000000000000000000000000000000000000000000000000000000000000000
111111111111111111111111111111111111111111111111111111100000000000000000000000000000000000000000000000000000000000000000
111111111111111111111111111111111111111111111111111111000000000000000000000000000000000000000000000000000000000000000000
111111111111111111111111111111111111111111111111111111000000000000000000000000000000000000000000000000000000000000000000
111111111111111111111111111111111111111111111111111110000001100000000000000000000000000000000000000000000000000000000000
