000000000000000000000000000000000000000000111111111111111111111111111111111111111111111111111111111111111111111111111111
000000000000000000000000000000000000000000111111111111111111111111111111111111111111111111111111111111111111111111111111
000000000000000000000000000000000000000000111111111111111111111111111111111111111111111111111111111111111111111111111111
000000000000000000000000000000000000000000111111111111111111111111111111111111111111111111111111111111111111111111111111
000000000000000000000000000000000000000000111111111111111111111111111111111111111111111111111111111111111111111111111111
000000000000000000000000000000000000000000111111111111111111111111111111111111111111111111111111111111111111111111111111
000000000000000000000000000000000000000000111111111111111111111111111111111111111111111111111111111111111111111111111111
000000000000000000000000000000000000000000111111111111111111111111111111111111111111111111111111111111111111111111111111
000000000000000000000000000000000000000000111111111111111111111111111111111111111111111111111111111111111111111111111111
000000000000000000000000000000000000000000111111111111111111111111111111111111111111111111111111111111111111111111111111
000000000000000000000000000000000000000000111111111111111111111111111111111111111111111111111111111111111111111111111111
000000000000000000000000000000000000000000111111111111111111111111111111111111111111111111111111111111111111111111111111
000000000000000000000000000000000000000000111111111111111111111111111111111111111111111111111111111111111111111111111111
000000000000000000000000000000000000000000111111111111111111111111111111111111111111111111111111111111111111111111111111
000000000000000000000000000000000000000000111111100011111110001111111111111111111111111111111111111111111111111111111111
000000000000000000000000000000000000000000111110000000000000000111111110111111111111111111111111111111111111111111111111
000000000000000000000000000000000000000000000100000000000000000111111100001111111111111111111111111111111111111111111111
000000000000000000000000000000000000000000100000000000000000000111111100000111111111111111111111111111111111111111111111
000000000000000000000000000000000000000000100000000000000000000000111110000001111111111111111111111111111111111111111111
000000000000000000000000000000000000000000000000000000000000000000111111000000011111111111111111111111111111111111111111
000000000000000000000000000000000000000000000000000000000000000001111100000000011111111111111111111111111111111111111111
000000000000000000000000000000000000000000110000000000000000000000100000000000111111111111111111111111111111111111111111
000000000000000000000000000000000000000000111000000000000000000000000000000111111111111111111111111111111111111111111111
000000000000000000000000000000000000000000111100000000000000000000000011111111111111111111111111111111111111111111111111
000000000000000000000000000000000000000000111111000000000000000000011111111111111111111111111111111111111111111111111111
000000000000000000000000000000000000000000111111000000000000000001111111111111111111111111111111111111111111111111111111
000000000000000000000000000000000000000000111000000000000000000001111111111111111111111111111111111111111111111111111111
000000000000000000000000000000000000000000001100000000000000000000111111111111111111111111111111111111111111111111111111
000000000000000000000000000000000000000111111000000000000000000000011111111111111111111111111111111111111111111111111111
000000000000000000000000000000000000011000110010000000000000000000000011111111111111111111111111111111111111111111111111
000000000000000000000000000000000000110000100100010000000000000000100111111111111111111111111111111111111111111111111111
000000000000000000000000000000000001000000000100110000000000000000111111111111111111111111111111111111111111111111111111
000000000000000000000000000000000011000001001000100000000000000000111111111111111111111111111111111111111111111111111111
000000000000000000000000000000000010000011011001100000000000000000001111111111111111111111111111111111111111111111111111
000000000000000000000000000000000000000011010001000000000000000000000011111111111111111111111111111111111111111111111111
000000000000000000000000000000000000000111110000000000000000000110000000011111111111111111111111111111111111111111111111
000000000000000000000000000000000000000111110000000000000000000011100000001111111111111111111111111111111111111111111111
000000000000000000000000000000000000001111100000000000000000000001111000000000111111111111111111111111111111111111111111
000000000000000000000000000000000000000010100000000000000000000000111111110000001111111111111111111111111111111111111111
000000000000000000000000000000000000000000000000000000000000000000111111111111000111111111111111111111111111111111111111
