111111111111111111111111111111111111111111111111111111111111111111111111111111111111111111000000000000000011111111111111
111111111111111111111111111111111111111111111111111111111111111111111111111111111111111100000000000000000001111111111111
111111111111111111111111111111111111111111111111111111111111111111111111111111111000000000000000000000000000001111111111
111111111111111111111111111111111111111111111111111111111111111111111111111111100000000000000000000000000000000011111111
111111111111111111111111111111111111111111111111111111111111111111111111111110000000000000000000000000000000000001111111
111111111111111111111111111111111111111111111111111111111111111111111111111000000000000000000000000000000000000000111111
111111111111111111111111111111111111111111111111111111111111111111111111110000000000000000000000000000000000000000011111
111111111111111111111111111111111111111111111111111111111111111111111111110000000000000000000000000000000000000000001111
111111111111111111111111111111111111111111111111111111111111111111111111100000000000000000000000000000000000000000001111
111111111111111111111111111111111111111111111111111111111111111111111111110000000000000000000000000000000000000000000111
111111111111111111111111111111111111111111111111111111111111111111111111110000000000000000000000000000000000000000000111
111111111111111111111111111111111111111111111111111111111111111111111111111100000000000000000000000000000000000000000111
111111111111111111111111111111111111111111000111111111111111111111111111111110000000000000000000000000000000000000000111
111111111111111111111111111111111111111111111000001100011111111111111111111000000000000000000000000000000000000000000111
111111111111111111111111111111111111111111111110000000000011111111111111111110000000000000000000000000000000000000000011
111111111111111111111111111111111111111111111100000000000001111111111111111110000000000000000000000000000000000000000011
111111111111111111111111111111111111111111111100000000000000111111111111111111000000000000000000000000000000000000000011
111111111111111111111111111111111111111111111111110000000000000111111111111111100000000000000000000000000000000000000011
111111111111111111111111111111111111111111111111110000000000111100011111111111111001110000000000000000000000000000000000
111111111111111111111111111111111111111111111111111000000001111111110111111111111111110000000000000000000000000000000000
111111111111111111111111111111111111111111111111111000000001111111111111111111111111110000000000000000000000000000000000
111111111111111111111111111111111111111111111111111000000001111111111111111111111111100000000000000000000000000000000000
111111111111111111111111111111111111111111111111110000000001111111111111111111111100000000000000000000000000000000000000
111111111111111111111111111111111111111111111111110000000001111111111111111111110000000000000000000000000000000000000000
111111111111111111111111111111111111111111111111110000000001111111111111111000000000000000000000000000000000000000000000
111111111111111111111111111111111111111111111111110000000001111111111000000000000000000000000000000000000000000000000000
111111111111111111111111111111111111111111111111110000000001111111110000000000000000000000000000000000000000000000000000
111111111111111111111111111111111111111111111111100000000001111000000000000000000000000000000000000000000000000000000000
111111111111111111111111111111111111111111111111100000000000000000000000000000000000000000000000000000000000000000000000
111111111111111111111111111111111111111111111111100000000000000000000000000000000000000000000000000000000000000000000000
111111111111111111111111111111111111111111111111100000000000000000000000000000000000000000000000000000000000000000000000
111111111111111111111111111111111111111111111111100000000000000000000000000000000000000000000000000000000000000000000000
111111111111111111111111111111111111111111111111100000000000000000000000000000000000000000000000000000000000000000000000
111111111111111111111111111111111111111111111111110000000000001111111100000000000000000000000000000000000000000000000000
111111111111111111111111111111111111111111111111111111111111111111111100000000000000000000000000000000000000000000000001
111111111111111111111111111111111111111111111111111111111111111111111110000000000000000000000000000000000000000011011111
111111111111111111111111111111111111111111111111111111111111111111111110000000000000000000000000000000111111111111111111
111111111111111111111111111001111111111111111111111111111111111111111110000000000000000000000000000000111111111111111111
111111111111111111111111100000011111111111111111111111111111111111111111000000000000000000000000000000011111111111111111
111111111111111111111111000000000011111111111111111111111111111111111111000000000000000000000000000000011111111111111111
