000000000000000000000000000000000000000000000000000000000000000000000000000000000000000000000000000000000000000000000000
000000000000000000000000000000000000000000000000000000000000000000000000000000000000000000000000000000000000000000000000
000000000000000000000000000000000000000000000000000000000000000000000000000000000000000000000000000000000000000000000000
000000000000000000000000000000000000000000000000000000000000000000000000000000000000000000000000000000000000000000000000
000000000000000000000000000000000000000000000000000000000000000000000000000000000000000000000000000000000000000000000000
000000000000000000000000000000000000000000000000000000000000000000000000000000000000000000000000000000000000000000000000
000000000000000000000000000000000000000000000000000000000000000000000000000000000000000000000000000000000000000000000000
000000000000000000000000000000000000000000000000000000000000000000000000000000000000000000000000000000000000000000000000
000000000000000000000000000000000000000000000000000000000000000000000000000000000000000000000000000000000000000000000000
000000000000000000000000000000000000000000000000000000000000000000000000000000000000000000000000000000000000000000000000
000000000000000000000000000000000000000000000000000000000000000000000000000000000000000000000000000000000000000000000000
000000000000000000000000000000000000000000000000000000000000000000000000000000000000000000000000000000000000000000000000
000000000000000000000000000000000000000000000000000000000000000001111110000000000000000000000000000000000000000000000000
000000000000000000000000000000000000000000000000000000000000111111111111111110000000000000000000000000000000000000000001
000000000000000000000000000000000000000000000000000000001111111111111111111111111110000000000000000000000000000000011111
000000000000000000000000000000000000000000000000000011111111111111111111111111111111111111100000000000000000011111111111
000000000000000000000000000000000000000000000000001111111111111111111111111111111111111111111111000000001111111111111111
000000000000000000000000000000000000000000000000111111111111111111111000111111111111111111111111111011111111111111111111
000000000000000000000000000000000000000000000011111111111110000111110000000111111111111111111111111111111111111111111111
000000000000000000000000000000000000000000000111111111111110000111100000000000111111111111111111111111111111111111111111
000000000000000000000000000000000000000000001111111111001111111110000000000000001111111111111111111111111111111111111111
000000000000000000000000000000000000000000000111111111000001111100000000000000000001111111111111111111111111111111111111
000000000000000000000000000000000000000000000001110111000011111111100000000000000000001111111111111111111111111111111110
000000000000000000000000000000000000000000000000110011100011111111100000000000000000000001111111111111111111111000000000
000000000000000000000000000000000000000000000000000000000011111111100000000000000000000000000000100000000000000000000000
000000000000000000000000000000000000000000000000000000000011111111100000000000000000000000000000000000000000000000000000
000000000000000000000000000000000000000000000000000000000001111111100000000000000000000000000000000000000000000000000000
000000000000000000000000000000000000000000000000000000000000111111100000000000000000000000000000000000000000000000000000
000000000000000000000000000000000000000000000000000000000000111111110000000000000000000000000000000000000000000000000000
000000000000000000000000000000000000000000000000000000000000111111111100000000000000000000000000000000000000000000000000
000000000000000000000000000000000000000000000000000000000000111111110000000000000000000000000000000000000000000000000000
000000000000000000000000000000000000000000000000000000000000000000000000000000000000000000000000000000000000000000000000
000000000000000000000000000000000000000000000000000000000000000000000000000000000000000000000000000000000000000000000000
000000000000000000000000000000000000000000000000000000000000000000000000000000000000000000000000000000000000000000000000
000000000000000000000000000000000000000000000000000000000000000000000000000000000000000000000000000000000000000000000000
000000000000000000000000000000000000000000000000000000000000000000000000000000000000000000000000000000000000000000000000
000000000000000000000000000000000000000000000000000000000000000000000000000000000000000000000000000000000000000000000000
000000000000000000000000000000000000000000000000000000000000000000000000000000000000000000000000000000000000000000000000
000000000000000000000000000000000000000000000000000000000000000000000000000000000000000000000000000000000000000000000000
000000000000000000000000000000000000000000000000000000000000000000000000000000000000000000000000000000000000000000000000
