000000000000000000000000000000000000000000000000000000000000000000000000000000000000000000000000000000000000000000000000
000000000000000000000000000000000000000000000000000000000000000000000000000000000000000000000000000000000000000000000000
000000000000000000000000000000000000000000000000000000000000000000000000000000000000000000000000000000000000000000000000
000000000000000000000000000000000000000000000000000000000000000000000000000000000000000000000000000000000000000000000000
000000000000000000000000000000000000000000000000000000000000000000000000000000000000000000000000000000000000000000000000
000000000000000000000000000000000000000000000000000000000000000000000000000000000000000000000000000000000000000000000000
000000000000000000000000000000000000000000000000000000000000000000000000000000000000000000000000000000000000000000000000
000000000000000000000000000000000000000000000000000000000000000000000000000000000000000000000000000000000000000000000000
000000000000000000000000000000000000000000000000000000000000000000000000000000000000000000000000000000000000000000000000
000000000000000000000000000000000000000000000000000000000000000000000000000000000000000000000000000000000000000000000000
000000000000000000000000000000000000000000000000000000000000000000101111110000000000000000000000000000000000000000000000
000000000000000000000000000000000000000000000000000000000000000001111111111000000000000000000000000000000000000000000000
000000000000000000000000000000000000000000000000000000000000000001001111110000000000000000000000000000000000000000000000
000000000000000000000000000000000000000000000000000000000000000001000111111000000000000000000000000000000000000000000000
000000000000000000000000000000000000000000000000000000000000000010001111111000000000000000000000000000000000000000000000
000000000000000000000000000000000000000000000000000000000000000010000111110000000000000000000000000000000000000000000000
000000000000000000000000000000000000000000000000000000000000000010000111111000000000000000000000000000000000000000000000
000000000000000000000000000000000000000000000000000000000000000010001111111100000000000000000000000000000000000000000000
000000000000000000000000000000000000000000000000000000000000000010011111111110000000000000000000000000000000000000000000
000000000000000000000000000000000000000000000000000000000000000011111111111110000000000001110000000000000000000000000000
000000000000000000000000000000000001111111111111100000000000000011111111111111000000000011110000000000000000000000000000
000000000000000000000000000001111111111111111111111111111110000011111111111110000001111111111000000000000000000000000000
000000000000000000000000000000111111111111111111111111111111111111111111111111111111111111110000000000000000000000000000
000000000000000000000000000000011111111111111111111111111111111111111111111111111111111111000000000000000000000000000000
000000000000000000000000000000000011111111111111111111111111111111111111111111111111111110000000000000000000000000000000
000000000000000000000000000000000000001111111111111111111111111111111111111111111111111100000000000000000000000000000000
000000000000000000000000000000000000000000000111111111111111111111111111111111111111111000000000000000000000000000000000
000000000000000000000000000000000000000000000001111111111111111111111111111111111111100000000000000000000000000000000000
000000000000000000000000000000000000000000000000000111111111111111111111111111111110000000000000000000000000000000000000
000000000000000000000000000000000000000000000000000000011000000000000000000000000000000000000000000000000000000000000000
000000000000000000000000000000000000000000000000000000000000000000000000000000000000000000000000000000000000000000000000
000000000000000000000000000000000000000000000000000000000000000000000000000000000000000000000000000000000000000000000000
000000000000000000000000000000000000000000000000000000000000000000000000000000000000000000000000000000000000000000000000
000000000000000000000000000000000000000000000000000000000000000000000000000000000000000000000000000000000000000000000000
000000000000000000000000000000000000000000000000000000000000000000000000000000000000000000000000000000000000000000000000
000000000000000000000000000000000000000000000000000000000000000000000000000000000000000000000000000000000000000000000000
000000000000000000000000000000000000000000000000000000000000000000000000000000000000000000000000000000000000000000000000
000000000000000000000000000000000000000000000000000000000000000000000000000000000000000000000000000000000000000000000000
000000000000000000000000000000000000000000000000000000000000000000000000000000000000000000000000000000000000000000000000
000000000000000000000000000000000000000000000000000000000000000000000000000000000000000000000000000000000000000000000000
