000000000000000000000000000000000000000000000000000000000000000000000000000000000000000000000000000000000000000000000000
000000000000000000000000000000000000000000000000000000000000000000000000000000000000000000000000000000000000000000000000
000000000000000000000000000000000000000000000000000111111111111100000000000000000000000000000000000000000000000000000000
000000000000000000000000000000000000000000000011111111111111111111000000000000000000000000000000000000000000000000000000
000000000000000000000000000000000000000000011111111111111111111111110111111111100000000000000000000000000000000000000000
000000000000000000000000000000000000000001111111111111111111111111111111111111100000000000000000000000000000000000000000
000000000000000000000000000000000000000001111111111111111111111111111111111100000000000000000000000000000000000000000000
000000000000000000000000000000000000000001111111111111111111111111111111100000000000000000000000000000000000000000000000
000000000000000000000000000000000000000011111111111111111111111111111111100000000000000000000000000000000000000000000000
000000000000000000000000000000000000000011111111111111111111111111111111110000000000000000000000000000000000000000000000
000000000000000000000000000000000000011111111111111111111111111111111111111000000000000000000000000000000000000000000000
000000000000000000000000000000000011111111111111111111111111111111111111110000000000000000000000000000000000000000000000
000000000000000000000000000000000011111111111111111111111111111111111111000000000000000000000000000000000000000000000000
000000000000000000000000000000000000001111111111111111111111111111111100000000000000000000000000000000000000000000000000
111111111111111111111111110000000000111111111111111111111111111111111110000000000000000000000000000000000000000000000000
111111111111111111111111111111111111111111111111111111111111111111111100000000000000000000000000000000000000000000000000
111111111111111111111111111111111111111111111111111111111111111111111000000000000000000000000000000000000000000000000000
000000000000000000000000001111111111111111111111111111111111111111100000000000000000000000000000000000000000000000000000
000000000000000000000000000000000011111111111111111111111111111111100000000000000000000000000000000000000000000000000000
000000000000000000000000000000000000111111111111111111111111111111100000000000000000000000000000000000000000000000000000
000000000000000000000000000000000000001111111111111111111111111110000000000000000000000000000000000000000000000000000000
000000000000000000000000000000000000000001111111111111111111111111000000000000000000000000000000000000000000000000000000
000000000000000000000000000000000000000000000111111111111111111111111100000000000000000000000000000000000000000000000000
000000000000000000000000000000000000000000000111111111111111111111111111110000000000000000000000000000000000000000000000
000000000000000000000000000000000000000000000111111111111111111111111111111111110000000000000000000000000000000000000000
000000000000000000000000000000000000000000001111111111111111111111111111111111111110000000000000000000000000000000000000
000000000000000000000000000000000000000000001011111111111111111111111001111111111111110000000000000000000000000000000000
000000000000000000000000000000000000000000000011111111111111111111111101111111111111111000000000000000000000000000000000
000000000000000000000000000000000000000000000001111111111111111111111111111111111111111111000000000000000000000000000000
000000000000000000000000000000000000000000000001111111111111111111111111111111111111111111110000000000000000000000000000
000000000000000000000000000000000000000000000001111111111111111111111111111111111110011111111110000000000000000000000000
000000000000000000000000000000000000000000000001111111111111111111111111111111111110000011111111111000000000000000000000
000000000000000000000000000000000000000000000001111111111111111111111111111111111111000000111111111111000000000000000000
000000000000000000000000000000000000000000000001111111111111111111111111111111111110000000011111111111110000000000000000
000000000000000000000000000000000000000000000001111111111111111111111111111111111100000111111111111111111000000000000000
000000000000000000000000000000000000000000000001111111111111111111111111111111111111111111111111111111111100000000000000
000000000000000000000000000000000000000000000000111111111111111111111111111111111111111111111111111111111111000000000000
000000000000000000000000000000000000000000000000111111111111111111111111111111111111111111111111110001111111100000000000
000000000000000000000000000000000000000000000000111111111111111111111111000111111111111111111111000000011111111000000000
000000000000000000000000000000000000000000000000111111111111111111111100000000000000001111111111000000000111111110000000
