111111111111111111111111111111111111111111111111111111111111111111111111111111111111111111111111111111111111111111111111
111111111111111111111111111111111111111111111111111111111111111111111111111111111111111111111111111111111111111111111111
111111111111111111111111111111111111111111111111111111111111111111111111111111111111111111111111111111111111111111111111
111111111111111111111111111111111111111111111111111111111111111111111111111111111111111111111111111111111111111111111111
111111111111111111111111111111111111111111111111111111111111111111111111111111111111111111111111111111111111111111111111
111111111111111111111111111111111111111111111111111111111111111111111111111111111111111111111111111111111111111111111111
111111111111111111111111111111111111111111111111111111111111111111111111111111111111111111111111111111111111111111111111
111111111111111111111111111111111111111111111111111111111111111111111111111111111111111111111111111111111111111111111111
111111111111111111111111111111111111111111111111111111111111111111111111111111111111111111111111111111111111111111111111
111111111111111111111111111111111111111111111111111111111111111111111111111111111111111111111111111111111111111111111111
111111111111111111111111111111111111111111111111111111111111111111111111111111111111111111111111111111111111111111111111
111111111111111111111111111111111111111111111111111111111111111111111111111111111111111111111111111111111111111111111111
111111111111111111111111111111111111111111111111111111111111111111111111111111111111111111111111111111111111111111111111
111111111111111111111111111111111111111111111111111111111111111111111111111111111111111111111111111111111111111111111111
111111111111111111111111111111111111111111111111111111111111111111111111111111111111111111111111111111111111111111111111
111111111111111111111111111111111111111111111111111111111111111111111111111111111111111111111111111111111111111111111111
111111111111111111111111111111111111111111111111111111111111111111111111111111111111111111111111111111111111111111111111
111111111111111111111111111111111111111111111111111111111111111111111111111111111111111111111111111111111111111111111111
111111111111111111111111111111111111111111111111111111111111111111111111111111111111111111111111111111111111111111111111
111111111111111111111111111111111111111111111111111111111111111111111111111111111111111111111111111111111111111111111111
111111111111111111111111111111111111111111111111111111111111111111111111111111111111111111111111111111111111111111111111
111111111111111111111111111111111111111111110010011111111111111111111111111111111111111111111111111111111111111111111111
111111111111111111111111111111111111111111000000000111111100001111111111111111111111111111111111111111111111111111111111
111111111111111111111111111111111111111111000000000001100000011111111111111111111111111111111111111111111111111111111111
111111111111111111111111111111111111111111100000000000000111111111111111111111111111111111111111111111111111111111111111
111111111111111111111111111111111111111111110000000000000011111111111111111111111111111111111111111111111111111111111111
111111111111111111111111111111111111111111111110000000000000111111111111111100000000111111111111111111111111111111111111
111111111111111111111111111111111111111111111111000000000000000111111100000000000000111111111111111111111111111111111111
111111111111111111111111111111111111111111111111100000000000000000000000000000000001111111111111111111111111111111111111
111111111111111111111111111111111111111111111111111000000000000000000000000000000011111111111111111111111111111111111111
111111111111111111111111111111111111111111111111111111000000000000000000000000001111111111111111111111111111111111111111
111111111111111111111111111111111111111111111111111111111000000000000000000000111111111111111111111111111111111111111111
111111111111111111111111111111111111111111111111111111111111100000000000000000000001111111111111111111111111111111111111
111111111111111111111111111111111111111111111111111111111111111000000000000000000000111111111111111111111111111111111111
111111111111111111111111111111111111111111111111111111111111111000000000000111111111111111111111111111111111111111111111
111111111111111111111111111111111111111111111111111111111111111000000000001111111111111111111111111111111111111111111111
111111111111111111111111111111111111111111111111111111111111111100000000000000001111111111111111111111111111111111111111
111111111111111111111111111111111111111111111111111111111111111111001111100000001111111111111111111111111111111111111111
111111111111111111111111111111111111111111111111111111111111111111111111111111111111111111111111111111111111111111111111
111111111111111111111111111111111111111111111111111111111111111111111111111111111111111111111111111111111111111111111111
