111111111111111111111111111111111111111111111111111111111111111111111111111111111111111111111111000000000000000000000000
111111111111111111111111111111111111111111111111111111111111111111111111111111111111111111111111000000000000000000000000
111111111111111111111111111111111111111111111111111111111111111111111111111111111111111111111110000000000000000000000000
111111111111111111111111111111111111111111111111111111111111111111111111111111111111111111111110000000000000000000000000
111111111111111111111111111111111111111111111111111111111111111111111111111111111111111111111110000000000000000000000000
111111111111111111111111111111111111111111111111111111111111111111111111111111111111111111111111000000000000000000000000
111111111111111111111111111111111111111111111111111111111111111111111111111111111111111111111111100000000000000000000000
111111111111111111111111111111111111111111111111111111111111111111111111111111111111111111111111100000000000000000000000
111111111111111111111111111111111111111111111111111111111111111111111111111111111111111111111111100000000000000000000000
111111111111111111111111111111111111111111111111111111111111111111111111111111111111111111111111000000000000000000000000
111111111111111111111111111111111111111111111111111111111111111111111111111111111111111111111110000000000000000000000000
111111111111111111111111111111111111111111111111111111111111111111111111111111111111111111111000000000000000000000000000
111111111111111111111111111111111111111111111111111111111111111111111111111111111111111111000000000000000000000000000000
111111111111111111111111111111111111111111111111111111001111111111111111111111111111111100000000000000000000000000000000
111111111111111111111111111111111111111111111111100110000111111111111111111111111111110000000000000000000000000000000000
111111111111111111111111111111111111111111111111100000000011111111111111111111111110000000000000000000000000000000000000
111111111111111111111111111111111111111111111110000000000011111111111111111111110000000000000000000000000000000000000000
111111111111111111111111111111111111111111111100000000000011111111111111100000000000000000000000000000000000000000000000
111111111111111111111111111111111111111111111100000000000011111111110000000000000000000000000011100000000000000000000000
111111111111111111111111111111111111111111111100000000000000111111100000000000000000000000011111100000000000000000000000
111111111111111111111111111111111111111111111110000000000000011111100000000000000000000000111111000000000000000000000000
111111111111111111111111111111111111111111111111000000000000000100000000000000000000000011111111000000000000000000000000
111111111111111111111111111111111111111111111111000000000000000000000000000000000000001111111110000000000000000000000000
111111111111111111111111111111111111111111111111100000000000000000000000000100000000111111111100000000000000000000000000
111111111111111111111111111111111111111111111111100000000000000000000000010000000011111111111000000000000000000000000000
111111111111111111111111111111111111111111111111100000000000000000000000000010011111111111111000000000000000000000000000
111111111111111111111111111111111111111111111111100000000000000000000000000000111111111111110000000000000000000000000000
111111111111111111111111111111111111111111111111110000000000000000000000000000000011111111100000000000000000000000000000
111111111111111111111111111111111111111111111111110000000010000000000000000000000000001111000000000000000000000000000000
111111111111111111111111111111111111111111111111111000000111100000000000000000000000000000000000000000000000000000000000
111111111111111111111111111111111111111111111111111000001111100000000000000000000000000000000000000000000000000000000000
111111111111111111111111111111111111111111111111111111111111110000000000000000000000000000000000000000000000000000000000
111111111111111111111111111111111111111111111111111111111111110000000000000000000000000000000000000000000000000000000000
111111111111111111111111111111111111111111111111111111111111111000000000000000000000000000000000000000000000000000000000
111111111111111111111111111111111111111111111111111111111111111000000000000000000000000000000000000000000000000000000000
111111111111111111111111111111111111111111111111111111111111111000000000000000000000000000000000000000000000000000000000
111111111111111111111111111111111111111111111111111111111111111100000000000000000000000000000000000000000000000000000000
111111111111111111111111111111111111111111111111111111111111111100000000000000000000000000000000000000000000000000000000
111111111111111111111111111111111111111111111111111111111111111100000000000000000000000000000000000000000000000000000000
111111111111111111111111111111111111111111111111111111111111111110000000000000100000000000000000000000000000000000000000
