000000000000000000000000000000000000000000000000000000000000000000000000000000000000000000000000000000000000000000000000
000000000000000000000000000000000000000000000000000000000000000000000000000000000000000000000000000000000000000000000000
000000000000000000000000000000000000000000000000000000000000000000000000000000000000000000000000000000000000000000000000
000000000000000000000000000000000000000000000000000000000000000000000000000000000000000000000000000000000000011000000000
000000000000000000000000000000000000000000000000000000000000000000000000000000000000000000000000000000001101111100000000
000000001111111100000000000000000000000000000000000000000000000000000000000000000000000000000001111111111111000000000000
000000000111111111111110000000000000000000000000000000000000000000000000000000000000000000000011111111111100000000000000
000000001111111111111111000000000000000000000000000000000000000000000000000000000000000000000011111111111110000000000000
000000000001111111111111000000000000000000000000000000000000000000000000000000000000000000000111111111111111000000000000
000000000001111111111111100000000000000000000000000000000000000000000000000000000000000000000111111111111111000000000000
000000000001111111111111100000000000000000000000000000000000000000000000000000000000000000000011111111111111000000000000
000000000001111111111111000000000000000000000000000000000000000000000000000000000000000000001111111111111111000000000000
000000000001111111111111110000000000000000000000000000000000000000000000000000000000000000111111111111111111100000000000
000000000001111111111111111110000000000000000000000000000000000000000000000000000000000011111111111111111111100000000000
000000000011111111111111111111000000000000000000000000000000000000000000000000000000001111111111111111111111111000000000
000000000111111111111111111111111000000000000000000000000000000000000000000000000000011111111111111111111111111111000000
000000011111111111111111111111111100000000000000000000000000000000000000000000000000001111111111111111111111111111100000
000000111111111111111111111111111000000000000000000000000000000000000000000000000000001111111111111111111111111111110000
000001111111111111111111111111111000000000000000000000000000000000000000000000000000001111111111111111111111111111111100
000011111111111111111111111111110000000000000000000000000000000000000000000000000000001111111111111011111111111111111100
000011111111111111101111111111111000000000000000000000000000000000000000000000000000001111111111110111111111100111111100
000011111111111111000111111111111000000000000000000000000000000000000000000000000000011111111111111111111111000001000000
000011111111101110000111111111111100000000000000000000000000000000000000000000000000011111111111111111111100000000000000
000011111111101110001111111111111100000000000000000000000000000000000000000000000000011111111111111111111110000000000000
000011110000011110011111111111111110000000000000000000000000000000000000000000000000111111111111111111111111100000000000
000000000000011110111111111111111111000000000000000000000000000000000000000000000000111111111111111111111111111000000000
000000000000111001111111111111111111000000000000000000000000000000000000000000000000111111111111111111111111111110000000
000000000000010011111111111111111111100000000000000000000000000000000000000000000000111111111111111111111111111111100000
000000000000011111111111111111111111110000000000000000000000000000000000000000000001111111111111111111111111111111110000
000000000000011111111111111111111111110000000000000000000000000000000000000000000001111111111111111111111111111111111000
000000000000111111111111111111111111111000000000000000000000000000000000000000000001111111111111111111111111111111111000
000000000011111111111111111111111111111000000000000000000000000000000000000000000001111111111111111111111111111111111100
000000000111111111111111111111111111111100000000000000000000000000000000000000000001111111111111111111111111111111111100
000000001111111111111111111111111111111100000000000000000000000000000000000000000001111111111111111111111111111111111100
000000011111111111111111111111111111111110000000000000000000000000000000000000000000111111111111111111111111111111110000
000000011111111111111111111111111111111110000000000000000000000000000000000000000000111111111111111111111111110000000000
000000111111111111111111111111111111111110000000000000000000000000000000000000000000001111111111111111111111000000000000
000000000000011111111111111111111111110000000000000000000000000000000000000000000000000011111011111100000000000000000000
000000000000000000011111111111100110000000000000000000000000000000000000000000000000000001110001111000000000000000000000
000000000000000000001111001111000000000000000000000000000000000000000000000000000000000001110000111100000000000000000000
