011111111111111111111111111111111111111110000000000000000000000000000000000000001111111111111111111111111111111111111111
001111111111111111111111111111111111111111111110000000000000000000000000000011111111111111111111111111111111111111111111
001111111111111111111111111111111111111111111111111110000000000000000000001111111111111111111111111111111111111111111111
000111111111111111111111111111111111111111111111111111110000000000000000011111111111111111111111111111111111111111111111
000111111111111111111111111111111111111111111111111111110000000000000000011111111111111111111111111111111111111111111111
000111111111111111111111111111111111111111111111111111111000000000000000011111111111111111111111111111111111111111111110
000011111111111111111111111111111111111111111111111111111000000000000000011111111111111111111111111111111111111111110000
000011111111111111111111111111111111111111111111111111111000000000000000011111111111111111111111111111111111111111000000
000001111111111111111111111111111111111111111111111111111100000000000000011111111111111111111111111111111111111000000000
000001111111111111111111111111111111111111111111111111111110000000000111111111111111111111111111111111111111100000000000
000000111111111111111111111111111111111111111111111111111111111111111111111111111111111111111111111111111110000000000000
000000111111111111111111111111111111111111111111111111111111111111111111111111111111111111111111111111111000000000000000
000000111111111111111111111111111111111111111111111111111111100111111111111111111111111111111111111111100000000000000000
000000011111111111111111111111111111111111111111111111111111000011111111111111111111111100001111111111000000000000000000
000000011111111111111111111111111111111111111111111111111111111111111111111111111111110000000011111111000000000000000000
000000011111111111111111111111111111111111111111111111111111111111111111111111111111100000000000111000011100010000000000
000000011111111111111111111111111111111111111111111111111111111111111111111111111111000000000000001111111101000000000000
000000011111111111111111111111111111111111111111111111111111111111111111111111111111000000000000000000110000000000000000
000000011111111111111111111111111111111111111111111111111111111111111111111111111110000000000000000000000000000000000000
000000011111111111111111111111111111111111111111111111111111111111111111111111111100000000000000000000000000000000000000
000000011111111111111111111111111111111111111111111111111111111111111111111000000000000000000000000000000000000000000000
000000000111111111111111111111111111111111111111111111111111111111111111000000000000000000000000000000000000000000000000
000000000000111111111111111111111111111111111111111111111111111111111110000000000000000000000000000000000000000000000000
000000000000001111111111111111111111111111111111111111111111111111111100000000000000000000000000000000000000000000000000
000000000000000001111111111111111111111111111111111111111111111111111100000000000000000000000000000000000000000000000000
000000000000000000011111111111111111111111111111111111111111111111111000000000000000000000000000000000000000000000000000
000000000000000000000011111111111111111111111111111111111111111111100000000000000000000000000000000000000000000000000000
000000000000000000000000111111111111111111111111111111110000000000000000000000000000000000000000000000000000000000000000
000000000000000000000000000111111111111111111111111111110000000000000000000000000000000000000000000000000000000000000000
000000000000000000000000000001111111111111111111111111100000000000000000000000000000000000000000000000000000000000000000
000000000000000000000000000000011111111111111111111110000000000000000000000000000000000000000000000000000000000000000000
000000000000000000000000000000000111111111111111110000000000000000000000000000000000000000000000000000000000000000000000
000000000000000000000000000000000001111111111111000000000000000000000000000000000000000000000000000000000000000000000000
000000000000000000000000000000000000001111111110000000000000000000000000000000000000000000000000000000000000000000000000
000000000000000000000000000000000000000011111100000000000000000000000000000000000000000000000000000000000000000000000000
000000000000000000000000000000000000000000111100000000000000000000000000000000000000000000000000000000000000000000000000
000000000000000000000000000000000000000000001110000000000000000000000000000000000000000000000000000000000000000000000000
000000000000000000000000000000000000000000000010000000000000000000000000000000000000000000000000000000000000000000000000
000000000000000000000000000000000000000000000000000000000000000000000000000000000000000000000000000000000000000000000000
000000000000000000000000000000000000000000000000000000000000000000000000000000000000000000000000000000000000000000000000
