000000000000000000000000000000111111111111111111111111111111111111111111111111111111000000000000011111111111111111111111
000000000000000000000000000000000001111111111111111111111111111111111111111111111100000000000000000011111111111111111111
000000000000000000000000000000000000011111111111111111111111111111111111111111100000000000000000000000011111111111111111
000000000000000000000000000000000000111111111111111111111111111111111111111000000000000000000000000000000001111111111111
000000000000000000000000000000000111111111111111111111111111111111111110000000000000000000000000000000000000000011111111
000000000000000000000000000000000011111111111111111111111111111110000000000000000000000000000000000000000000000000000001
000000000000000000000000000000000000111111111111111111111111100000000000000000000000000000000000000000000000000000000000
000000000000000000000000000000000000001111111111111111111111100000000000000000000000000000000000000000000000000000000000
000000000000000000000000000000000000000111111111111111111111100000000000000000000000000000000000000000000000000000000000
000000000000000000000000000000000000000011111111111111111111110000000000000000000000000000000000000000000000000000000000
000000000000000000000000000000000000000111111111111111111111111100000000000000000000000000000000000000000000000000000000
000000000000000000000000000000000111111111111111111111111111111110000000000000000000000000000000000000000000000000000000
000000000000000000000000000000001111111111111111111111111111111111000000000000000000000000000000000000000000000000000000
000000000000000000000000000000001111111111111111111111111111111111110000000000000000000000000000000000000000000000000001
000000000000000000000000000000000111111111111111111111111111111111111100000000000000000001100000000000000000000000000111
011110000000000000000000000000000111111111111111111111111111111111111111100000000000000011100000000000000000000000011111
111111100000000000111000000000000011111111111111111111111111111111111111111110000000000011100000000000000000000011111111
111111111000000011111111100000000011111111111111111111111111111111111111111111111100001111110000000000000001111111111111
111111111110001111111111111111111111111111111111111111111111111111111111111111111111111111111111111111111111111111111111
111111111111111111111111111111111111111111111111111111111111111111111111111111111111111111111111111111111111111111111111
111111111111111111111111111111111111111111111111111111111111111111111111111111111111111111111111111111111111111111111111
111111111111000111111111111111111111111111111111111111111111111111111111111111111111111111111111111111111111111111111111
111111111110000001111111111111111111111111111111111111111111111111111111111111111111111000001111111111111111111111111111
111111111100000000111111111111111111111111111111111111111111111111111111111111111111110000000000011111110000001111111111
111111111000000000011111111111111111111111111111111111111111111111111111111111111111100000000000000001000000000011111111
111111110000000000000111111111111111111111111111111000001111111111111111111111111111000000000000000000000000000000111111
111111110000000000000011111111111111100000000000000000111111111111000000000000000001000000000000000000000000000000000000
111111110000000000000001111111100000000000000000000001111111111111000000000000000000000000000000000000000000000000000000
111111110000000000000001111000000000000000000000000111111111111111000000000000000000000000000000000000000000000000000000
000111111000000000000001000000000000000000000000011111111111111111110000000000000000000000000000000000000000000000000000
000000011100000000000000000000000000000000000000111111111111111111111000000000000000000000000000000000000000000000000000
000000000000000000000000000000000000000000000011111111111111111111111110000000000000000000000000000000000000000000000000
000000000000000000000000000000000000000000001111111111111111111111111111100000000000000000000000000000000000000000000000
000000000000000000000000000000000000000001111111111111111111111111111111110000000000000000000000000000000000000000000000
100000000000000000000000000000000000011111111111111111111111111111111111000000000000000000000000000000000000000000000000
111111000000000000000000000000001111111111111111111111111111111111111000000000000000000000000000000000000000000000000000
111110000000000000000000000000000000111111111111111111111111111111100000000000000000000000000000000000000000000000000000
100000000000000000000000000000000000000111111111111111111111111111000000000000000000000000000000000000000000000000000000
000001111100000000000000000000000000000001111111111111111111111111110000000000000000000000000000000000000000000000000000
011111111100000000000010000000000000000000011111111111111111111111111110000000000000000000000000000000000011111111110000
