111111111111111111111111111111111111111111111111111111111111111111111111111111111111111111111111111111111111111111111111
111111111111111111111111111111111111111111111111111111111111111111111111111111111111111111111111111111111111111111111111
111111111111111111111111111111111111111111111111111111111111111111111111111111111111111111111111111111111111111111111111
111111111111111111111111111111111111111111111111111111111111111111111111111111111111111111111111111111111111111111111111
111111111111111111111111111111111111111111111111111111111111111111111111111111111111111111111111111111111111111111111111
111111111111111111111111111111111111111111111111111111111111111000011111111111111111111111111111111111111111111111111111
111111111111111111111111111111111111111111111111111111111111111000011111111111111111111111111111111111111111111111111111
111111111111111111111111111111111111111111111111111111111111110000011111111111111111111111111111111111111111111111111111
111111111111111111111111111111111111111111111111111111111111110000111111111111111111111111111111111111111111111111111111
111111111111111111111111111111111111111111111111111111111111110001111111111000000000000000011111111111111111111111111111
111111111111111111111111111111111111111111111111111111111111100001111111100000000000000000000011111111111111111111111111
111111111111111111111111111111111111111111111111111111111111100001111110000000000000000000000000111111111111111111111111
111111111111111111111111111111111111111111111111111111111111100011111100000000000000000000000000011111111111111111111111
111111111111111111111111111111111111111111111111111111111111000011111100000000000000000000000000001111111111111111111111
111111111111111111111111111111111111111111111111111111111111000111111100000000000000000000000000001111111111111111111111
111111111111111111111111111111111111111111111111111111111110000111111111000000000000000000000000000111111111111111111111
111111111111111111111111111111111111111111111111111111111100000111111100000000000000000000000000000111111111111111111111
111111111111111111111111111111111111111111111111111111111000000001111110000000000000000000000000000111111111111111111111
111111111111111111111111111111111111111111111111111111111000000000111110000000000000000000000000000111111111111111111111
111111111111111111111111111111111111111111111111111111110000000000111111000000000000000000000000000111111111111111111111
111111111111111111111111111111111111111111111111111111111000000000011111110000000000000000000000000111111111111111111111
111111111111111111111111111111111111111111111111111111111000111000001111100000000000000000000000001111111111111111111111
111111111111111111111111111111111111111111111111111111110000111110000111100000000000000000000000001111111111111111111111
111111111111111111111111111111111111111111111111111111110001111110000000000000000000000000000000011111111111111111111111
111111111111111111111111111111111111111111111111111111100011110000000000000000000000000000000000011111111111111111111111
111111111111111111111111111111111111111111111111111111100011100000000000000000000000000000000000111111111111111111111111
111111111111111111111111111111111111111111111111111111000111100000000000000000000000000000000000111111111111111111111111
111111111111111111111111111111111111111111111111111110000111100000000000000000000000000000000000111111111111111111111111
111111111111111111111111111111111111111111111111111110001111100000000000000000000000000000000000111111111111111111111111
111111111111111111111111111111111111111111111111111100001111110000000000000000000000000000000000111111111111111111111111
111111111111111111111111111111111111111111111111111100011111111000000000000000000000000000000000111111111111111111111111
111111111111111111111111111111111111111111111111111000011111111000000000000000000000000000000000111111111111111111111111
111111111111111111111111111111111111111111111111110000011111111100000000000000000000000000000000111111111111111111111111
111111111111111111111111111111111111111111111111000000000111111110000000000000000000000000000000111111111111111111111111
111111111111111111111111111111111111111111111111000000000000000011000000000000000000000000000000111111111111111111111111
111111111111111111111111111111111111111111111110000000000000000000000000000000000000000000000000111111111111111111111111
111111111111111111111111111111111111111111111110000000000000000000000000000000000000000000000000111111111111111111111111
111111111111111111111111111111111111111111111111000000000000000000000000000000000000000000000000111111111111111111111111
111111111111111111111111111111111111111111111111000010000000000000000000000000000000000000000001111111111111111111111111
111111111111111111111111111111111111111111111111000110000000000000000000000000000000000000000011111111111111111111111111
