111111111111111111111111111111111111111111111111111111111111111111111111111111111111111111111111111111111111111111111111
111111111111111111111111111111111111111111111111111111111111111111111111111111111111111111111111111111111111111111111111
111111111111111111111111111111111111111111111111111111001111111111111111111111111111111111111111111111111111111111111111
111111111111111111111111111111111111111111111111111110000001111111111111111111111111111111111111111111111111111111111111
111111111111111111111111111111111111111111111111111110000000011111111111111111111111111111111111111111111111111111111111
111111111111111111111111111111111111111111111111111000000000111111111111111111111111111111111111111111111111111111111111
111111111111111111111111111111111111111111111111100000000000111111111111111111111111111111111111111111111111110111111111
111111111111111111111111111111111111111111001100000000000000001111111111111111111111111111111111111111111100000000111111
111111111111111111111111111111111111111111000000000000000000000001111111111111111111111111111111111111110000000000111111
111111111111111111111111111111111111111111100000000000000000000000111111111111111111111111111111111111110000000000011100
111111111111111111111111111111111111111111110000000000000000000001111111111111111111111111111111111111110000000000000000
111111111111111111111111111111111111111111110000000000000000000000111111111111111111111111111111111111111110111100000000
111111111111111111111111111111111111111111100000000000000000000000111111111111111111111111111111111111111111111100000000
111111111111111111111111111111111111111111110000000000000000000000011111111111111111111111111111111111111111111000000000
111111111111111111111111111111111111111111111100000000000000000000011111111111111111111111111111111111111111100000010000
111111111111111111111111111111111111111111111110000000000000000000011111111111111111111111111111111111111111000000011100
111111111111111111111111111111111111111111111111000000000000000000011111111111111111111111111111111111111110000000111000
111111111111111111111111111111111111111111111111111000000000000001111111111111111111111111111111111111111100000000000000
111111111111111111111111111111111111111111111111100000000000000111111111111111111111111111111111111111111000000000000000
111111111111111111111111111111111111111111111000000000000000000001111111111111111111111111111111111111111000000000000000
111111111111111111111111111111111111111111111000000000000000000001111111111111111111111111111111111111111111111100000000
111111111111111111111111111111111111111111110000000000000000000001111111111111111111111111111111111111111111111111100000
111111111111111111111111111111111111111111100000000000000000000000111111111111111111111111111111111111111111111111000000
111111111111111111111111111111111111111111000000000000000000000000111111111111111111111111111111111111111111111111000000
111111111111111111111111111111111111111110000000000000000000000001111111111111111111111111111111111111111111111111000000
111111111111111111111111111111111111111110000000000000000000000001111111111111111111111111111111111111111111111110000000
111111111111111111111111111111111111111100000000000000000000000001111111111111111111111111111111111111111111111111000000
111111111111111111111111111111111111100000000000000000000000000000111111111111111111111111111111111111111111111111100000
111111111111111111111111111111110000000000000000000000000000000000111111111111111111111111111111111111111111111111000000
000000000011111111111111111110000000000001000000000000000000000001111111111111111111111111111111111111111111111110000000
000000000000000000000000000000000000001111000000000000000000000111111111111111111111111111111111111111111111111100000000
000000000000000000000000000000000000000000000000000000000001111111111111111111111111111111111111111111111111111000000000
000000000000000000000000000000000000000000000000000000000000111111111111111111111111111111111111111111111111110000000000
000000000000000000000000000000000000000000000000000000000000001111111111111111110000000001111111111111111111100000000000
000000000000000000000000000000000000000000000000000000000000000000000000000000000000000000011111111111111111000000000000
110000000000000000000000000000000000000000000000000000000000000000000000000000000000000000011111111111111110000000000000
111111111000000000000000000000000000000000000000000000000000000000000000000000000000000000011111111111111100000000000000
111111111111111100000000000000000000000000000000000000000000000000000000000000000000000000011111111111111000000000000000
111111111111111111111110000000000000000000000000000000000000000000000000000000000000000000111111111111110000000000000000
111111111111111111111111111111000000000000000000000000000000000000000000000000000000000011111111111111100000000000000000
