000000000000000000000000000000000000000000000000000000000000000000000000000000000010000000000000000000000000000000000000
000000000000000000000000000000000000000000000000000000000000000000000000000000001110000000000000000000000000000000000000
000000000000000000000000000000000000000000000000000000000000000000000000000000111110000000000000000000000000000000000000
000000000000000000000000000000000000000000000000000000000000000000000000001111111110000000000000000000000000000000000000
000000000000000000000000000000000000000000000000000000000000000000000111111111111111000000000000000000000000000000000000
000000000000000000000000000000000000000000000000000000000000000000011111111111111111111000000000000000000000000000000000
000000000000000000000000000000000000000000000000000000000000000000111111111111111111111100000000000000000000000000000000
000000000000000000000000000000000000000000000000000000000000000011111111111111111111111100000000000000000000000000000000
000000000000000000000000000000000000000000000000111111111111111111111111111111111111111110000000000000000000000000000000
000000000000000000000000000000000000000000001111111111111111111111111111111111111111111110000000000000000000000000000000
000000000000000000000000000000000000000011111111111111111111111111111111111111111111111110000000000000000000000000000000
000000000000000000000000000000000000001111111111111111111111111111111111111111111111111111000000000000000000000000000000
000000000000000000000000000000000000001111111111111111111111111111111111111111111111111111110000000000000000000000000000
000000000000000000000000000000000000001100000111111111111111111111111111111111111111111111111110000000000000000000000000
000000000000000000000000000000000000000110000011111111111111111111111111111111111111111111111111110000000000000000000000
000000000000000000000000000000000000000001111100110111111111111111111111111111111111111111111111111100000000000000000000
000000000000000000000000000000000000000000000000001000000111111111111111111111111111111111111111111111000000000000000000
000000000000000000000000000000000000000000000000000101100111111111111111111111111111111111111111111111100000000000000000
000000000000000000000000000000000000000000000000000001110111111111111111111111111111111111111111111111111000000000000000
000000000000000000000000000000000000000000000000000000111111111111111111111000000001111111111111111111111100000000000000
000000000000000000000000000000000000000000000000000000011111111111111111101100000000000000111111111101111100000000000000
000000000000000000000000000000000000000000000000000000011111111111111111100011000000000000001111110000011000000000000000
000000000000000000000000000000000000000000000000000000111111111111111111100000011100001111100000011000010000000000000000
000000000000000000000000000000000000000000000000000001111111111111111111100000000000000000000000000001100000000000000000
000000000000000000000000000000000000000000000000000000111111111111111111110000000000000000000000000000000000000000000000
000000000000000000000000000000000000000000000000000000111111111111111111110000000000000000000000000000000000000000000000
000000000000000000000000000000000000000000000000000000011111111111111111111000000000000000000000000000000000000000000000
000000000000000000000000000000000000000000000000000000001111111111111111111100000000000000000000000000000000000000000000
000000000000000000000000000000000000000000000000000000011111111111111111111110000000000000000000000000000000000000000000
000000000000000000000000000000000000000000000000000000111111111111111111111110000000000000000000000000000000000000000000
000000000000000000000000000000000000000000000000000000111111111111111111111111000000000000000000000000000000000000000000
000000000000000000000000000000000000000000000000000001111111111111111111111110000000000000000000000000000000000000000000
000000000000000000000000000000000000000000000000000001111111111111111111111110000000000000000000000000000000000000000000
000000000000000000000000000000000000000000000000000011111111111111111111111111000000000000000000000000000000000000000000
000000000000000000000000000000000000000000000000000111111111111111111111111111000000000000000000000000000000000000000000
000000000000000000000000000000000000000000000000000111111111111111111111111111000000000000000000000000000000000000000000
000000000000000000000000000000000000000000000000001111111111111111111111111111000000000000000000000000000000000000000000
000000000000000000000000000000000000000000000000011111111111111111111111111111000000000000000000000000000000000000000000
000000000000000000000000000000000000000000000000111111111111111111111111111111000000000000000000000000000000000000000000
000000000000000000000000000000000000000000000000111111111111111111111111111100000000000000000000000000000000000000000000
