000000000000000000000000000000000000000000000000000000000000000000011000000000000000000000000111111111111111111111111111
000000000000000000000000000000000000000000000000000000000000000011111000000000000000000000111111111111111111111111111111
000000000000000000000000000000000000000000000000000000000000001111111100000000000000000011111111111111111111111111111111
000000000000000000000000000000000000000000000011111111111000111111111110000000000000000011111111111111111111111111111111
000000000000000000000000000000000000000000011111111111111111111111111110000000000000000011111111111111111111111111111111
000000000000000000000000000000000000000001111111111111111111111111110000000000000000000011111111111111111111111111111111
000000000000000000000000000000000000000011111111111111111111111111110000000000000000000000111111111111111111111111111111
000000000000000000000000000000000000000111111111111111111111111111100000000000000000000000001111111111111111111111111111
000000000000000000000000000000000000000111111111111111111111111011100000000000000000000000001111111111111111111111111111
000000000000000000000000000000000000001111111111111111111111111000000000000000000000000000000111111111111111111111111111
000000000000000000000000000000000000001111111111111111111111111000000000000000000000000000000011111111111111111111111111
000000000000000000000000000000000000000111111111111111111111111000000000000000000000000000000000111111111111111111111111
000000000000000000000000000000000000000000010001111111101110000000000000000000000000000000000001111111111111111111111111
000000000000000000000000000000000000000000001111111111111110000000000000000000000000000000000001111111111111111111111111
000000000000000000000000000000000000000000111111111111111110000000000000000000000000000000000011111111111111111111111111
000000000000000000000000000000000000000111111111111111111111100000000000000000000000000000000000011111111111111111111111
000000000000000000000000000000000000001111111111111111111111111110000000000000000000000000000000000000000011111111111111
000000000000000000000000000000000000011111111111111111111111111111000000000000000000000000000000000011000000011111111111
000000000000000000000000000000000000111111111111111111111111111111100000000000000000000000000000011111110000000111111111
000000000000000000000000000000000000011111111111111111111111111111100000000000000000000000000011111111110000000000000111
000000000000000000000000000000000000001111111111111111111111111111111110000000000000000000011111000111110000000000000000
000000000000000000000000000000000000001111111111111111111110001111111111111000000000000011111000000011100000000000000000
000000000000000000000000000000000000001111111111111111111110000000111111111111111000011111000000000011000000000000000000
000000000000000000000000000000000000001111111111111111111111000000000000111111111111110000000000000000000000000000000000
000000000000000000000000000000000000000111111111111111111111000000000000011111111111000000000000000000000000000000000000
000000000000111111000000000000000000000011111111111111111110000000000000011111111111100000000000000000000000000000000000
000000000000001111111111100000000000000000111111111111111110000000000011111111111111000000000000000000000000000000000000
000000000000000000000111111111110000000111111111111111111110000000111111111001110000000000000000000000000000000000000000
000000000000000000000000000011111111111111111111111111111111100111111111000000000000000000000000000000000000000000000000
000000000000000000000000000000000001111111111111111111111111111111111000000000000000000000000000000000000000000000000000
000000000000000000000000000000000000011111111111111111111111111110000000000000000000000000000000000000000000000000000000
000000000000000000000000000000000000001111111111111111111111111111000000000000000000000000000000000000000000000000000000
000000000000000000000000000000000000011111111111111111111111111111111111111000000000000000000000000000000000000000000000
000000000000000000000000000000000000011111111111111111111111111111011111111111111111000000000000000000000000000000000000
000000000000000000000000000000000000111111111111111111111111111110000000000011111111111111111100000000000000000000000000
000000000000000000000000000000000000111111111111111111111111111111000000000000000000000000000000000000000000000000000000
000000000000000000000000000000000111111111111111111111111111111111100000000000000000000000000000000000000000000000000000
000000000000000000000000000000111111111111111111111111111111111111110000000000000000000000000000000000000000000000000000
000000000000000000000000001111111111111111111111111111111111111111111000000000000000000000000000000000000000000000000000
000000000000000000000011111111111111111111111111111111111111111111111000000000000000000000000000000000000000000000000000
