111111111111111111111111111111111111111111111111111111111111111111111111111111111111111111111111111111111111111111111111
111111111111111111111111111111111111111111111111111111111111111111111111111111111111111111111111111111111111111111111111
111111111111111111111111111111111111111111111111111111111111111111111111111111111111111111111111111111111111111111111111
111111111111111111111111111111111111111111111111111111111111111111111111111111111111111111111111111111111111111111111111
111111111111111111111111111111111111111111111111111111111111111111111111111111111111111111111111111111111111111111111111
111111111111111111111111111111111111111111111111111111111111111111111111111111111111111111111111111111111111111111111111
111111111111111111111111111111111111111111111111111111111111111111111111111111111111111111111111111111111111111111111111
111111111111111111111111111111111111111111111111111111111111111111111111111111111111111111111111111111111111111111111111
111111111111111111111111111111111000000000111111111111111111111111111111111111111111111111111111111111111111111111111111
111111111111111111111111111111110000000000001111111111111111111111111111111111111111111111111111111111111111111111111111
111111111111111111111111111111100000000000000111111111111111111111111111111111111111111111111111111111111111111111111111
111111111111111111111111111111000000000000000111111111111111111111111111111111111111111111111111111111111111111111111111
111111111111111111111111111111000000000000000011111111111111111111111111111111111111111111111111111111111111111111111111
111111111111111111111111111111110000000000000011111111111111111111111111111111111111111111111111111111111111111111111111
111111111111111111111111111111111000000011101111111111111111111111111111111111111111111111111111111111111111111111111111
111111111111111111111111111111111000000001111111111111111111111111111111111111111111111100011111111111111111111111111111
111111111111111111111111111111000000000000111111111111111111111111111111111111111111100000000011111111111111111111111111
111111111111111111111111111110000000000000111111111111111111111111111111111111001110000000000001111111111111111111111111
111111111111111111111111111100000000000000111111111111111111111111111111111110000000000000000011111111111111111111111111
111111111111111111111111111110000000000000111111111111111111111111111111111111100000000000000111111111111111111111111111
111111111111111111111111111111000000000000111111111111111111111111111111111111111000000000000111111111111111111111111111
111111111111111111111111111111000000000000111111111111111111111111111111111111111000000000000001111111111111111111111111
111111111111111111111111111110000000000000111111111111111111111111111111111111111000000000100000111111111111111111111111
111111111111111111111111111100000000000001111111111111111111111111111111111111111000000000111111111111111111111111111111
111111111111111111111111111000000000000001111111111111111111111111111111111111100000000000111111111111111111111111111111
111111111111111111111111111000000000000001111111111111111111111111111111111110000000000000111111111111111111111111111111
111111111111111111111111111000000000000000111111111111111111111111111111111100000000000000011111111111111111111111111111
111111111111111111111111110000000000000000111111111111111111111111111111111000000000000000001111111111111111111111111111
111111111111111111111111110000000000000000011111111111111111111111111111111100000000000000001111111111111111111111111111
111111111111111111111111110000000000000000011111111111111111111111111111111110000000000000001111111111111111111111111111
111111111111111111111111100000000000000000001111111111111111111111111111111111000000000000011111111111111111111111111111
111111111111111111111111100000000000000000001111111111111111111111111111111111100000000000111111111111111111111111111111
111111111111111111111111100000000000000000000111111111111111111111111111111111000000000000111111111111111111111111111111
111111111111111111111111000000000000000000000111111111111111111111111111111111000000000000011111111111111111111111111111
111111111111111111111111000000000000000000000111111111111111111111111111111110000000000000011111111111111111111111111111
111111111111111111111111000000000000000000000111111111111111111111111111111110000000000000001111111111111111111111111111
111111111111111111111111000000000000000000000011111111111111111111111111111100000000000000000111111111111111111111111111
111111111111111111111111000000000000000000000011111111111111111111111111111110000000000000000111111111111111111111111111
111111111111111111111110000000000000000000000011111111111111111111111111111111100001100000011111111111111111111111111111
111111111111111111111110000000000000000000000001111111111111111111111111111111100001110001111111111111111111111111111111
