000000000000000000000000000000000000000000000000000000000000000000000000000000000000000000000000000000000000000000000000
000000000000000000000000000000000000000000000000000000000000000000000000000000000000000000000000000000000000000000000000
000000000000000000000000000000000000000000000000000000000000000000000000000000000000000000000000000000000000000000000000
000000000000000000000000000000000000000000000000000000000000000000000000000000000000000000000000000000000000000000000000
000000000000000000000000000000000000000000000000000000000000000000000000000000000000000000000000000000000000000000000000
000000000000000000000000000000000000000000000000000000000000000000000000000000000000000000000000000000000000000000000000
000000000000000000000000000000000000000000000000000000000000000000000000000000000000000000000000000000000000000000000000
000000000000000000000000000000000000000000000000000000000000000000000000000000000000000000000000000000000000000000000000
000000000000000000000000000000000000000000000000000000000000000000000000000000000000000000000000000000000000000000000000
000000000000000000000000000000000000000000000000000000000000000000000000000000000000000000000000000000000000000000000000
000000000000000000000000000000000000000000000000000000000000000000000000000000000000000000000000000000000000000000000000
000000000000000000000000000000000000000000000000000000000000000000000000000000000000000000000000000000000000000000000000
000000000000000000000000000000000000000000000000000000000000000000000000000000000000000000000000000000000000000000000000
000000000000000000000000000000000000000000000000000000000000000000000000000000000000000000000000000000000000000000000000
000000000000000000000000000000000000000000000000000000000000000000000000000000000000000000000000000000000000000000000000
000000000000000000000000000000000000000000000000000000000000000000000000000000000000000000000000000000000000000000000000
000000000000000000000000000000000000000000000000000000000000000000000000000000000000000000000000000000000000000000000000
000000000000000000000000000000000000000000000000001000001000000100000100000000000000000000000000000000000000000000000000
000000000000000000000000000000000000000000000100001100011100011100001100001000000000000000000000000000000000000000000000
000000000000000000000000000000000000000000000111011111111111111111111110111001000000000000000000000000000000000000000000
000000000000000000000000000000000000000000011111111111111111111111111111111110000000000000000000000000000000000000000000
000000000000000000000000000000000000000000011111111111111111111111111111111111000000000000000000000000000000000000000000
000000000000000000000000000000000000000000011111111111111111111111111111111100000000000000000000000000000000000000000000
000000000000000000000000000000000000000000000111111111111111111111111111111000000000000000000000000000000000000000000000
000000000000000000000000000000000000000000001111111111111111111111111111111000000000000000000000000000000000000000000000
000000000000000000000000000000000000000111111111111111111111111111111111111111111000000000000000000000000000000000000000
000000000000000000000000000000000000111111111111111111111111111111111111111111111111000000000000000000000000000000000000
000000000000000000000000000000000011111111111111111111111111111111111111111111111111110000000000000000000000000000000000
000000000000000000000000000000000111111111111111111111111111111111111111111111111111111000000000000000000000000000000000
000000000000000000000000000000000111111111111111111111111111111111111111111111111111111000000000000000000000000000000000
000000000000000000000000000000000111111111111111111111111111111111111111111111111111110000000000000000000000000000000000
000000000000000000000000000000000001111111111111111111111111111111111111111111111111100000000000000000000000000000000000
000000000000000000000000000000000000001111111111111111111111111111111111111111111100000000000000000000000000000000000000
000000000000000000000000000000000000000000111111111111111111111111111111111111000000000000000000000000000000000000000000
000000000000000000000000000000000000000000000000011111111111111111111100000000000000000000000000000000000000000000000000
000000000000000000000000000000000000000000000000000000000000000000000000000000000000000000000000000000000000000000000000
000000000000000000000000000000000000000000000000000000000000000000000000000000000000000000000000000000000000000000000000
000000000000000000000000000000000000000000000000000000000000000000000000000000000000000000000000000000000000000000000000
000000000000000000000000000000000000000000000000000000000000000000000000000000000000000000000000000000000000000000000000
000000000000000000000000000000000000000000000000000000000000000000000000000000000000000000000000000000000000000000000000
