000000000000000000000000000000000000000000000000000000000000000111111111111111111111111100000000000000000111111111111111
000000000000000000000000000000000000000000000000000000000000011111111111111111111111110000000000000000011111111111111111
000000000000000000000000000000000000000000000000000000000001111111111111111111111111000000000000000000111111111111111111
000000000000000000000000000000000000000000000000000000000111111111111111111111111100000000000000000001111111111111111111
000000000000000000000000000000000000000000000000000000011111111111111111111111110000000000000000000000011111111111111111
000000000000000000000000000000000000000000000000000011111111111111111111111111100000000000000000000000111111111111111111
000000000000000000000000000000000000000000000000011111111111111111111111111110000000000000000000000011111111111111111111
000000000000000000000000000000000000000000000001111111111111111111111111111100000000000000000000001111111111111111111111
000000000000000000000000000000000000000000000011111111111111111111111111110000000000000000000000111111111111111111111100
000000000000000000000000000000000000000000000111111111111111111111111111100000000000000000000011111111111111111111111100
000000000000000000000000000000000000000000000011111111111111111111111111000000000000000000000111110000011111111111111100
000000000000000000000000000000000000000000000000111111111111111111111110000000000000000000011111000000000111111111111000
000000000000000000000000000000000000000000000000111111111111111111111100000000000000000000000000000000000111111111111000
000000000000000000000000000000000000000000000011111111111111111111111000000000000000000000000000000000000111111111111000
000000000000000000000000000000000000000000000111111111111111111111110000000000000000000000000000000000001111111111110000
000000000000000000000000000000000000000000011111111111111001111111000000000000000000000000000000000000001111111111100000
000000000000000000000000000000000000000000111111111111110000000000000000000000000000000000000000000000011111111111000000
000000000000000000000000000000000000000001111111111111100000000000000000000000000000000000000000000000011111111100000000
000000000000000000000000000000000000000111111111111110000000000000000000000000000000000000000000000001111111110000000000
000000000000000000000000000000000000001111111111111100000000000000000000000000000000000000000000000111111111000000000000
000000000000000000000000000000000000001111111111111000000000000000000000000000000000000000000000011111111000000000000000
000000000000000000000000000000000000011111111111110000000000000000000000000000000000000000000001111111000000000000000000
000000000000000000000000000000000000011111111111111100000000000000000000000000000000000000000111111110000000000000000000
000000000000000000000000000000000000111111111111111111110000000000000000000000000000000000000000000000000000000000000000
000000000000000000000000000000000000111111111111100000000000000000000000000000000000000000000000000000000000000000000000
000000000000000000000000000000000000111111111111111111111111111111111111111111111111111111111111000000000000000000000000
000000000000000000000000111111111111111111111111111111111111111111111111111111111111111111111111111111111110000000000000
001111111111111111111111111111111111111111111111111111111111111111111111111111111111111111111111111111111111111111111111
111111111111111111111111111111111111111111111111111111111111111111111111111111111111111111111111111111111111111111111111
111111111111111111111111111111111111111111111111111111111111111111111111111111111111111111111111111111111111111111111111
000111111111111111111111111111111111111111111111111111111111111111111111111111111111111111111111111111111111111111111111
000000000000000000000000000000000011111111111111111111111111111111111111111111111111111111111111111111111111111111111111
000000000000000000000000000000000000000000000000000000000000111111111111111111111111111111111111111111111111111111111111
000000000000000000000000000000000000000000000000000000000000000000000000000000000000000000000000000000000000000000000000
000000000000000000000000000000000000000000000000000000000000000000000000000000000000000000000000000000000000000000000000
000000000000000000000000000000000000000000000000000000000000000000000000000000000000000000000000000000000000000000000000
000000000000000000000000000000000000000000000000000000000000000000000000000000000000000000000000000000000000000000000000
000000000000000000000000000000000000000000000000000000000000000000000000000000000000000000000000000000000000000000000000
000000000000000000000000000000000000000000000000000000000000000000000000000000000000000000000000000000000000000000000000
000000000000000000000000000000000000000000000000000000000000000000000000000000000000000000000000000000000000000000000000
