000000000000000000000000000000000000000000000000000000000000000000000000000000000000000000000000000000000000000000000000
000000000000000000000000000000000000000000000000000000000000000000000000000000000000000000000000000000000000000000000000
000000000000000000000000000000000000000000000000000000000000000000000000000000000000000000000000000000000000000000000000
000000000000000000000000000000000000000000000000000000000000000000000000000000000000000000000000000000000000000000000000
000000000000000000000000000000000000000000000000000000000000000000000000000000000000000000000000000000000000000000000000
000000000000000000000000000000000000000000000000000111111111111111110000000000000000000000000000000000000000000000000000
000000000000000000000000000000000000000000000000011111111111111111111110000000000000000000000000000000000000000000000000
000000000000000000000000000000000000000000000001111111111111111111111111100000000000000000000000000000000000000000000000
000000000000000000000000000000000000000000000011111111111111111111111111111110000000000000000000000000000000000000000000
000000000000000000000000000000000000000000111111111111111111111111111111111001000000000000000000000000000000000000000000
000000000000000000000000000000000000000001000111111111111111111111111111111111000000000000000000000000000000000000000000
000000000000000000000000000000000000000000110111111111111111111111111111111110000000000000000000000000000000000000000000
000000000000000000000000000000000000000000011111111111111111111111111111111100000000000000000000000000000000000000000000
000000000000000000000000000000000000000000011111111111111111111111111111111110000000000000000000000000000000000000000000
000000000000000000000000000000000000000001111111111111111111111111111111111111000000000000000000000000000000000000000000
000000000000000000000000000000000000000011111111111111111111111111111111111101000000000000000000000000000000000000000000
000000000000000000000000000000000000000000001101111111111111111111111111111000000000000000000000000000000000000000000000
000000000000000000000000000000000000000000000001111111111111111111111111111000000000000000000000000000000000000000000000
000000000000000000000000000000000000000000000001111111111111111111111111111100000000000000000000000000000000000000000000
000000000000000000000000000000000000000000000001111111111111111111111111111100000000000000000000000000000000000000000000
000000000000000000000000000000000000000000000001111111111111111111111111111100000000000000000000000000000000000000000000
000000000000000000000000000000000000000000000001111111111111111111111111111100000000000000000000000000000000000000000000
000000000000000000000000000000000000000000000011111111111111111111111111111100000000000000000000000000000000000000000000
000000000000000000000000000000000000000000111111111111111111111111111111111100000000000000000000000000000000000000000000
000000000000000000000000000000000000000011111111111111111111111111111111111110000000000000000000000000000000000000000000
000000000000000000000000000000000000000111111111111111111111111111111111111111100000000000000000000000000000000000000000
000000000000000000000000000000001111111111111111111111111111111111111111111111110000000000000000000000000000000000000000
000000000000000000000000000000001111111111111111111111111111111111111111111111110000000000000000000000000000000000000000
000000000000000000000000000000001111111111111111111111111111111111111111111111111000000000000000000000000000000000000000
000000000000000000000000000000011111111111110011111111111111111111111111111111111000000000000000000000000000000000000000
000000000000000000000000000000011111111111110111111111111111111111111111111111111000000000000000000000000000000000000000
000000000000000000000000000000011111111111000111111111111111111111111111111111111000000000000000000000000000000000000000
000000000000000000000000000000011111111000001111111111111111111111111111111111111000000000000000000000000000000000000000
000000000000000000000000000000001111111100000111111111111111111111111111111111101100000000000000000000000000000000000000
000000000000000000000000000000000011111100000111111111111111111111111111111111110000000000000000000000000000000000000000
000000000000000000000000000000000001111110000111111111111111111111111111111111100000000000000000000000000000000000000000
000000000000000000000000000000000000111111000111111111111111111111111111111111100000000000000000000000000000000000000000
000000000000000000000000000000000000011111100111111111111111111111111111111111100000000000000000000000000000000000000000
000000000000000000000000000000000000001111111111111111111111111111111111111111100000000000000000000000000000000000000000
000000000000000000000000000000000000000111111111111111111111111111111111111111110000000000000000000000000000000000000000
