000000000000000000000000000000000000000000000000000000000000000000000000000000000000000000000000000000000000000000000000
000000000000000000000000000000000000000000000000000000000000000000000000000000000000000000000000000000000001100000000000
000000000000000000000000000000000000000000000000000000000000000000000011100111110000000000000000000000000000110000000000
000000000000000000000000000000000000000000000000000000000000000000111111111111111111111110000000000000000000111000000000
000000000000000000000000000000000000000000000000000000000000000000111111111111111111111111111000000000000000011000000000
000000000000000000000000000000000000000000000000000000000000000001111111111111111111111111111111000000000000011100000000
000000000000000000000000000000000000000000000000000000000000000011111111111111111111111111111111100000000000001110000000
000000000000000000000000000000000000000000000000000000000000000000111111111111111111111111111111110000000000000111111000
000000000000000000000000000000000000000000000000000000000000000000111111111111111111111111111111111000000000011111000000
000000000000000000000000000000000000000000000000000000000000000001111111111111111111111111111111111000000000000111111100
000000000000000000000000000000000000000000000000000000000000000011111111111111111111111111111111111100000000000111111110
000000000000000000000000000000000000000000000000000000000000000011111111111111111111111111111111111100000000000011111111
000000000000000000000000000000000000000000000000000000000000000001111111111111111111111111111111111110000000000011111111
000000000000000000000000000000000000000000000000000000000000000000011111111111111111111111111111111111000000000011111111
000000000000000000000000000000000000000000000000000000000000000000000011111111111111111111111111111100000000000001111111
000000000000000000000000000000000000000000000000000000000000000000000000111111111111111111111111110100000000000001111111
000000000000000000000000000000000000000000000000000000000000000000000000111111111111111111111110010000000000000001111111
000000000000000000000000000000000000000000000000000000000000000000000000110111111111111111111000000000000000001111111111
000000000000000000000000000000000000000000000000000000000000000000000000011111111111111111111111110000000000001111111111
000000000000000000000000000000000000000000000000000000000000000000000000011111111111111111111111111100000000011111111111
000000000000000000000000000000000000000000000000000000000000000000000000111111111111111111111111111110000001111111111111
000000000000000000000000000000000000000000000000000000000000000000000000111111111111111111111111111110000111111111110000
000000000000000000000000000000000000000000000000000000000000000000000000111111111111111111111111111111011111111111100000
000000000000000000000000000000000000000000000000000000000000000000000000111111111111111111111111111111111111111110000000
000000000000000000000000000000000000000000000000000000000000000000000000011111111111111111111111111111111111111100000000
000000000000000000000000000000000000000000000000000000000000000000000000011111111111111111111111111111111111111000000000
000000000000000000000000000000000000000000000000000000000000000000000000001111111111111111111111111111111111100000000000
000000000000000000000000000000000000000000000000000000000000000000000000001111111111111111111111111111110000000000000000
000000000000000000000000000000000000000000000000000000000000000000000000001111111111111111111111111111100000000000000000
000000000000000000000000000000000000000000000000000000000000000000000000000111111111111111111111111111100000000000000000
000000000000000000000000000000000000000000000000000000000000000000000000000111111111111111111111111111100000000000000000
000000000000000000000000000000000000000000000000000000000000000000000000000111111111111111111111111111111100000000000000
000000000000000000000000000000000000000000000000000000000000000000000000000111111111111111111111111111111110000000000000
000000000000000000000000000000000000000000000000000000000011111111111111111111111111111111111111111111111111000000000000
000000000000000000000000000000000000000000000000000000000011111111111111111111111111111111111111111111111111100000000000
000000000000000000000000000000000000000000000000000000000000111111111111111111111111111111111111111111111110000000000000
000000000000000000000000000000000000000000000000000000000000001111111111111111111111111111111111111111111110000000000000
000000000000000000000000000000000000000000000000000000000000000111111111111111111111111111111111111000011000000000000000
000000000000000000000000000000000000000000000000000000000000000011111111111111111111111111111111110000000000000000000000
000000000000000000000000000000000000000000000000000000000000000011111111111111111111111111111111110000000000000000000000
