000000000000000000000000000000000000000000000000000000000000000000000000000000000000000000000000000000000000000000000000
000000000000000000000000000000000000000000000000000000000000000000000000000000000000000000000000000000000000000000000000
000000000000000000000000000000000000000000000000000000000000000000000000000000000000000000000000000000000000000000000000
000000000000000000000000000000000000000000000000000000000000000000000000000000000000000000000000000000000000000000000000
000000000000000000000000000000000000000000000000000000000000000000000000000000000000000000000000000000000000000000000000
000000000000000000000000000000000000000000000000000000000000000000000000000000000000000000000000000000000000000000000000
000000000000000000000000000000000000000000000000000000000000000000000000000000000000000000000000000000000000000000000000
000000000000000000000000000000000000000000000000000000000000000000000000000000000000000000000000000000000000000000000000
000000000000000000000000000000000000000000000000000000000000000000000000011110000000000000000000000000000000000000000000
000000000000000000000000000000000000000000000000000000000000000000000000111111000000000000000000000000000000000000000000
000000000000000000000000000000000000000000000000000000000000000000000111111111100000000000000000000000000000000000000000
000000000000000000000000000000000000000000000000000000000000000000011111111111111110000000000000000000000000000000000000
000000000000000000000000000000000000000000000000000000000000000000000001111111111100000000000000000000000000000000000000
000000000000000000000000000000000000000000000000000000000000000000000001111111110000000000000000000000000000000000000000
000000000000000000000000000000000000000000000000000000000000000000000001111111100000000000000000000000000000000000000000
000000000000000000000000000000000000000000000000000000000000000000000001111111111110000000000000000000000000000000000000
000000000000000000000000000000000000000000000000000000000000000000000000111111111111111110000000000000000000000000000000
000000000000000000000000000000000000000000000000000000000000000000000000011111111111111111100000000000000000000000000000
000000000000000000000000000000000000000000000000000000000000000000000001111111111111111111111000000000000000000000000000
000000000000000000000000000000000000000000000000000000000000000000000111111111111111111111110000000000000000000000000000
000000000000000000000000000000000000000000000000000000000000000000011111111111111111111111110000000000000000000000000000
000000000000000000000000000000000000000000000000000000000000000000000011111100111111111111111000000000000000000000000000
000000000000000100000000000000000000000000000000000000000000000000000000011000011110111010000000000000000000000000000000
000000000000011110000000000000000000000000000000000000000000000000000000000000001100000000000000000000000000000000000000
000000000000111111000000000000000000000000000000000000000000000000000000000000000000000000000000000000000000000000000000
000000000000111111000000000000000000000000000000000000000000000000000000000000000000000000000000000000000000000000000000
000000001111111111111100000000000000000000000000000000000000000000000000000000000000000000000000000000000000000000000000
000000011111111111111110000001100000000000000000000000001110000000000000000000000000000000000000000000000000000000000000
000000011111111111111110000011111000000000000000000000011111000000000000000000000000000000000000000000000000000000000000
000000011111111111111110000111111100000000000000000000011111100000000000000000000000000000000000000000000000000000000000
000000011111111111111110000111111100000000000000000000011111100000000000000000000000000000000000000000000000000000000000
000000011111111111111110000111111111111111111111111000011111100000000000000000000000000000000000000000000000000000000000
111111111111111111111111111111111111111111111111111110011111100000000000000000000000000000000000000000000000000000000000
111111111111111111111111111111111111111111111111111111111111000000000000000000000000000000000000000000000000000000000000
111111111111111111111111111111111111111111111111111111111111000000000000000000000000000000000000000000000000000000000000
111111111111111111111111111111111111111111111111111111111111000000000000000000000000000000000000000000000000000000000000
111111111111111111111111111111111111111111111111111111111111000000000000000000000000000000000000000000000000000000000000
111111111111111111111111111111111111111111111111111111111111000000000000000000000000000000000000000000000000000000000000
111111111111111111111111111111111111111111111111111111111111000000000000000000000000000000000000000000000000000000000000
111111111111111111111111111111111111111111111111111111111111000000000000000000000000000000000000000000000000000000000000
