111111111111111111111111111111111111111111111111111100000000000000000011111111111111111111111111111111111111111111111111
111111111111111111111111111111111111111111111111110000000000000000000000000111111111111111111111111111111111111111111111
111111111111111111111111111111111111111111111111100000000000000000000000000001111111111111111111111111111111111111111111
111111111111111111111111111111111111111111111111000000000000000000000000000000111111111111111111111111111111111111111111
111111111111111111111111111111111111111111111111000000000000000000000000000000011111111111111111111111111111111111111111
111111111111111111111111111111111111111111111110000000000000000000000000000000000000000011111111111111111111111111111111
111111111111111111111111111111111111111111000000000000000000000000000000000000000000000001111111111111111111111111111111
111111111111111111111111111111111111111110000000000000000000000000000000000000000000000001111111111111111111111111111111
111111111111111111111111111111111111111111000000000000000000000000000000000000000000000001111111111111111111111111111111
111111111111111111111111111111111111111111110000000000000000000000000000000000000000000011111111111111111111111111111111
111111111111111111111111111111111111111111111100000000000000000000000000000000100000000111111111111111111111111111111111
111111111111111111111111111111111111111111111000000000000000000000000000000001100000000011111111111111111111111111111111
111111111111111111111111111111111111111111111100000000000000000000000000000011100000001111111111111111111101111111111111
111111111111001111111111111111111111111111111111000000000000000000000000000011000000000111111111111111000000000111111111
111111111000000000011111111111111111111111111111100000000000000000000000001111000000000111111111110000000111100000011111
111110000011111000000001111111111111111111111111111110010000000000000001111111000000000011111100000100001111110000000000
000000000011111100001100000111111111111111111111111111100000000011110111111111000000000110000001111000000111110000001000
001100000011111000001111110000000000000000001111111110000000000000111111111000000000000000000011111000000011100000000111
011100000001110000000111100001111111100000000111000000000000000000000011110000100000011111000001111000000011110000000111
111100000011110000001111000000111111000001100000000000000000000000000000000011000000111110000000111100000111111000000111
111100000111111000001111000000011110000000110000000000000000000000000000000010000000111110000000111110000111111110000111
111100001111111000011111000000111110000000000000000000000000000000000000000000000000111111000000111111000111111111000111
111100011111111100111111000001111111000000000000000000000000000000000000000000000001111111100001111111000111111111100111
111100111111111100111111100001111111000000000000000000000000000000000000000000000001111111100001111111101111111111111111
111111111111111111111111100011111111100000000000000000000000000000000000000000000011111111110011111111111111111111111111
111111111111111111111111110011111111110000000000000000000000000000000000000000100111111111111011111111111111111111111111
111111111111111111111111111111111111110000000000000000000000000000000000000000000111111111111111111111111111111111111111
111111111111111111111111111111111111111000000000000000000000000000000000000000001111111111111111111111111111111111111111
111111111111111111111111111111111111111000000000000000000000000000000000000000001111111111111111111111111111111111111111
111111111111111111111111111111111111110000000010000000000000000000000000000000000111111111111111111111111111111111111111
111111111111111111111111111111111111100000000110000000000000000000000000000000000111111111111111111111111111111111111111
111111111111111111111111111111111111100000001110000000000000000000000000010000000011111111111111111111111111111111111111
111111111111111111111111111111111100000000001110000000000000000000000000011000000000001111111111111111100111111111111111
111101111111110000111111111111000000000000011110000000000000000000000000011100000000000001111111111110001111111111001111
111000111111111000000111111000000000000001111110000000000000000000000000011111000000000000000111111000000111111110000111
111000000000000000000000000000000000001111111110000000000000000000000000011111111000000000000000000000000000000000000111
111100000000000000000000000000000001111111111100000000000000000000000000001111111111100000000000000000000000000000001111
111110000000000000000000000000011111111111111000000000000000000000000000000111111111111110000000000000000000000000011111
111111111101111110000000000111111111111111110000000000000000000000000000000011111111111111111000000000000011000011111111
111111111111111111111111111111111111111111100000000000000000000000000000000001111111111111111111111111111111111111111111
