000000000000000000000000000000000000000000000000000000000000000011111111111110000000000000000000000000000000000000000000
000000000000000000000000000000000000000000000000000000000111111111111111111111100000000000000000000000000000000000000000
000000000000000000000000000000000000000000000000000000011111111111111111111111111000000000000000000000000000000000000000
000000000000000000000000000000000000000000000000000000111111111111111111111111111100000010000000000000000000000000000000
000000000000000000000000000000000000000000000000000001111111111111111111111111111111111111111100000000000000000000000000
000000000000000000000000000000000000000000000000000011111111111111111111111111111111111111110000000000000000000000000000
000000000000000000000000000000000000000000000000000011111111111111111111111111111111111100000000000000000000000000000000
000000000000000000000000000000000000000000000000111111111111111111111111111111111111100000000000000000000000000000000000
000000000000000000000000000000000000000000000111111111111111111111111111111111111111110000000000000000000000000000000000
000000000000000000000000000000000000000000001111111111111111111111111111111111111111111000000000000000000000000000000000
000000000000000000000000000000000000000000000000111111111111111111111111111111111111110000000000000000000000000000000000
000000000000000000000000000000000000000000000000111111111111111111111111111111111111110000000000000000000000000000000000
000000000000011111111111110000000000000000000111111111111111111111111111111111111100000000000000000000000000000000000000
000011111111111111111111111111111111111000001111111111111111111111111111111111111000000000000000000000000000000000000000
111111111111111111111111111111111111111111111111111111111111111111111111111111111000000000000000000000000000000000000000
111111111111100000000000011111111111111111111111111111111111111111111111111111100000000000000000000000000000000000000000
111111000000000000000000000000000000011111111111111111111111111111111111111111000000000000000000000000000000000000000000
000000000000000000000000000000000000000000000111111111111111111111111111111111000000000000000000000000000000000000000000
000000000000000000000000000000000000000000000000001111111111111111111111111111000000000000000000000000000000000000000000
000000000000000000000000000000000000000000000000000000111111111111111111111110000000000000000000000000000000000000000000
000000000000000000000000000000000000000000000000000000011111111111111111111100000000000000000000000000000000000000000000
000000000000000000000000000000000000000000000000000000111111111111111111111111110000000000000000000000000000000000000000
000000000000000000000000000000000000000000000000000000111111111111111111111111111111000000000000000000000000000000000000
000000000000000000000000000000000000000000000000000001111111111111111111111111111111111111000000000000000000000000000000
000000000000000000000000000000000000000000000000000001111111111111111111111111111111111111111000000000000000000000000000
000000000000000000000000000000000000000000000000000000011111111111111111111111100111111111111111000000000000000000000000
000000000000000000000000000000000000000000000000000000011111111111111111111111110011111111111111110000000000000000000000
000000000000000000000000000000000000000000000000000000011111111111111111111111111011111111111111111000000000000000000000
000000000000000000000000000000000000000000000000000000011111111111111111111111111011111111111111111111000000000000000000
000000000000000000000000000000000000000000000000000000011111111111111111111111111111111111111111111111111000000000000000
000000000000000000000000000000000000000000000000000000011111111111111111111111111111111111111100111111111110000000000000
000000000000000000000000000000000000000000000000000000011111111111111111111111111111111111111110000111111111111100000000
000000000000000000000000000000000000000000000000000000011111111111111111111111111111111111111111000001111111111111000000
000000000000000000000000000000000000000000000000000000011111111111111111111111111111111111111110000001111111111111110000
000000000000000000000000000000000000000000000000000000011111111111111111111111111111111111111111111111111111111111110000
000000000000000000000000000000000000000000000000000000011111111111111111111111111111111111111111111111111111111111111000
000000000000000000000000000000000000000000000000000000011111111111111111111111111111111111111111111111111111111111111110
000000000000000000000000000000000000000000000000000000001111111111111111111111111111111111111111111111111111100011111111
000000000000000000000000000000000000000000000000000000001111111111111111111111111100000001111111111111111110000000111111
000000000000000000000000000000000000000000000000000000011111111111111111111111110000000000000000111111111100000000001111
