111111111111111111111111111111111111111111111111111111111111111111111111111111111111111111111111111111111111111111111111
111111111111111111111111111111111111111111111111111111111111111111111111111111111111111111111111111111111111111111111111
111111011111111111111111111111111111111111111111111111111111111111111111111111111111111111111111111111111111111111111111
111100001111111111111111111111111111111111111111111111111111111111111111111111111111111111111111111111111111111111111111
111100000001111111111111111111111111111111111111111111111111111111111111111111111111111111111111111111111111111111111111
111000000001111111111111111111111111111111111111111111111111111111111111111111111111111111111111111111111111111111111111
000000000011111111111111111111111111111111111111111111111111111111111111111111111111111111111111111111111111111111111111
000000000000111111111111111111111111111111111111111111111111111111111111111111111111111111001111111111111111111111111111
000000000000001111111111111111111111111111111111111111111111111111111111111111111111111110000011111111111111111111111111
000000000000000001111111111111111111111111111111111111111111111111111111111111111111111110000001111111111111111111111111
000000000000000000011111111111111111111111111111111111111111111111111111111111111111111000000000000011111111111111111111
000000000000000000111111111111111111111111111111111111111111111111111111111111111111000000000000000000011111111111111111
000000000000000001111111111111111111111111111111111111111111111111111111111111111100000000000000000000111111111111111111
000000000000000000111111111111111111111111111111111111111111111111111111111111111111000000000000000000111111111111111111
000000000000000000011111111111111111111111111111111111111111111111111111111111111110000000000000000000111111111111111111
000000000000000000011111111111111111111111111111111111111111111111111111111111111110000000000000000000111111111111111111
000000000000000000001111111111111111111111111111111111111111111111111111111111111100000000000000000111111111111111111111
000000000000000000001111111111111111111111111111111111111111111111111111111111111000000000000000000111111111111111111111
000000000000000000011111111111111111111111111111111111111111111111111111111111110000000000000000000000000001100000001111
100000000000000111111111111111111111111111111111111111111111111111111111111111111100000000000000001110011000000000001111
000000000000000011111111111111111111111111111111111111111111111111111111111111111000000000000000000000001110000000000000
000000000000000001111111111111111111111111111111111111111111111111111111111111111000000000000000000000000000000000010000
000000000000000000111111111111111111111111111111111111111111111111111111111111111110000000000000000000000000000000000011
000000000000000000011111111111111111111111111111111111111111111111111111111111111111000000000000000000000000000000011111
000000000000000000111111111111111111111111111111111111111111111111111111111111111111100000000000000000000000000000011111
000000000000000000111111111111111111111111111111111111111111111111111111111111111111100000000000000000111111110000001111
000000000000000001111111111111111111111111111111111111111111111111111111111111111111100000000000000000111111111111111111
000000000000000001111111111111111111111111111111111111111111111111111111111111111111000000000000000001111111111111111111
000000000000000001111111111111111111111111111111111111111111111111111111111111111110000000000000000011111111111111111111
000000000000000001111111111111111111111111111111111111111111111111111111111111111111000000000000000111111111111111111111
000000000000000000111111111111111111111111111111111111111111111111111111111111111111000000000000001111111111111111111111
000000000000000000011111111111111111111111111111111111111111111111111111111111111110000000000000000011111111111111111111
000000000000000011111111111111111111111111111111111111111111111111111111111111111100000000000000000001111111111111111111
000000000000000001111111111111111111111111111111111111111111111111111111111111111100000000000000000000111111111111111111
000000000000000000011111111111111111111111111111111111111111111111111111111111111100000000000000000000011111111111111111
000000000000000000000011111111111111111111111111111111111111111111111111111111111000000000000000000000001111111111111111
000000000000000000000001111111111111111111111111111111111111111111111111111111111000000000000000000000000111111111111111
000000000000000000000000111111111111111111111111111111111111111111111111111111111000000000000000000000000011111111111111
000000000000000000000000011111111111111111111111111111111111111111111111111111110000000000000000000000000001111111111111
000000000000000000000000001111111111111111111111111111111111111111111111111111110000000000000000000000000000111111111111
