000000000000000000000000000000000000000000000000000000000000000000000000000000000000000000000000000000000000000000000000
000000000000000000000000000000000000000000000000000000000000000000000000000000000000000000000000000000000000000000000000
000000000000000000000000000000000000000000000000000000000000000000000000000000000000000000000000000000000000000000000000
000000000000000000000000000000000000000000000000000000000000000000000000000000000000000000000000000000000000000000000000
000000000000000000000000000000000000000000000000000111111111111111111100000000000000000000000000000000000000000000000000
000000000000000000000000000000000000000000000000011111111111111111111111000000000000000000000000000000000000000000000000
000000000000000000000000000000000000000000000000111111111111111111111111101111100000000000000000000000000000000000000000
000000000000000000000000000000000000000000000000111111111111111111111111111111111000000000000000000000000000000000000000
000000000000000000000000000000000000000000000000111111111111111111111111111111111100000000000000000000000000000000000000
000000000000000000000000000000000000000000000000111111111111111111111111111111111100000000000000000000000000000000000000
000000000000000000000000000000000000000000000001111111111111111111111111111111111110000000000000000000000000000000000000
000000000000000000000000000000000000000000000111111111111111111111111111111111111000000000000000000000000000000000000000
000000000000000000000000000000000000000000000111111111111111111111111111100111111100000000000000000000000000000000000000
000000000000000000000000000000000000000000000000111111111111111111111111100111111110000000000000000000000000000000000000
000000000000000000000000000000000000000000000000000111111111111111111110000111111111000000000000000000000000000000000000
000000000000000000000000000000000000000000000000000111011111111111111000000111111111000000000000000000000000000000000000
000000000000000000000000000000000000000000000000000111000111111100100000000001111111000000000000000000000000000000000000
000000000000011110000000000000000000000000000000000000001111111110000000000000111111000000000000000000000000000000000000
000000000001110011111100000000000000000000000000000111111111111111111100000000011110000000000000000000111100000000000000
000000001111100011111111111000000000000000000000011111111111111111111111000000000000000000000000011111101111000000000000
000001111111111111111100000111100000000000110000111111111111111111111111100000000000000000000111111111100111110000000000
001111111111111111110000011111111111111111111111111111111111111111111111111111111000000011111100011111111111111100000000
111111100100000000000111111111111111111100000011111111111111111111111111111000011111111111111111100000000111101111110000
111100000000000000111111111111111111100000000011111111111111111111111111110000000111111111111111111000000000000111111111
110000000000000000000000000000000000000000000011111111111111111111111111111000000000001111111110000000000000000111110011
000000000000000000000000000000000000000000000001111111111111111111111111111000000000000000000000000000000000000000000011
000000000000000000000000000000000000000000000011111111111111111111111111111000000000000000000000000000000000000000000000
000000000000000000000000000000000000000000000011111111111111111111111111111000000000000000000000000000000000000000000000
000000000000000000000000000000000000000000000011111111111111111111111111111000000000000000000000000000000000000000000000
000000000000000000000000000000000000000000000111111111111111111111111111110000000000000000000000000000000000000000000000
000000000000000000000000000000000000000000001111111111111111111111111111111000000000000000000000000000000000000000000000
000000000000000000000000000000000000000000001111101111111111111111111111111000000000000000000000000000000000000000000000
000000000000000000000000000000000000000000011111101111111111111111111111111100000000000000000000000000000000000000000000
000000000000000000000000000000000000000000011111011111111111111111111111111100000000000000000000000000000000000000000000
000000000000000000000000000000000000000000111110111111111111111111111111111100000000000000000000000000000000000000000000
000000000000000000000000000000000000000000111101111111111111111111111111111110000000000000000000000000000000000000000000
000000000000000000000000000000000000000001111011111111111111111111111111111110000000000000000000000000000000000000000000
000000000000000000000000000000000000000001111011111111111111111111111111111110000000000000000000000000000000000000000000
000000000000000000000000000000000000000001111111111111111111111111111111111111000000000000000000000000000000000000000000
000000000000000000000000000000000000000011111111111111111111111111111111111111000000000000000000000000000000000000000000
