000000000000000000000000000000000000000000000000000000000000000000000000000000000000000000000000000000000000000000000000
000000000000000000000000000000000000000000000000000000000000000000000000000000000000000000000000000000000000000000000000
000000000000000000000000000000000000000000000000000000000000000000000000000000000000000000000000000000000000000000000000
000000000000000000000000000000000000000000000000000000000000000000000000000000000000000000000000000000000000000000000000
000000000000000000000000000000000000000000000000000000000000000000000000110000000000000000000000000000000000000000000000
000000000000000000000000000000000000000000000000000000000000000000000111100000000000000000000000000000000000000000000000
000000000000000000000000000000000000000000110000000001111111111111111111100000000000000000000000000000000000000000000000
000000000000000000000000000000000000000000011110111111111111111111111111000000000000000000000000000000000000000000000000
000000000000000000000000000000000000000000011111111111111111111111111111111111111100000000000000000000000000000000000000
000000000000000000000000000000000000000000001111111111111111111111111111111111100000000000000000000000000000000000000000
000000000000000000000000000000000000000000011111111111111111111111111111111110000000000000000000000000000000000000000000
000000000000000000000000000000000000000111111111111111111111111111111111111000000000000000000000000000000000000000000000
000000000000000000000000000000000000001111111111111111111111111111111111000000000000000000000000000000000000000000000000
000000000000000000000000000000000000000011111111111111111111111111111111000000000000000000000000000000000000000000000000
000000000000000000000000000000000000000000001111111111111111111111111111100000000000000000000000000000000000000000000000
100000000000000000000000000000000000000000000111111111111111111111111111100000000000000000000000000000000000000000000000
111000000000000000000000000000000000000000000001111111111111111111111111110000000000000000000000000000000000000000000000
100000000000000000000000000000000000000000000000111111111111111111111111110000000000000000000000000000000000000000000000
101100000000000000000000000000000000000000000000111111111111111111111111110000000000000000000000000000000000000000000000
110111100000000000000000000000000000000000000000111111111111111111111111110000000000000000000000000000000000000000000000
111111111000000000000000000000000000000000000000011111111111111111111111111000000000000000000000000000000000000000000000
111111111100000000000000000000000000000000000000011111111111111111111111111000000000000000000000000000000000000000000000
111111111100000000000000000000000000000000011111111111111111111111111111111100000000000000000000000000000000000000000000
011111111111000000000000000000000001111111111111111111111111111111111111111100000000000000000000000000000000000000000000
000111111111110000000000000000001111111111111111111111111111111111111111111110000000000000000000000000000000000000000000
000011111111111100000000000000011111111111111111111111111111111111111111111111000000000000000000000000000000000000000000
000000111111111111000000000011111111111111111111111111111111111111111111111111110000000000000000000000000000000000000000
000000011111111111110000000111111111111111111111111111111111111111111111111111111000000000000000000000000000000000000000
000000000111111111111000111111111111111111110001111111111111111111111111111111111100000000000000000000000000000000000000
000000000001111111111111111111111111110000000001111111111111111111111111111111111111000000000000000000000000000000000000
000000000000011111111111111111110110000000000001111111111111111111111111111111111110100000000000000000000000000000000000
000000000000000111111111111110000000000000000001111111111111111111111111111111111111000000000000000000000000000000000000
000000000000000001111111100000000000000000000000111111111111111111111111111111111111100000000000000000000000000000000000
000000000000000000000000000000000000000000000000111111111111111111111111111111111111110000000000000000000000000000000000
000000000000000000000000000000000000000000000000111111111111111111111111111111111111110000000000000000000000000000000000
000000000000000000000000000000000000000000000000111111111111111111111111111111111111111000000000000000000000000000000000
000000000000000000000000000000000000000000000000011111111111111111111111111111111111111100000000000000000000000000000000
000000000000000000000000000000000000000000000000001111111111111111111111111111111111101100000000000000000000000000000000
000000000000000000000000000000000000000011111111111111111111111111111111111111111111110110000000000000000000000000000000
000000000000000000000000000000000000111111111111111111111111111111111111111111111111111010000000000000000000000000000000
