111111111111111111111111111111111111111111111111111111111111111111111111111111111111111111111111111111111111111111111111
111111111111111111111111111111111111111111111111111111111111111111111111111111111111111111111111111111111111111111111111
111111111111111111111111111111111111111111111111111111111111111111111111111111111111111111111111111111111111111111111111
111111111111111111111111111111111111111111111111111111111111111111111111111111111111111111111111111111111111111111111111
111111111111111111111111111111111111111111111111111111111111111111111111111111111111111111111111111111111111111111111111
111111111111111111111111111111111111111111111111111111111111111111111111111111111111111111111111111111111111111111111111
111111111111111111111111111111111111111111111111111111111111111111111111111111111111111111111111111111111111111111111111
111111111111111111111111111111111111111111111111111111111111111111111111111111111111111111111111111111111111111111111111
111111111111111111111111111111111111111111111111111111111111111111111111111111111111111111111111111111111111111111111111
111111111111111111111111111111111111111111111111111111111111111111111111111111111111111111111111111111111111111111111111
111111111111111111111111111111111111111111111111111111111111111111111111111111111111111111111111111111111111111111111111
111111111111111111111111111111111111111111111111111111111111111111111111111111111111111111111111111111111111111111111111
111111111111111111111111111111111111111111111111111111111111111111111111111111111111111111111111111111111111111111111111
111111111111111111111111111111111111111111111111111111111111111111111111111111111111111111111111111111111111111111111111
111111111111111111111111111111111111111111111111111111111111111111111111111111111111111111111111111111111111111111111111
111111111111111111111111111111111111111111111111111111111111111111111111111111111111111111111111111111111111111111111111
111111111111111111111111111111111111111111111111111111111111111111111111111111111111111111111111111111111111111111111111
111111111111111111111111111111111111111111111111111111111111111111111111111111111111111111111111111111111111111111111111
111111111111111111111111111111111111111111111111111111111111111111111111111111111111111111111111111111111111111111111111
111111111111111111111111111111111111111111111111111111111111111111111111111111111111111111111111111111111111111111111111
111111111111111111111111111111111111111111111111111111111111111111111111111111111111111111111111111111111111111111111111
111111111111111111111111111111111111111111111111111111111111111111111111111111111111111111111111111111111111111111111111
111111111111111111111111111111111111111111111111111111111111111111111111111111111111111111111111111111111111111111111111
111111111111111111111111111111111111111111110001111111111111011111111111111111111111111111111111111111111111111111111111
111111111111111111111111111111111111111111100000011111111100111111111111111111111111111111111111111111111111111111111111
111111111111111111111111111111111111111000000000001111110001111111111111111111111111111111111111111111111111111111111111
111111111111111111111111111111111111111100000000000110000111000111111111111111111111111111111111111111111111111111111111
111111111111111111111111111111111111111100000000000000000000000011111111111110000011111111111111111111111111111111111111
111111111111111111111111111111111111111110000000000000000000000011111110000000000000011111111111111111111111111111111111
111111111111111111111111111111111111111111000000000000000000000000000000000000000000011111111111111111111111111111111111
111111111111111111111111111111111111111111111100000000000000000000000000000000000000001111111111111111111111111111111111
111111111111111111111111111111111111111111111111100000000000000000000000000000000000000111111111111111111111111111111111
111111111111111111111111111111111111111111111111111111000000000000000000000000000000000111111111111111111111111111111111
111111111111111111111111111111111111111111111111111111111000000000000000000000000000011111111111111111111111111111111111
111111111111111111111111111111111111111111111111111111111110000000000000000000000000000011111111111111111111111111111111
111111111111111111111111111111111111111111111111111111111111111110000000000000000000001111111111111111111111111111111111
111111111111111111111111111111111111111111111111111111111111111111111111100000000011111111111111111111111111111111111111
111111111111111111111111111111111111111111111111111111111111111111111111111111111111111111111111111111111111111111111111
111111111111111111111111111111111111111111111111111111111111111111111111111111111111111111111111111111111111111111111111
111111111111111111111111111111111111111111111111111111111111111111111111111111111111111111111111111111111111111111111111
