000000000000000000000000000000000000000000000000000000000000000000000000000000000000000000000000000000000000000000000000
000000000000000000000000000000000000000000000000000000000000000000000000000000000000000000000000000000000000000000000000
000000000000000000000000000000000000000000000000000000000000000000000000000000000000000000000000000000000000000000000000
000000000000000000000000000000000000000000000000000000000000011100111111111111111100000000000000000000000000000000000000
000000000000000000000000000000000000000000000000000000001111111111111111111111111111111000000000000000000000000000000000
000000000000000000000000000000000000000000000000000001111111111111111111111111111111111110000000000000000000000000000000
000000000000000000000000000000000000000000000000000011111111111111111111111111111111111111000000000000000000000000000000
000000000000000000000000000000000000000000000000000111111111111111111111111111111111111111000000000000000000000000000000
000000000000000000000000000000000000000000000000000011111111111111111111111111111111111111000000000000000000000000000000
000000000000000000000000000000000000000000000000000000000111111111111111111111111111111111110000000000000000000000000000
000000000000000000000000000000000000000000000000000000001111111111111111111111111111111111111111100000000000000000000000
000000000000000000000000000000000000000000000000000000111111111111111111111111111111111111111111100000000000000000000000
000000000000000000000000000000000000000000000000001111111111111111111111111111111111111111110000000000000000000000000000
000000000000000000000000000000000000000000000001111111111111111111111111111111111111111111000000000000000000000000000000
000000000000000000000000000000000000000000000011111111111111111111111111111111111111111111000000000000000000000000000000
000000000000000000000000000000000000000000000000000011111111111111111111111111111111111111100000000000000000000000000000
000000000000000000000011111000000000000000000000000011111111110111111111111111111111111000000000000000000000000000000000
000000000000000001111111111110000000000000000000000111111111100001011111111111111111100000000000000000000000000000000000
000000000000111111111000001111110000000000000000000011111111000000101001111111111111100000000000000000000000000000000000
000001111111111111110000000011111110000000000000000011111110000000000000001111111111110000000000000000000000000000000000
111111111111100111110000000000111111100000000000000000111100000000000111111111111111111111100000000000000000000000000000
111111100000001111111000000011111101111000000000000000000000000000111111111111111111111111111000000000000000000000000000
011110000000011111111100000111111110011110000000000000000000000001111111111111111111111111111110000000000000000000000000
111111000000011111111100001111111110000111110000000000000000000111111111111111111111111111111111000000000000000000000001
111111100000011111111000001111111110000001111110000000000000001111111111111111111111111111111111100000001111111111111111
111111100000001111110000000111111100000011111111111111111111111111111111111111111111111111111111111111111111111110000001
111111000000001111100000000111111000000111111000000011111111111111111111111111111111111111111111111000000000111110000011
111110000000001111000000000111110000001111111100000111111000001111111111111111111111111111111111111100000001111111000111
111100000000000111000000000011100000001111111100001111111000000111111111111111111111111111111111111110000011111111000011
111000000000000110000000000011100000001111111000011111111100000111111111111111111111111111111111111110000011111111000011
111000000000000000000000000011000000001111110000001111111000000111111111111111111111111111111111111100000001111110000001
110000000000000000000000000000000000000111110000001111111000001111111111111111111111111111111111111000000001111110000001
100000000000000000000000000000000000000111100000001111110000001111111111111111111111111111111111111000000001111100000001
000000000000000000000000000000000000000111000000000111100000001111111111111111111111111111111111110000000000111000000000
000000000000000000000000000000000000000010000000000111000000001111111111111111111111111111111111100000000000111000000000
000000000000000000000000000000000000000000000000000110000000011111111111111111111111111111111111100000000000010000000000
000000000000000000000000000000000000000000000000000000000000111111111111111111111111111111111111100000000000000000000000
000000000000000000000000000000000000000000000000000000000000111111111111111111111111111111111111100000000000000000000000
000000000000000000000000000000000000000000000000000000000000111111111111111111111111111111111111100000000000000000000000
000000000000000000000000000000000000000000000000000000000001111111111111111111111111111111111111100000000000000000000000
