111111111111111111111111000000000000000000000000000000000000000000000000000000000000000000000011111111111111111111111111
111111111111111111111111100000000000000000000000000000000000000000000000000000000001111000001111111111111111111111111111
111111111111111111111111110000000000000000000000000000000000000000000000000000000111011100011111111111111111111111111111
111111111111111111111111111111100000000000000000000000000000000000000000000000011100001100111111111111111111111111111111
111111111111111111111111111111111000000000000000000000000000000000000000000001110000001111111111111111111111111111111111
111111111111111111111111111111111100000000000000000000000000000000000000000011100000111111111111111111111111111111111111
111111111111111111111111111111111100000000000000000000000000000000000000001110000001111111111111111111111111111111111111
111111111111111111111111111111111111111111100000000000000000000000000000011100011111111111111111111111111111111111111111
111111111111111111111111111111111111111111111111000000000000000000000001111111111111111111111111111111111111111111111111
111111111111111111111111111111111111111111111100000000000000000000000011111001111111111111111111111111111111111111111111
111111111111111111111111111111111111000000000000000000000000000000000011001111111111111111111111111111111111111111111111
111111111111111111111111111111111111100000000000000000000000000000000000011111111111111111111111111111111111111111111111
111111111111111111111111111111111110110000000000000000000000000000000000111111111111111111111111111111111111111111111111
111111111111111111111111111111111110000000000000000000000000000000000000100000111111111111111111111111111111111111111111
111111111111111111111111111111111110000000000000000000000000000000000000000000000000011111111111111111111111111111111111
111111111111111111111111111111111110000000000000000000000000000000000000000000000000000011111111111111111111111111111111
111111111111111111111111111111111000000000000000000000000000000000000000000000000000000011111111111111111111111111111111
111111111111111111111111111011000000000000000000000000000000000000000000000000000000000001011111111111111111111111111111
111111111111111111111111111000000000000000000000000000000000000000000000000000000000000000000011011111111111111111111111
111111111111111111111111111000000000000000000000000000000000000000000000000000000000000000000000001111111111111111111111
111111111111111111111111111110000000000000000000000000000000000000000000000000000000000000000000001111111111111111111111
111111111111111111111111111111000000000000000000000000000000000000000000000000000000000000000000111111111111111111111111
111111111111111111111111110000000000000000000000000000000000000000000000000000000000000000000001111111111111111111111111
111111111111111111111111100000000000000000000000000000000000000000000000000000000000000000000000001111111111111111111111
111111111111111111111100000000000000000000000000000000000000000000000000000000000000000000000000000111111111111111111111
111111111111111111111100000000000000000000000000000000000000000000000000000000000000000000000000000001111111111111111111
111111111111111111111000000000000000000000000000000000000000000000000000000000000000000000000000000000011111111111111111
111111110000111111110000000000000000000000000000000000000000000000000000000000000000000000000000000000000111111111111111
111111110000000000000000000000000000000000000000000000000000000000000000000000000000000000000000000000000001111111111111
111111110000000000000000000000000000000000000000000000000000000000000000000000000000000000000000000000000011111111111111
111111111000000000000000000000000000000000000000000000000000000000000000000000000000000000000000000000011111111111111111
111111111111000000000000000000000000000000000000000000000000000000000000000000000000000000000000000111111111111111111111
111111111111111000000000000000000000000000000000000000000000000000000000000000000000000000000000110111111111111111111111
111111111111111110000000000000000000000000000000000000000000000000000000000000000000000000000001111111111111111111111111
111111111111111111100000000000000000000000000000000000000000000000000000000000000000000000000000111111111111111111111111
111111111111111111111110000000000000000000000000000000000000000000000000000000000000000000000000001111111111111111111111
111111111111111111111111100000000000000000000000000000000000000000000000000000000000000000000000011111111111111111111111
111111111111111111111111111000000000000000000000000000000000000000000000000000000000000000000001111111111111111111111111
111111111111111111111111111110000000000000000000000000000000000000000000000000000000000000000111111111111111111111111111
111111111111111111111111111111100000000000000000000000000000000000000000000000000000000000111111111111111111111111111111
