000000000000000000000000000000000000000000000000000000000000000000011111111111111111111111111111111111111111100000000000
000000000000000000000000000000000000000000000000000000000000000000111111111111111111111111111111111111111111100000000000
000000000000000000000000000000000000000000000000000000000000000001111111111111111111111111111111111111111100000000000000
000000000000000000000000000000000000000000000000000000000000000011111111111111111111111111111111111111000000000000000000
000000000000000000000000000000000000000000000000000000000000111111111111111111111111111111111111111100000000000000000000
000000000000000000000000000000000000000000000000000000000111111111111111111111111111111111111111111110000000000000000000
000000000000000000000000000000000000000000000000000000000111111111111111111111111111111111111111111111000000000000000000
000000000000000000000000000000000000000000000000000000000000011111111111111111111111111111111111111110000000000000000000
000000000000000000000000000000000000000000000000000000000000111111111111111111111111111111111111111100000000000000000000
000000000000000000000000000011111111111000000000000000000011111111111111111111111111111111111111100000000000000000000000
111110000000000000011111111111111111111111111111111111000111111111111111111111111111111111111110000000000000000000000000
111111111111111111111111111111111111111111111111111111111111111111111111111111111111111111111111000000000000000000000000
111111111111111111111111111111111111111111111111111111111111111111111111111111111111111111111100000000000000000000000000
111111111111111111111100000000000000000000000000111111111111111111111111111111111111111111111000000000000000000000000000
111111111111111100000000000000000000000000000000000000000111111111111111111111111111111111111000000000000000000000000000
111000000000000000000000000000000000000000000000000000000000111111111111111111111111111111110000000000000000000000000000
110000000000000000000000000000000000000000000000000000000000000111111111111111111111111111100000000000000000000000000000
110000000000000000000000000000000000000000000000000000000000000000001111111111111111111111100000000000000000000000000000
100000000000000000000000000000000000000000000000000000000000000000011111111111111111111111111100000000000000000000000000
100000000000000000000000000000000000000000000000000000000000000000011111111111111111111111111111110000000000000000000000
000000000000000000000000000000000000000000000000000000000000000000111111111111111111111111111111111111000000000000000000
000000000000000000000000000000000000000000000000000000000000000000111111111111111111111111111111111111111111000000000000
000000000000000000000000000000000000000000000000000000000000000001111111111111111111111111111111111111111111111000000000
000000000000000000000000000000000000000000000000000000000000000000011111111111111111111111111100001111111111111111000000
000000000000000000000000000000000000000000000000000000000000000000011111111111111111111111111110000111111111111111111000
000000000000000000000000000000000000000000000000000000000000000000011111111111111111111111111110000011111111111111111000
000000000000000000000000000000000000000000000000000000000000000000011111111111111111111111111111000111111111111111111110
000000000000000000000000000000000000000000000000000000000000000000011111111111111111111111111111001111111111111111111111
000000000000000000000000000000000000000000000000000000000000000000011111111111111111111111111111111111111111111111111111
000000000000000000000000000000000000000000000000000000000000000000011111111111111111111111111111111111111111111111011111
000000000000000000000000000000000000000000000000000000000000000000011111111111111111111111111111111111111111111111100011
000000000000000000000000000000000000000000000000000000000000000000001111111111111111111111111111111111111111111111100001
000000000000000000000000000000000000000000000000000000000000000000001111111111111111111111111111111111111111111110000011
000000000000000000000000000000000000000000000000000000000000000000001111111111111111111111111111111111111111111111111111
000000000000000000000000000000000000000000000000000000000000000000001111111111111111111111111111111111111111111111111111
000000000000000000000000000000000000000000000000000000000000000000001111111111111111111111111111111111111111111111111111
000000000000000000000000000000000000000000000000000000000000000000001111111111111111111111111111111111111111111111111111
000000000000000000000000000000000000000000000000000000000000000000001111111111111111111111111111110000000001111111111111
000000000000000000000000000000000000000000000000000000000000000000011111111111111111111111111111000000000000000001111111
000000000000000000000000000000000000000000000000000000000000000000111111111111111111111111111100000000000000000000000011
