000000000000000000000000000000000000000000000000000001111111111111111111111111111111111111111111111111111111111111111111
000000000000000000000000000000000000000000000000000001111111111111111111111111111111111111111111111111111111111111111111
000000000000000000000000000000000000000000000000000001111111111111111111111111111111111111111111111111111111111111111111
000000000000000000000000000000000000000000000000000001111111111111111111111111111111111111111111111111111111111111111111
000000000000000000000000000000000000000000000000000001111111111111111111111111111111111111111111111111111111111111111111
000000000000000000000000000000000000000000000000000111111111111111111111111111111111111111111111111111111111111111111111
000000000000000000000000000000000000000000000000001110111111111111111111111111111111111111111111111111111111111111111111
000000000000000000000000000000000000000000000000001110111111111111111111111111111111111111111111111111111111111111111111
000000000000000000000000000000000000000000000000011110111111111111111111111111111111111111111111111111111111111111111111
000000000000000000000000000000000000000000000000011110111111111111111111111111111111111111111111111111111111111111111111
000000000000000000000000000000000000000000000000001110111111111111111111111111111111111111111111111111111111111111111111
000000000000000000000000000000000000000000000000001111111111111111111111111111111111111111111111111111111111111111111111
000000000000000000000000000000000000000000000000001111111111111111111111111111111111111111111111111111111111111111111111
000000000000000000000000000000000000000000000000001111111111111111111111111111111111111111111111111111111111111111111111
000000000000000000000000000000000000000000000000001111111111111111111111111111111111111111111111111111111111111111111111
000000000000000000000000000000000000000000000000001111111111111111111111111111111111111111111111111111111111111111111111
000000000000000000000000000000000000000000000000001110111111111111111111111111111111111111111111111111111111111111111111
000000000000000000000000000000000000000000000000111110111111111111111111111111111111111111111111111111111111111111111111
000000000000000000000000000000000000000000000001111110111111111111111111111111111111111111111111111111111111111111111111
000000000000000000000000000000000000000000000001111111111111111111111111111111111111111111111111111111111111111111111111
000000000000000000000000000000000000000000000111111111111111111111111111111111111111111111111111111111111111111111111111
000000000000000000000000000000000000000000000111111111111111111111111111111111111111111111111111111111111111111111111111
000000000000000000000000000000000000000000000111111111111111111111111111111111111111111111111111111111111111111111111111
000000000000000000000000000000000000000000000111111110011111111111111111111111111111111111111111111111111111111111111111
000000000000000000000000000000000000000000011111111110000111111111111111111111111111111111111111111111111111111111111111
000000000000000000000000000000000000000000111111111100000000001111111111111111111111111111111111111111111111111111111111
000000000000000000000000000000000000000001111111111100000000000111111111111111111111111111111111111111111111111111111111
000000000000000000000000000000000000000111111111111100000000000011111111111111111111111111111111111111111111111111111111
000000000000000000000000000000000000000111111111111100000000000011111111111111111111111111111111111111111111111111111111
000000000000000000000000000000000000000111111111111100000000000011111111111111111111111111111111111111111111111111111111
000000000000000000000000000000000000000111111111111100000000000111111111111111111111111111111111111111111111111111111111
000000000000000000000000000000000000000011111111111100000000001111111111111111111111111111111111111111111111111111111111
000000000000000000000000000000000000000011111111111100000000001111111111111111111111111111111111111111111111111111111111
000000000000000000000000000000000000000111111111111100000000110111111111111111111111111111111111111111111111111111111111
000000000000000000000000000000000000001000111111111100000000110111111111111111111111111111111111111111111111111111111111
000000000000000000000000000000000000000100111111111100000000000111111111111111111111111111111111111111111111111111111111
000000000000000000000000000000000000000011111111111100000000000111111111111111111111111111111111111111111111111111111111
000000000000000000000000000000000000000000111111111100000000000111111111111111111111111111111111111111111111111111111111
000000000000000000000000000000000000000000111111111100000000000001111111111111111111111111111111111111111111111111111111
000000000000000000000000000000000000000001111111111100000000000000111111111111111111111111111111111111111111111111111111
