000000000000000000000000000000000000000000000000000000000000000000000000000000000000000000000000000000000000000000000000
000000000000000000000000000000000000000000000000000000000000000000000000000000000000000000000000000000000000000000000000
000000000000000000000000000000000000000000000000000000000000000000000000000000000000000000000000000000000000000000000000
000000000000000000000000000000000000000000000000000000000000000000000000000000000000000000000000000000000000000000000000
000000000000000000000000000000000000000000000000000000000000000000000000000000000000000000000000000000000000000000000000
000000000000000000000000000000000000000000000000000000000000000000000000000000000000000000000000000000000000000000000000
000000000000000000000000000000000000000000000000000000000000000000000000000000000000000000000000000000000000000000000000
000000000000000000000000000000000000000000000000000000000000000000011111111111110000000000000000000000000000000000000000
000000000000000000000000000000000000000000000000000000000000000001111111111111000000000000000000000000000000000000000000
000000000000000000000000000000000000000000000000000000000000000011111111110000000000000000000000000000000000000000000000
000000000000000000000000000000000000000000000000000000000000000011111110000000000000000000000000000000000000000000000000
000000000000000000000000000000000000000000000000000000000000000011111000000000000000000000000000000000000000000000000000
000000000000000000000000000000000000000000000000000000000000001111111110000000000000000000000000000000000000000000000000
000000000000000000000000000000000000000000000000000000000001111111111111110000000000000000000000000000000000000000000000
000000000000000000000000000000000000000000000000000000000011111111111111111000000000000000000000000000000000000000000000
000000000000000000000000000000000000000000000000000000000011111111111111111111000000000000000000000000000000000000000000
000000000000000000000000000000000000000000000000000000000011111111111111111111111000000000000000000000000000000000000000
000000000000000000000000000000000000000000000000000000000011111111111111000111111111000000000000000000000000000000000000
000000000000000000000000000000000000000000000000000000000011111111111111100001111111110000000000000000000000000000000000
000000000000000000000000000000000000000000000000000000000001111111111111110011111111110000000000000000000000000000000000
000000000000000000000000000000000000000000000000000000000001111111111111111111111111100000000000000000000000000000000000
000000000000000000000000000000000000000000000000000000000111111111111111111111111000000000000000000000000000000000000000
000000000000000000000000000000000000000000000000000000011111111111111111111110000000000000000000000000000000000000000000
000000000000000000000000000000000000000000000000000011111111111111111111111110000000000000000000000000000000000000000000
000000000000000000000000000000000000000000000000001111111111111111111111111100000000000000000000000000000000000000000000
000000000000000000000000000000000000000000000000011111111111111111111111111000000000000000000000000000000000000000000000
000000000000000000000000000000000000000000000000111111001111111111111111100000000000000000000000000000000000000000000000
000000000000000000000000000000000000000000000001111111011111111111111111000000000000000000000000000000000000000000000000
000000000000000000000000000000000000000000000001111110011111111111111111000000000000000000000000000000000000000000000000
000000000000000000000000000000000000000000000001111111011111111111111111100000000000000000000000000000000000000000000000
000000000000000000000000000000000000000000000000111110111111111111111111111000000000000000000000000000000000000000000000
000000000000000000000000000000000000000000000000111111111111111111111111111110000000000000000000000000000000000000000000
000000000000000000000000000000000000000000000000000000111111111111111111111111100000000000000000000000000000000000000000
000000000000000000000000000000000000000000000000000001111111111111111111111111110000000000000000000000000000000000000000
000000000000000000000000000000000000000000000000000001111111111111111111111111000000000000000000000000000000000000000000
000000000000000000000000000000000000000000000000000011111111111111111111111110000000000000000000000000000000000000000000
000000000000000000000000000000000000000000000000000011111111111111110111111110000000000000000000000000000000000000000000
000000000000000000000000000000000000000000000000000011111111111111100011111110000000000000000000000000000000000000000000
000000000000000000000000000000000000000000000000000000010001111111100011111111000000000000000000000000000000000000000000
000000000000000000000000000000000000000000000000000000000000111111100001111111000000000000000000000000000000000000000000
