000000000000000000000000000000000000000000000000000000000000000000000000000000000000000000000000000000000000000000000000
000000000000000000000000000000000000000000000000000000000000000000000000000000000000000000000000000000000000000000000000
000000000000000000000000000000000000000000000000000000000000000000000000000000000000000000000000000000000000000000000000
000000000000000000000000000000000000000000000000000000000000000000000000000000000000000000000000000000000000000000000000
000000000000000000000000000000000000000000000000000000000000000000000000000000000000000000000000000000000000000000000000
000000000000000000000000000000000000000000000000000000000000000000000000000000000000000000000000000000000000000000000000
000000000000000000000000000000000000000000000000000000000111111111000000000000000000000000000000000000000000000000000000
000000000000000000000000000000000000000000000000000011111111111111111000000000000000000000000000000000000000000000000000
000000000000000000000000000000000000000000000000001111111111111111111110000000000000000000000000000000000000000000000000
000011111111100000000000000000000000000000000000011111111111111111111110000000000000000000000000000000000000000000000000
000000111111111111100000000000000000000000000000111111111111111111111100000000000000000000000000000000000000000000000000
000001111111111111111110000000000000000000000000111111111111111111111100000000000000000000000000000000000000000000000000
000011111111111111100001111111100000000000000001111111111111111111111100000000000000000000000000000000000000000000000000
000011111111111111000000000000111111111000000011111111111111111111111000000000000000000000000000000000000000000000000000
000111111111111110000000000000000000001111111111111111111111111111100000000000000000000000000000000000000000000000000000
000111111111111100000000000000000000000000000011111111111111111111100000000000000000000000000000000000000000000000000000
001111111111111000000000000000000000000000000000001111111111111111111111100000000000000000000000000000000000000000000000
001111111111111000000000000000000000000000000000001111111111111111111111111100000000000000000000000000000000000000000000
001111111111110000000000000000000000000000000000000011111111111111111111111111111111111000000010000000000000000000000000
001111111111110000000000000000000000000000000000000000001111111111111111111000000000111111111111111110000000000000000000
001111111111110000000000000000000000000000000000000000011111111111111111111100000000000000011111111111111111111111100000
001111111111100000000000000000000000000000000000000000011111111111111111111110000000000000011111111100000001111111111111
001111111111100000000000000000000000000000000000000000111111111111111111111111000000001111111111110000000000000000000111
001111111111100000000000000000000000000000000000000011111111111111111111111111011111111111111110000000000000000000000000
001111111111100000000000000000000000000000000000000011111100111111111111111111111111111111100000000000000000000000000000
001111111111100000000000000000000000000000000000000001111111111111111111111111111111100000000000000000000000000000000000
001111111111100000000000000000000000000000000000000000011111111111111111111000000000000000000000000000000000000000000000
000111111111110000000000000000000000000000000000000000000011111111111111111000000000000000000000000000000000000000000000
000111111111110000000000000000000000000000000000000000000000111111111111111000000000000000000000000000000000000000000000
000011111111110000000000000000000000000000000000000000000000111111111111111110000000000000000000000000000000000000000000
000011111111111000000000000000000000000000000000000000000001111111111111111110000000000000000000000000000000000000000000
000001111111111100000000000000000000000000000000000000000111111111111111111111000000000000000000000000000000000000000000
000000111111111110000000000000000000000000000000000000001111111111111111111111100000000000000000000000000000000000000000
000000011111111110000000000000000000000000000000000000111111111111111111111111111000000000000000000000000000000000000000
000000001111111111000000000000000000000000000000000011111111111111111111111111111110000000000000000000000000000000000000
000000000011111111100000000000000000000000000000000111111111111111111111111111111111000000000000000000000000000000000000
000000000001111111110000000000000000000000000000011111111111111111111111111111111100000000000000000000000000000000000000
000000000001111111110000000000000000000000000001111111111111111111111111111111111100000000000000000000000000000000000000
000000000000111111100000000000000000000000000111111111111111111111111111111111111110000000000000000000000000000000000000
000000000000111111100000000000000000000000011111111111111111111111111111111111111110000000000000000000000000000000000000
