111111111111111111111111111111111111111111111111111111111111111111111111111111111111110000000000000011111111111111111111
111111111111111111111111111111111111111111111111111111111111111111111111111111111111100000000000000001111111111111111111
111111111111111111111111111111111111111111111111111111111111111111111111111111111111100000000000000000011111111111111111
111111111111111111111111111111111111111111111111111111111111111111111111111111111111100000000000000000000111111111111111
111111111111111111111111111111111111111111111111111111111111111111111111111111111111111000000000000000000011111111111111
111111111111111111111111111111111111111111111111111111111111111111111111111111111111111000000000000000000011111111111111
111111111111111111111111111111111111111111111111111111111111111111111111111111111111111000000000000000000001111111111111
111111111111111111111111111111111111111111111111111111111111111111111111111111111111110000000000000000000001111111111111
111111111111111111111111111111111111111111111111111111111111111111111111111111111111100000000000000000000000111111111111
111111111111111111111111111111111111111111111111111111111111111111111111111111111111100000000000000000000000011111111111
111111111111111111111111111111111111111111111111111111111111111111111111111111111111000001000000000000000000001111111111
111111111111111111111111111111111111111111111111111111111111111111111111111111111111000011110000000000000000000011111111
111111111111111111111111111111111111111111111111111111111111111111111111111111111111000011111110000000000000000000011111
111111111111111111111111111111111111111111111111111111111100000111111111111111111110000011111110000000000000000000000111
111111111111111111111111111111111111111111111111111111111100000111111111111111111110000111111100000000000000000000000001
111111111111111111111111111111111111111111111111111111111110001111111111111111111110000011111100000000000000000000000000
111111111111111111111111111111111111111111111111111111111100000111111111111111111111000011111100000000000000000000011110
111111111111111111111111111111111111111111111111111111111100000111111111111111111111000011111100000000000000000001111111
111111111111111111111111111111111111111111111111111111111100000000000111111111111100000001111100000000000000000001111111
111111111111111111111111111111111111111111111111111111111000001111111111000000000000000000000000000000000000000001111111
111111111111111111111111111111111111111111111111111111111000000111111111111111111111100000111000000011000000000000111111
111111111111111111111111111111111111111111111111111111110000000011111111111111111111110000110000000010000000000000111111
111111111111111111111111111111111111111111111111111111110000000011111111111111111111111111100000000000000000000000011111
111111111111111111111111111111111111111111111111111111110000000011111111111111111111111111000000000000000000000000011111
111111111111111111111111111111111111111111111111111111110000000001111111111111111111111110000000000000000000000000001111
111111111111111111111111111111111111111111111111111111110000000001111111111111111111111100000000000000000000000000000111
111111111111111111111111111111111111111111111111111111110000000001111111111111111111000000000000000000000000000000000111
111111111111111111111111111111111111111111111111111111111110001111111111111111111000000000000000000000000000000000000011
111111111111111111111111111111111111111111111111111111111000000111111111111111100000001110000000000000000000000000000111
111111111111111111111111111111111111111111111111111111111111111111111111111111100000011100000000000000000000000000000111
111111111111111111111111111111111111111111111111111111111111111111111111111111111111111000000000000000000000000000000111
111111111111111111111111111111111111111111111111111111111111111111111111111111111111110000000000000000000000000000000111
111111111111111111111111111111111111111111111111111111111111111111111111111111111111100000000000000000000000000000000111
111111111111111111111111111111111111111111111111111111111111111111111111111111111111000000000000000000000000000000000111
111111111111111111111111111111111111111111111111111111111111111111111111111111111110000000000000000000000000000000001111
111111111111111111111111111111111111111111111111111111111111111111111111111111111100000000000000000000000000000000001111
111111111111111111111111111111111111111111111111111111111111111111111111111111111100000000000000000000000000000000001111
111111111111111111111111111111111111111111111111111111111111111111111111111111111000000000000000000000000000000000001111
111111111111111111111111111111111111111111111111111111111111111111111111111111110000000000000000000000000000000000001111
111111111111111111111111111111111111111111111111111111111111111111111111111111110000000000000000000000000000000000011111
