000000000000000000000000000000000000000000000000000000000000000000000000000000000000000000000000000000000000000000000000
000000000000000000000000000000000000000000000000000000000000000000000000000000000000000000000000000000000000000000000000
000000000000000000000000000000000000000000000000000000000000000000000000000000000000000000000000000000000000000000000000
000000000000000000000000000000000000000000000000000000000000000000111000000000000000000000000000000000000000000000000000
000000000000000000000000000000000000000000000000000000000000111111111111110000000000000000000000000000000000000000000000
000000000000000000000000000000000000000000000000000000000111111111111111111110000000000000000000000000000000000000000000
000000000000000000000000000000000000000000000000000000001111111111111111111111000000000000000000000000000000000000000000
000000000000000000000000000000000000000000000000000000111111111111111111111111100000000000000000000000000000000000000000
000000000000000000000000000000000000000000000000000000111111111111111111111111110000000000000000000000000000000000000000
000000000000000000000000000000000000000000000000000000111111111111111111111111110000000000000000000000000000000000000000
000000000000000000000000000000000000000000000000000000111111111111111111111111110000000000000000000000000000000000000000
000000000000000000000000000000000000000000000000000000001111111111111111111111111000000000000000000000000000000000000000
000000000000000000000000000000000000000000000000000000000001111111111111111111111100000000000000000000000000000000000000
000000000000000000000000000000000000000000000000000000000001111111111111111111111000000000000000000000000000000000000000
000000000000000000000000000000000000000000000000000000000000001111111111111111110000000000000000000000000000000000000000
000000000000000000000000000000000000000000000000000000000000000001111111111111000000000000000000000000000000000000000000
000000000000001111111111111111111111111111111111111111111111111001111111111110000000000000000000000000000000000000000000
000000011111111111111111111111111111111111111111111111111111111111111111111111110000000000000000000000000000000000000000
000011111111111111111111111111111111111111111111111111111111111111111111111111111110000000000000000000000000000000000000
101111111111111111111111111111111111111111111111111111111111111111111111111111111111111000000000000000000000000000000000
111111111111111111111000000000000000000000000000000000000000001111111111111111111111111110000000000000000000000000000000
111111111111111111111111000000000000000000000000000000000000000011111111111111111111111111000000000000000000000000000000
110000001111110000001111100000000000000000000000000000000000000001111111111111111111111111000000000000000000000000000000
100000000000000000000011110000000000000000000000000000000000000000011111111111111111111111000000000000000000000000000000
110000000000000000000001111000000000000000000000000000000000000000001111111111111111111110000000000000000000001100000000
000000000000000000000011110000000000000000000000000000000000000000000111111111111111111100000000000000000000011100000000
000000000000000000000111100000000000000000000000000000000000000000000111111111111111111100000000000000000000000000000000
000000000000011111111111100000000000000000000000000000000000000000000111111111111111111111000000000000000000000000000000
000000000000000000000000000000000000000000000000000000000000000000000111111111111111111111111000000000000000000000000000
000000000000000000000000000000000000000000000000000000000000000000011111111111111111111111111110000000000000000000000000
000000000000000000000000000000000000000000000000000000000000000000000000111111111111111111111111000000000000000000000000
000000000000000000000000000000000000000000000000000000000000000000000000111111111111111111111111000000000000000000000000
000000000000000000000000000000000000000000000000000000000000000000000000111111111111111111110011100000000000000000000000
000000000000000000000000000000000000000000000000000000000000000000000001111111111111111111111011100000000000000000000000
000000000000000000000000000000000000000000000000000000000000000000000011111111111111111111111101100000000000000000000000
000000000000000000000000000000000000000000000000000000000000000000001111111111111111111111111100000000000000000000000000
000000000000000000000000000000000000000000000000000000000000000000111111111111111111111111111110000000000000000000000000
000000000000000000000000000000000000000000000000000000000000000001111111111111111111111111111110000000000000000000000000
000000000000000000000000000000000000000000000000000000000000000011111111111111111111111111111111000000000000000000000000
000000000000000000000000000000000000000000000000000000000000000111111111111111111111111111111111000000000000000000000000
