000000000000000000000000000000000000000000000000000000000000000000000000000000000000000000000000000000000000000000000000
000000000000000000000000000000000000000000000000000000000000000000000000000000000000000000000000000000000000000000000000
000000000000000000000000000000000000000000000000000000000000000000000000000000000000000000000000000000000000000000000000
000000000000000000000000000000000000000000000000000000000000000000000000000000000000000000000000000000000000000000000000
000000000000000000000000000000000000000000000000000000000000000000000000000000000000000000000000000000000000000000000000
000000000000000000000000000000000000000000000000000000000000000000000000000000000000000000000000000000000000000000000000
000000000000000000000000000000000000000000000000000000000000000000000000000000000000000000000000000000000000000000000000
000000000000000000000000000000000000000000000000000000000000000000000000000000000000000000000000000000000000000000000000
000000000000000000000000000000000000000000000000000011111100000011111000000000000000000000000000000000000000000000000000
000000000000000000000000000000000000000000000000000001111100011111111111110000000000000000000000000000000000000000000000
000000000000000000000000000000000000000000000000000111111111111111111100011110000000000000000000000000000000000000000000
000000000000000000000000000000000000000000000000000001111111111111111100000000000000000000000000000000000000000000000000
000000000000000000000000000000000000000000000000000000000111111111111111111000000000000000000000000000000000000000000000
000000000000000000000000000000000000000000000000000000000000111111111111111111100000000000000000000000000000000000000000
000000000000000000000000000000000000000000000000000000001111011111111111111111111111000000000000000000000000000000000000
000000000000000000000000000000000000000000000000000000011111000111111111111111111100000000000000000000000000000000000000
000000000000000000000000000000000000000000000000000000000001101111111111111111000000000000000000000000000000000000000000
000000000000000000000000000000000000000000000000000000000000111111111111000001110000000000000000000000000000000000000000
000000000000000000000000000000000000000000000000000000000000111111111111100111111000000000000000000000000000000000000000
000000000000000000000000000000000000000000000000000000000000011101111111111111111000000000000000000000000000000000000000
000000000000000000000000000000000000000000000000000000000000111000011111111111111111111111100000000000000000000000000000
000000000000000000000000000000000000000000000000000000000001110000111111111111110000011111000000000000100000000000000000
000000000000000000000011111111000000000000000000000000000011000011111111111111111111111111111111111111111111100000000000
000000000000000000000001111111111111111111111111111110011111001111111111111111111111111111111111111111111111111000000000
000000000000000000000000000001111111111111111111111111111111111111111111111111111111111111111111111111111111111111000000
000000000000000000000000000000000000000001111110000000000001111111111111111111111111111111111111111111111111111111100000
000000000000000000000000000000000000000000000000000000000000111111110011111111000000011111111111111111111111111111100000
000000000000000000000000000000000000000000000000000000000000000000000000111111100000000000001111111111111111111111000000
000000000000000000000000000000000000000000000000000000000000000000000000110011100000000000000000000000111111100000000000
000000000000000000000000000000000000000000000000000000000000000000000000000000000000000000000000000000000000000000000000
000000000000000000000000000000000000000000000000000000000000000000000000000000000000000000000000000000000000000000000000
000000000000000000000000000000000000000000000000000000000000000000000000000000000000000000000000000000000000000000000000
000000000000000000000000000000000000000000000000000000000000000000000000000000000000000000000000000000000000000000000000
000000000000000000000000000000000000000000000000000000000000000000000000000000000000000000000000000000000000000000000000
000000000000000000000000000000000000000000000000000000000000000000000000000000000000000000000000000000000000000000000000
000000000000000000000000000000000000000000000000000000000000000000000000000000000000000000000000000000000000000000000000
000000000000000000000000000000000000000000000000000000000000000000000000000000000000000000000000000000000000000000000000
000000000000000000000000000000000000000000000000000000000000000000000000000000000000000000000000000000000000000000000000
000000000000000000000000000000000000000000000000000000000000000000000000000000000000000000000000000000000000000000000000
000000000000000000000000000000000000000000000000000000000000000000000000000000000000000000000000000000000000000000000000
