111111111111111111111111111111111111111111111111111111111111111111111111111111111111111111111111111111111111111111111111
100000011001111111111111111111111111111111111111111111111111111111111111111111111111111111111111111111111111111111111111
111110000000000000000001111111111111111111111111111111111111111111111111111111111111111111111111111111111111111111111111
111111111110000000000000000000000111111111111111111111111111111111111111111111111111111111111111111111111111111111111111
111111111111111111000000000000000000000000111111111111111111111111111111111111111111111111111111111111111111111111111111
111111111111111111111111111000000000000000000000000011111111111111111111111111111111111111111111111111111111111111111111
111111111111111111111111111111111111100000000000000000000000111111111111111111111111111111111111111111111111111111111111
111111111111111111111111111111111111111111111111001111111111111111111111111111111111111111111111111111111111111111111111
111111111111111111111111111111111111111111111111111111111111111111111111111111111111111111111111111111111111111111111111
111111111111111111111111111111111111111111111111111111111111111111111111111111111111111111111111111111111111111111111111
111111111111111111111111111111111111111111111111111111111111111111111111111111111111111111111111111111111111111111111111
111111111111111111111111111111111111111111111111111111111111111111111111111111111111111111111111111111111111111111111111
111111111111111111111111111111111111111111111111111111111111111111111111111111111111111111111111111111111111111111111111
111111111111111111111111111111111111111111111111111111111111111111111111111111111111111111111111111111111111111111111111
111111111111111111111111111111111111111111111111111111111111111111111111111111111111111111111111111111111111111111111111
111111111111111111111111111111111111111111111111111111111111111111111111111111111111111111111111111111111111111111111111
111111111111111111111111111111111111111111111111111111111111111111111111111111111111111111111111111111111111111111111111
111111111111111111111111111111111111111111111111111111111111111111111111111111111111111111111111111111111111111111111111
111111111111111111111111111111111111111111111111111111111111111111111111111111111111111111111111111111111111111111111111
111111111111111111111111111111111111111111111111111111111111111111111111111111111111111111111111111111111111111111111110
111111111111111111111111111111111111111111110000001111111111111111111111111111111111111111111111111111111111111111111100
111111111111111111111111111111111111111111110000000011111111111111111111111111111111111111111111111111111111111111111000
111111111111111111111111111111111111111111111000000000111111111111111111111111111111111111111111111111111111111111110000
111111111111111111111111111111111111111111111111000000000111111111111111111111111111111111111111111111111111111111000000
111111111111111111111111111111111111111111111111111000000001111111111000011111111111111111111111111111111111111111000000
111111111111111111111111111111111111111111111111111110000000001111110000011111111111111111111111111111111111111111000000
111111111111111111111111111111111111111111111111111111000000000001110000111111111111111111111111111111111111111111100000
111111111111111111111111111111111111111111111111000000000000000000000000111111111111111111111111111111111111111111110000
111111111111111111111111111111111111111111111110000000000000000000000000111111111111111111111111111111111111111111111000
111111111111111111111111111111111111111111111110000000000000000000000000111111111111111111111111111111111111111111111100
111111111111111111111111111111111111111111111110000000000000000000000000001111111111111111111111111111111111111111111100
111111111111111111111111111111111111111111111111000000000000000000000000000111111111111111111111111111111111111111111110
111111111111111111111111111111111111111111111111000000000000000000000000000001111111111111111111111111111111111111111111
111111111111111111111111111111111111111111111111100000000000000000000000000000111111111111111111111111111111111111111111
111111111111111111111111111111111111111111111111110000000000000000000000000000011111111111111111111111111111111111111111
111111111111111111111111111111111111111111111111111111111110000000000000000000001111111111111111111111111111111111111111
111111111111111111111111111111111111111111111111111111111111110000000000000000000111111111111111111111111111111111111111
111111111111111111111111111111111111111111111111111111111111111111000000000000000011111111111111111111111111111111111111
111111111111111111111111111111111111111111111111111111111111111111100000000000000001111111111111111111111111111111111111
111111111111111111111111111111111111111111111111111111111111111111110000000000000000111111111111111111111111111111111111
