000000000000000000000000000000000000000000000000000000000000000000000000000000000000000000000000000000000000000000000000
000000000000000000000000000000000000000000000000000000000000000000000000000000000000000000000000000000000000000000000000
000000000000000000000000000000000000000000000000000000000000000000000000000000000000000000000000000000000000000000000000
000000000000000000000000000000000000000000000000000000000000000000000000000000000000000000000000000000000000111000000000
000000000011100000000000000000000000000000000000000000000000000000000000000000000000000000000000000000011011000000000000
000000000000001111111000000000000000000000000000000000000000000000000000000000000000000000000011111111111100000000000000
000000000000011111111111111000000000000000000000000000000000000000000000000000000000000000000111111111111000000000000000
000000000000111111111111111100000000000000000000000000000000000000000000000000000000000000000111111111111100000000000000
000000000000000111111111111100000000000000000000000000000000000000000000000000000000000000001111111111111110000000000000
000000000000000111111111111110000000000000000000000000000000000000000000000000000000000000000111111111111110000000000000
000000000000000111111111111110000000000000000000000000000000000000000000000000000000000000000111111111111110000000000000
000000000000000111111111111100000000000000000000000000000000000000000000000000000000000000011111111111111110000000000000
000000000000001111111111111111000000000000000000000000000000000000000000000000000000000011111111111111111111100000000000
000000000000011111111111111111110000000000000000000000000000000000000000000000000000000111111111111111111111111100000000
000000000000111111111111111111111100000000000000000000000000000000000000000000000000111111111111111111111111111111110000
000000000011111111111111111111111111000000000000000000000000000000000000000000000000111111111111111111111111111111111110
000000001111111111111111111111111111110000000000000000000000000000000000000000000000011111111111111111111111111111111111
000000111111111111111111111111111111100000000000000000000000000000000000000000000000011111111111001111111111111111111111
000001111111111111111111111111111111000000000000000000000000000000000000000000000000011111111111100111101111111111111111
000001111111111111111101111111111111000000000000000000000000000000000000000000000000011111111111110011110000011111110001
000011111111110111111101110111111111000000000000000000000000000000000000000000000000111111111111110001110000000111111000
000011111111100101111011101111111111100000000000000000000000000000000000000000000000111111111111111101111000000000000000
000111111111100011110111111111111111100000000000000000000000000000000000000000000001111111111111111111111000000000000000
000011110010000011000111111111111111110000000000000000000000000000000000000000000001111111111111111111111100000000000000
000000000000000111000111111111111111110000000000000000000000000000000000000000000001111111111111111111111110000000000000
000000000000001111100111111111111111111000000000000000000000000000000000000000000011111111111111111111111111000000000000
000000000000011100001111111111111111111000000000000000000000000000000000000000000011111111111111111111111111100000000000
000000000000011000111111111111111111111100000000000000000000000000000000000000000111111111111111111111111111111000000000
000000000000000011111111111111111111111110000000000000000000000000000000000000000111111111111111111111111111111100000000
000000000000001111111111111111111111111110000000000000000000000000000000000000001111111111111111111111111111111110000000
000000000000011111111111111111111111111110000000000000000000000000000000000000001111111111111111111111111111111111000000
000000000001111111111111111111111111111111000000000000000000000000000000000000001111111111111111111111111111111111000000
000000000111111111111111111111111111111111000000000000000000000000000000000000011111111111111111111111111111111111100000
000000001111111111111111111111111111111111100000000000000000000000000000000000011111111111111111111111111111111111100000
000000011111111111111111111111111111111111100000000000000000000000000000000000011111111111111111111111111111111101100000
000000111111111111111111111111111111111111000000000000000000000000000000000000011111111111111111111111111111111100000000
000000000000111111111111111111111111111111000000000000000000000000000000000000000011111111111111111111111000000000000000
000000000000000111111111111111111111111100000000000000000000000000000000000000000000000011111111111000000000000000000000
000000000000000000000111111111110001110000000000000000000000000000000000000000000000000001110001111000000000000000000000
000000000000000000000111100011110000000000000000000000000000000000000000000000000000000001111000111100000000000000000000
