111111111111111111111111111111111111111111111111111111111111111111111111111111111111111111111111111111111111111111111111
111111111111111111111111111111111111111111111111111111111111111111111111111111111111111111111111111111111111111111111111
111111111111111111111111111111111111111111111111111111111111111111111111111111111111111111111111111111111111111111111111
111111111111111111111111111111111111111111111111111111000000001111111111111111111111111111111111111111111111111111111111
111111111111111111111111111111111111111111111111111110000000000011111111111111111111111111111111111111111111111111111111
111111111111111111111111111111111111111111111111111000000000000000011111111111111111111111111111111111111111111111111111
111111111111111111111111111111111111111111111111111100000000000000001111111111111111111111111111111111111111111111111111
111111111111111111111111111111111111111111111111111100000000000000001111111111111111111111111111111111111111111111111111
111111111111111111111111111111111111111111111111111111000000000001000111111111111111111111111111111111111111111111111111
111111111111111111111111111111111111111111111111111111110000000000111111111111111111111111111111111111111111111111111111
111111111111111111111111111111111111111111111111111111000000000000001111111111111111111111111111111111111111111111111111
111111111111111111111111111111111111111111111111110000000000000000000011111111111111111111111111111111111111111111111111
111111111111111111111111111111111111111111110000000000000000000000000001111111111111111111111111111111111111111111111111
111111111111111111111111111111111111111111100000000001100000000000000000111111111111111111111111111111111111111111111111
111111111111111111111111111111111111111111111000000111110000000000000000011111111111111111111111111111111111111111111111
111111111111111111111111111111111111111111111100111111110000000000000000011111111111111111111111111111111111111111111111
111111111111111111111111111111111111111111111111111111110000000000000000011111111111111111111111111111111111111111111111
111111111111111111111111111111111111111111111111111111111000000000001110001111111111111111111111111111111111111111111111
111111111111111111111111111111111111111111111111111111110000000000001110000111111111111111111111111111111111111111111111
111111111111111111111111111111111111111111111111111111110000000000000110000111111111111111111111111111111111111111111111
111111111111111111111111111111111111111111111111111111100000000000000011111111111111111111111111111111111111111111111111
111111111111111111111111111111111111111111111111111111000000000000000001111111111111111111111111111111111111111111111111
111111111111111111111111111111111111111111111111111110000000000000000000111111111111111111111111111111111111111111111111
111111111111111111111111111111111111111111111111111100000000000000000000001111111111111111111111111111111111111111111111
111111111111111111111111111111111111111111111111111000000000000000000000000001111111111111111111111111111111111111111111
111111111111111111111111111111111111111111111111110000000000000000000000000000001111111111111111111111111111111111111111
111111111111111111111111111111111111111111111111000000000000000000000000000000001111111111111111111111111111111111111111
111111111111111111111111111111111111111111111110000000000000000000000000000000000111111111111111111111111111111111111111
111111111111111111111111111111111111111111111000000000000000000000000000000000000111111111111111111111111111111111111111
111111111111111111111111111111111111111111110000000000000000000000000000000000011111111111111111111111111111111111111111
111111111111111111111111111111111111111111100000000000000000000000000000000011111111111111111111111111111111111111111111
111111111111111111111111111111111111111111100000000000000000000000001111111111111111111111111111111111111111111111111111
111111111111111111111111111111111111111111111111110000000000001111111111111111111111111111111111111111111111111111111111
111111111111111111111111111111111111111111111111111110000011111111111111111111111111111111111111111111111111111111111111
111111111111111111111111111111111111111111111111111100000011111111111111111111111111111111111111111111111111111111111111
111111111111111111111111111111111111111111111111111000000111111111111111111111111111111111111111111111111111111111111111
111111111111111111111111111111111111111111111111111000001111111111111111111111111111111111111111111111111111111111111111
111111111111111111111111111111111111111111111110000000011111111111111111111111111111111111111111111111111111111111111111
111111111111111111111111111111111111111111111000000000011111111111111111111111111111111111111111111111111111111111111111
111111111111111111111111111111111111111111111000000111111111111111111111111111111111111111111111111111111111111111111111
