000011111111111111111111111111111111111111111111111111111111111111111111111111111111100000000000000000000000000000001111
001111111111111111111111111111111111111111111111111001111111111111111111111111111111100000000000000000000000000000000111
011111111111111111111111111111111111111111111100000000000001111111111111111111111111100000000000000000000000000000000001
111111111111111111111111111111111111111111110000000000000000111111111111111111111111110000000000000000000000000000000000
111111111111111111111111111111111111111111100000000000000000001111111111111111111111110000000000000000000000000000000000
111111111111111111111111111111111111111111100000000000000000001111111111111111111111110000000000000000000000000000000000
111111111111111111111111111111111111111111100000000000000000001111111111111111111111110000000000000000000000000000000000
111111111111111111111111111111111111111111110000000000000000011111111111111111111111100000000000000000000000000000000000
111111111111111111111111111111111111111111111000000000000001111111111111111111111111100000000000000000000000000000000000
111111111111111111111111111111111111111111111111100000001111111111111111111111111111000000000000000000000000000000000000
111111111111111111111111111111111111111111111111111111111111111111111111111111111110000000000000000000000000000000000000
111111111111111111111111111111111111111111111111111111111111111111111111111111111100000000000000000000000000000000000000
111111111111111111111111111111111111111111111111111111111111111111111111111111111000000000000000000000000000000000000000
111111111111111111111111111111111111111111111111111111111111111111111111111111110000000000000000000000000000000000000000
111111111111111111111111111111111111111111111111111111111111111111111111111111000000000000000000000000000000000000000000
111111111111111111111111111111111111111111111111111111111111111111111111111100000000000000000000000000000000000000000000
111111111111111111111111111111111111111111111111111111111111111111111111110000000000000000000000000000000000000000000000
111111111111111111111111111111111111111111111111111111111111111111111110000000000000000000000000000000000000000000000000
111111111111111111111111111111111111111111111111111111111111111111100000000000000000000000000000000000000000000000000000
111111111111111111111111111111111111111111111111111111111111111000000000000000000000000000000000000000000000000000000000
111111111111111111111111111111111111111111111111111111110000000000000000000000000000000000000000000000000000000000000000
111111111111111111111111111111111111111111111111111000000000000000000000000000000000000000000000000000000000000000000000
111111111111111111111111111111111111111111111111000000000000000000000000000000000000000000000000000000000000000000000000
111111111111111111111111111111111111111111111000000000000000000000000000000000000000000000000000000000000000000000000000
111111111111111111111111111111111111111111100000000000000000000000000000000000000000000000000000000000000000000000000000
111111111111111111111111111111111111111110000000000000000000000000000000000000000000000000000000000000000000000000000000
111111111111111111111111111111111111111000000000000000000000000000000000000000000000000000000000000000000000000000000000
111111111111111111111111111111111111110000000000000000000000000000000000000000000000000000000000000000000000000000000000
111111111111111111111111111111111111000000000000000000000000000000000000000000000000000000000000000000000000000000000000
111111111111111111111111111111111110000000000000000000000000000000000000000000000000000000000000000000000000000000000000
111111111111111111111111111111111110000000000000000000000000000000000000000000000000000000000000000000000000000000000000
111111111111111111111111111111111100000000000000000000000000000111111111100000000000000000000000000000000000000000000000
111111111111111111111111111111111000000000000000000000000000011111111111111000000000000000000000000000000000000000000000
111111111111111111111111111111111000000000000000000000000000111111111111111100000000000000000000000000000000000000000000
111111111111111111111111111111111000000000000000000000000000111111111111111100000000000000000000000000000000000000000000
111111111111111111111111111111111000000000000000000000000000111111111111111100000000000000000000000000000000000000000000
111111111111111111111111111111111000000000000000000000000000011111111111111000000000000000000000000000000000000000000000
011111111111111111111111111111111000000000000000000000000000000111111111100000000000000000000000000000000000000000000001
000111111111111111111111111111111100000000000000000000000000000000000000000000000000000000000000000000000000000000000111
000011111111111111111111111111111100000000000000000000000000000000000000000000000000000000000000000000000000000000011111
