111111111111111111111111111111111111111111111111111111111111111111110000011111111111110000000000000000111111111111111111
111111111111111111111111111111111111111111111111111111111111000000000000000000000000000000000000000000011111111111111111
111111111111111111111111111111111111111111111111111111111100000000000000000000000000000000000000000000001111111111111111
111111111111111111111111111111111111111111111111111111111100000000000000000000000000000000000000000000001111111111111111
111111111111111111111111111111111111111111111111111111111110000000000000000000000000000000000000000000000111111111111111
111111111111111111111111111111111111111111111111111111111110000000000000000000000000000000000000000000000111111111111111
111111111111111111111111111111111111111111111111111111111110000000000000000000000000000000000000000000000111111111111111
111111111111111111111111111111111111111111111111111111111100000000000000000000000000000000000000000000000111111111111111
111111111111111111111111111111111111111111111111111111111000000000000000000000000000000000000000000000000111111111111111
111111111111111111111111111111111111111111111111111111110000000000000000000000000000000000000000000001111111111111111111
111111111111111111111111111111111111111111111111111111110000000000000000000000000000000000000000000000011111111111111111
111111111111111111111111111111111111111111111111111111111000000000000000000000000000000000000000000000001111111111111111
111111111111111111111111111111111111111111111111111111111110000000000000000000000000000000000000000000000011111111111111
111111111111111111111111111111111111111111111111111111111111000000000000000000000000000000000000000000000001111111111111
111111111111111111111111111111111111111111111111111111111111100000000000000000000000000000000000000000000011111111111111
111111111111111111111111111111111111111111111111111111111111000000000000000000000000000000000000000001111111111111111111
111111111111111111111111111111111111111111111111111111111111000000000000000000000000000000000000000001111111111111111111
111111111111111111111111111111111111111111111111111111111110000000000000000000000000000000000000000011111111111111111111
111111111111111111111111111111111111111111111111111111111110000011000000000000000000000000000000000011111111111111111111
111111111111111111111111111111111111111111111111111111111110000011110000000000000000000000000000000011111111111111111111
111111111111111111111111111111111111111111111111111111111110000111100000000000000000000000000000000111111111111111111111
111111111111111111111111111111111111111111111111111111111110000000000000000000000000000000000000000111111111111111111111
111111111111111111111111111111111111111111111111111111111111000000000000000000000000000000000000001111111111111111111111
111111111111111111111111111111111111111111111111111111111111000000000000000000000000000000000000011111111111111111111111
111111111111111111111111111111111111111111111111111111111111100000000000000000000000000000000000111111111111111111111111
111111111111111111111111111111111111111111111111111111111111100000000000000000000000000000000000011111111111111111111111
111111111111111111111111111111111111111111111111111111111111000000000000000000000000000000000000001111111111111111111111
111111111111111111111111111111111111111111111111111111111111000000000000000000000000000000000000000111111111111111111111
111111111111111111111111111111111111111111111111111111111111000000000000000000000000000000000000000011111111111111111111
111111111111111111111111111111111111111111111111111111111110000000000000000000000000000000000000000000111111111111111111
111111111111111111111111111111111111111111111111111111111110000000000000000000000000000000000000000000010000111111111111
111111111111111111111111111111111111111111111111111111111100000000000000000000000000000000000000000000000000011111111111
111111111111111111111111111111111111111111111111111111111110000000000000000000000000000000000000000000000000001111111111
111111111111111111111111111111111111111111111111111111111110000000000000000000000000000000000000000000000000001111111111
111111111111111111111111111111111111111111111111111111111110000000000000000000000000000000001100000000000000000001111111
111111111111111111111111111111111111111111111111111111111111000000000000000000000000000000010000000000000000000000011111
111111111111111111111111111111111111111111111111111111111110000000000000000000000000000000010000000000000000000000001111
111111111111111111111111111111111111111111111111111111110000000000000000000000000000000000111110000000000000000000000111
111111111111111111111111111111111111111111111111111110000000000000000000000000000000000000111100000000000000000000000001
111111111111111111111111111111111111111111111111110000000000000000000000000000000000000000011100000001100000000000000000
