111111111111111111111111111111111111111111111111111111111111111111111111111111111111111111111111111111111111111111111111
111111111111111111111111111111111111111111111111111111111111111111111111111111111111111111111111111111111111111111111111
111111111111111111111111111111111111111111111111111111111111111111111111111111111111111111111111111111111111111111111111
111111111111111111111111111111111111111111111111111111111111111111111111111111111111111111111111111111111111111111111111
111111111111111111111111111111111111111111111111111111111111111111111111111111111111111111111111111111111111111111111111
111111111111111111111111111111111111111111111111111111111110000000011111111000111111111111111111111111111111111111111111
111111111111111111111111111111111111111111111111110000000000000000000011100000011111111111111111111111111111111111111111
111111111111111111111111111111111111111111111111000000000000000000000000000000001111111111111111111111111111111111111111
111111111111111111111111111111111111111111111110000000000000000000000000000000000111111111111111111111111111111111111111
111111111111111111111111111111111111111111111110000000000000000000000000000000000001111111111111111111111111111111111111
111111111111111111111111111111111111111111111100000000000000000000000000000000011111111111111111111111111111111111111111
111111111111111111111111111111111111111111111110000000000000000000000000000000011111111111111111111111111111111111111111
111111111111111111111111111111111111111111111100000000000000000000000000000111111111111111111111111111111111111111111111
111111111111111111111111111111111111111111100000000000000000000000000000000001111111111111111111111111111111111111111111
111111111111111111111111111111111111111111100000000000000000000000000000000111111111111111111111111111111111111111111111
111111111111111111111111111111111111111111111000000000000000000000000000001111111111111111111111111111111111111111111111
111111111111111111111111111111111111111111111111100000000000000000000000000111111111111111111111111111111111111111111111
111111111111111111111111111111111111111111111111000000000000000000000000000111111111111111111111111111111111111111111111
111111111111111111111111111111111111111111111111100000000000000000000001111111111111111111111111111111111111111111111111
111111111111111111111110111111111111111111111111111110001000000000111111111111111111111111111111111111111111110111111111
111111111111111111111000011111111111111111111111111111111000000000000111111111111111111111111111111111111111000001111111
111111111111111111100000000001111111111111111111110000000000000000000000000011111111111111111111111111100000000000111111
111111111111111110000000000000011111111111111110000000000000000000000000000001111111111111111111111100000000000000011111
111111111111110000000000000000000011111111111100000000000000000000000000000000111111111111111111000000000000000000000111
111111111110000000000000000000000000011111111000000000000000000000000000000000001100000000000000000000000000000000000001
111111110000000000000000000000000000000000000000000000000000000000000000000000000000000000000000000000000000000000000000
111110000000000000000000000000000000000000000000000000000000000000000000000000011000000000000000000000000000000000000000
100000000000000011110011110000000000000000000000000000000000000000000000000000111111110000000000000000000111101110000000
011111111000000111111111111100011111000000001100000000000000000000000000000001111111111111000111111111011111111111000000
111111111111111111111111111111111111110001111110000000000000000000000000000001111111111111111111111111111111111111111111
111111111111111111111111111111111111111111111110000000000000000000000000000001111111111111111111111111111111111111111111
111111111111111111111111111111111111111111111110000000000000000000000000000000111111111111111111111111111111111111111111
111111111111111111111111111111111111111111111110000000000000000000000000000000111111111111111111111111111111111111111111
111111111111111111111111111111111111111111111111100110000000000000000000000011111111111111111111111111111111111111111111
111111111111111111111111111111111111111111111111111100000000000000000000011111111111111111111111111111111111111111111111
111111111111111111111111111111111111111111111111111100000000000000000000001111111111111111111111111111111111111111111111
111111111111111111111111111111111111111111111111111000000000000000000000000011111111111111111111111111111111111111111111
111111111111111111111111111111111111111111111111110000000000000000000000000111111111111111111111111111111111111111111111
111111111111111111111111111111111111111111111111110000000000000000000000000011111111111111111111111111111111111111111111
111111111111111111111111111111111111111111111111110000000000000000000000000001111111111111111111111111111111111111111111
