111111111111111111111111111111111111111111111111111111111111111111111111111111111111111111111111111111111111111111111111
111111111111111111111111111111111111111111111111111111111111111111111111111111111111111111111111111111111111111111111111
111111111111111111111111111111111111111111111111111111111111111111111111111111111111111111111111111111111111111111111111
111111111111111111111111111111111111111111111111111111111111111111111111111111111111111111111111111111111111111111111111
111111111111111111111111111111111111111111111111111111111111110011111111111111111111111111111111111111111111111111111111
111111111111111111111111111111111111111111111111111111111111000000011111111111111111111111111111111111111111111111111111
111111111111111111111111111111111111111111111111111111111111000000000001111111111111111111111111111111111111111111111111
111111111111111111111111111111111111111111111111111111111110000001100001111111111111111111111111111111111111111111111111
111111111111111111111111111111111111111111111111111111110000000000011111111111111111111111111111111111111111111111111111
111111111111111111111111111111111111111111111111100000000000000000000111111111111111111111111111111111111111111111111111
111111111111111111111111111111111111111111111110000000000000000000000000111111111111111111111111111111111111111111111111
111111111111111111111111111111111111111111111111100000000000000000000000000111111111111111111111111111111111111111111111
111111111111111111111111111111111111111111111111110000000000000000000000001111111111111111111111111111111111111111111111
111111111111111111111111111111111111111111111111110000000000000000000000011111111111111111111111111111111111111111111111
111111111111111111111111111111111111111111111111100000000000000000000000011111111111111111111111111111111111111111111111
111111111111111111111111111111111111111111111111100000000000000000000000001111111111111111111111111111111111111111111111
111111111111111111111111111111111111111111111111100000000000000000000000001111111111111111111111111111111111111111111111
111111111111111111111111111111111111111111111111111000000000000000000000000111111111111111111111111111111111111111111111
111111111111111111111111111111111111111111111111111100000000000000000000000111111111111111111111111111111111111111111110
111111111111111111111111111111111111111111111111111100000000000000000000001111111111111111111111111111111111111111111000
111111111111111111111111111111111111111111111111111111100000000000000000011111111111111111111111111111111111111111111000
111111111111111111111111111111111111111111111111111111110000000000010101111111111111111111111111111111111111111111111000
111111111111111111111111111111111111111111111111111111000000000000001111111111111111111111111111111111111111111111111100
111111111111111111111111111111111111111111111111110000000000000000000000111111111111111111111111111111111111111111111100
111111111111111111111111111111111111111111111111110000000000000000000000001111111111111111111111111111111111111111111111
111111111111111111111111111111111111111111111111000000000000000000000000011111111111111111111111111111111111111111111111
111111111111111111111111111111111111111111111110000000000000000000000000011111111111111111111111111111111111111111111111
111111111111111111111111111111111111111111111000000000000000000000000000001111111111111111111111111111111111111111111111
111111111111111111111111111111111111111111110000000000000000000000000000001111111111111111111111111111111111111111111111
111111111111111111111111111111110000000000000000000000000000000000000000011111111111111111111111111111111111111111111111
111111111111111111111111111000000000000000000000100000000000000000000000001111111111111111111111111111111111111111111111
000000000000011110000000000000000000000000001111100000000000000000000000001111111111111111111111111111111111111111111111
000000000000001100011111100000000011111111111111110000000000000000000000000111111111111111111111111111111111111111111111
000000000000000000000001111111111111111111111111111000000000000000000000000111111111111111111111111111111111111111111111
000000000000000000000000000000001110011111111111000000000000000000000000000111111111111111111111111111111111111111111111
000000000000000000000000000000000000000000000000000000000000000000000000001111111111111111111111111111111111111111111110
000000000000000000000000000000000000000000000000000000000000000000000000011111111111111111111111111111111111111111111100
000000000000000000000000000000000000000000000000000000000000000000000000111111111111111111111111111111111111111111110000
000000000000000000000000000000000000000000000000000000000000000000000000011111111111111111111111111111111111111111100000
000000000000000000000000000000000000000000000000000000000000000000000000000000111111111111111111110001111111111111000000
