111111111111111111111111111111111111111111111111111111111111111111111111111100111111111111111111111111111111111111111111
111111111111111111111111111111111111111111111111111111111111111111110000100000001111111111111111111111111111111111111111
111111111111111111111111111111111111111111111111111111111111111111100000000000000111111111111111111111111111111111111111
111111111111111111111111111111111111111111111111111111111111111111100000000000000111111111111111111111111111111111111111
111111111111111111111111111111111111111111111111111111111111111110000000000000011111111111111111111111111111111111111111
111111111111111111111111111111111111111111111111111111111111100000000000000000001111111111111111111111111111111111111111
111111111111111111111111111111111111111111111111111111111000000000000000000000001111111111111111111111111111111111111111
111111111111111111111111111111111111111111111111100000000000111000000000000000000111111111111111111111111111111111111111
111111111111111111111111111111111111111111111111111011111111111000000000000000000111111111111111111111111111111111111111
111111111111111111111111111111111111111111111111111111111111111000000000000000000111111111111111111111111111111111111111
111111111111111111111111111111111111111111111111111111111111111100000000000000001111111111111111111111111111111111111111
111111111111111111111111111111111111111111111111111111111111111000000000000000000000111111111111111111111111111111111111
111111111111111111111111111111111111111111111111111111111111111000000000000000000000011111111111111111111111111111111111
111111111111111111111111111111111111111111111111111111111100000000000000000000000000000011111111111111111111111111111111
111111111111111111111111111111111111111111111111111111111000000000000000000000000000000000011111111111111111111111111111
111111111111111111111111111111111111111111111111111111111100000000000000000000000000000000001111111111111111111111111111
111111111111111111111111111111111111111111111111111111111100000100000000000000000000000000001111111111111111111111111111
111111111111111111111111111111111111111111111111111111111100000111000000000000000000011111111111111111111111111111111111
111111111111111111111111111111111111111111111111111111111100000111100000000000000000011111111111111111111111111111111111
111111111111111111111111111111111111111111111111111111111000000111000000000000000000111111111111111111111111111111111111
111111111111111111111111111111111111111111111111111111111000000100000000000000000111111111111111111111111111111111111111
111111111111111111111111111111111111111111111111111111111000000000000000000000000001111111111111111111111111111111111111
111111111111111111111111111111111111111111111111111111110000000000000000000000000000011111111111111111111111111111111111
111111111111111111111111111111111111111111111111111111110000000000000000000000000000000111111111111111111111111111111111
111111111111111111111111111111111111111111111111111110000000000000000000000000000000000000001111111111111111111111111111
111111111111111111111111111111111111111111111000000000000000000000000000000000000000000000000000000111111111111111111111
111111111111111111111111111111111111111100000000000000000000000000000000000000000000000000000000000000011111111111111111
111111111111111111111111111111111111111000000000000000000000000000000000000000000000000000000000000000000111111111111111
111111111111111111111111111111111111110000000000000000000000000000000000000000000000000000000000000000000011111111111111
111111111111111111111111111111111111110000000000000000000000000000000000000000000000000000000000000000000011111111111111
111111111111111111111111111111111111110000000000000000000000000000000000000000000000000000000000000000000001111111111111
111111111111111111111111111111111111111000000000000000000000000000000000000000000000000000000000000000000011111111111111
111111111111111111111111111111111111111111000000000000000000000000000000000000000000000000000000000000000111111111111111
111111111111111111111111111111111111111111110000000000000000000000000000000000000000000000000000000000001111111111111111
111111111111111111111111111111111111111111111100000000000000000000000000000000000000000000000000000000111111111111111111
111111111111111111111111111111111111111111111111100000000000000000000000000000000000000000000000001111111111111111111111
111111111111111111111111111111111111111111111111111100000000000000000000000000000000000000000000111111111111111111111111
111111111111111111111111111111111111111111111111111111100000000000000000000000000000000000011111111111111111111111111111
111111111111111111111111111111111111111111111111111111111000000000000000000000000011111111111111111111111111111111111111
111111111111111111111111111111111111111111111111111111111111100000000000000011111111111111111111111111111111111111111111
