000000000000000000000000000000000000000000000000000000000000000000000000000000000000000000000000000000000000000000000000
000000000000000000000000000000000000000000000000000000000000000000000000000000000000000000000000000000000000000000000000
000000000000000000000000000000000000000000000000000000000000000000000000000000000000000000000000000000000000000000000000
000000000000000000000000000000000000000000000000000000000000000000000000000000000000000000000000000000000000000000000000
000000000000000000000000000000000000000000000000000000000000000000000000000000000000000000000000000000000000000000000000
000000000000000000000000000000000000000000000000000000000000000000000000000000000000000000000000000000000000000000000000
000000000000000000000000000000000000000000000000000000000000000000000000000000000000000000000000000000000000000000000000
000000000000000000000000000000000000000000010000000000010000000000000000000000000000000000000000000000000000000000000000
000000000000000000000000000000000000000000001111111111110000000000000000000000000000000000000000000000000000000000000000
000000000000000000000000000000000000000000011111111111111100000000000000000000000000000000000000000000000000000000000000
000000000000000000000000000000000000000000111111111111110000000000000000000000000000000000000000000000000000000000000000
000000000000000000000000000000000000000000011111111111111000000000000000000000000000000000000000000000000000000000000000
000000000000000000000000000000000000000000011111111111111000000000000000000000000000000000000000000000000000000000000000
000000000000000000000000000000000000000000011111111111111100000000000000000000000000000000000000000000000000000000000000
000000000000000000000000000000000000000000111011111111111110000000000000000000000000000000000000000000000000000000000000
000000000000000000000000000000000000000001111111111111111111110000000000000000000000000000000000000000000000000000000000
000000000000000000000000000000000000000011111111111111111111111110000000000000000000000000000000000000000000000000000000
000000000000000000000000000000000000000111111111111111111111111111110000000000000000000000000000000000000000000000000000
000000000000000000000000000000000000001111111111111111111111111111111000000000000000000000000000000000000000000000000000
000000000000000000000000000000000000011111011111111111000011111111111000000000000000000000000000000000000000000000000000
000000000000000000000000000000000011111110001111111111000000000111110000000000000000000000000000000000000000000000000000
000000000000000000000000000000001111101110001111111111111110000001111000000000000000000000000000000000000000000000000000
000000000000000000000000000001111110001100111111111111111111000000111100000000000000000000000000000000000000000000000000
000000000000000000000000000011111000001000111111111111111111000000001110000000000000000000000000000000000000000000000000
000000000000000000000000000000000000000011111111111111111110000000000000000000000000000000000000000000000000000000000000
000000000000000000000000000000000000001111111111111111111100000000000000000000000000000000000000000000000000000000000000
000000000000000000000000000000000000111111111111111111111111100000000000000000000000000000000000000000000000000000000000
000000000000000000000000000000000111111111111111111111111111000000000000000000000000000000000000000000000000000000000000
000000000000000000000000000000011111111111111111111111111111100000000000000000000000000000000000000000000000000000000000
000000000000000000000000000111111111111111111111111111111111100000000000000000000000000000000000000000000000000000000000
000000000000000000000011111111111111111111111111111111111111110000000000000000000000000000000000000000000000000000000000
000000000000000000000111111111111111111111111111111111111111111000000000000000000000000000000000000000000000000000000000
000000000000000000011111111111111111111111111111111111111111111111000000000000000000000000000000000000000000000000000000
000000000000000000111111111111111111111111111111111111111111111111111110000000000000000000000000000000000000000000000000
000000000000000000011111111111111111111111111111111111111111111111111110000000000000000000000000000000000000000000000000
000000000000000000011111111111111111111111111111111111111111111111111110000000000000000000000000000000000000000000000000
000000000000000000000111111111111111111111111111111111111111111111111110000000000000000000000000000000000000000000000000
000000000000000000000000011111111111111111111111111111111111111111111000000000000000000000000000000000000000000000000000
000000000000000000000000000111111111111111111111111111111111111111110000000000000000000000000000000000000000000000000000
000000000000000000000000000000000000011111111111111111111111110000000000000000000000000000000000000000000000000000000000
