000000000011111111111000000000000000000000000000001111111111111111111111111111000000000000000000000000000000000000000000
000000000111111111110000000000000000000000000000000011101111111111111100000111111111111111110000000000000000000000000000
000000000111111111110000000000000000000000000000000000001111111111111110000000000000011111111111111111100000000000000000
000000000111111111100000000000000000000000000000000000011111111111111110000000000001111111110000011111111111111111111111
000000000111111111100000000000000000000000000000000000111111111111111111100111111111111111000000000000000001111111111111
000000001111111111100000000000000000000000000000000000111111111111111111111111111111100000000000000000000000000000001111
000000001111111111000000000000000000000000000000000001111111111111111111111111110000000000000000000000000000000000000000
000000000111111111000000000000000000000000000000000011111111111111111110000000000000000000000000000000000000000000000000
000000000111111111000000000000000000000000000000000111110111111111111100000000000000000000000000000000000000000000000000
000000000111111111000000000000000000000000000000000111111111111111111100000000000000000000000000000000000000000000000000
000000000111111111100000000000000000000000000000000001111111111111111100000000000000000000000000000000000000000000000000
000000000011111111100000000000000000000000000000000000001111111111111110000000000000000000000000000000000000000000000000
000000000001111111110000000000000000000000000000000000000111111111111111000000000000000000000000000000000000000000000000
000000000000111111111000000000000000000000000000000000011111111111111111100000000000000000000000000000000000000000000000
000000000000011111111000000000000000000000000000000001111111111111111111110000000000000000000000000000000000000000000000
000000000000001111111100000000000000000000000000001111111111111111111111111100000000000000000000000000000000000000000000
000000000000001111111100000000000000000000000001111111111111111111111111111110000000000000000000000000000000000000000000
000000000000000111111000000000000000000000001111111111111111111111111111111010000000000000000000000000000000000000000000
000000000000001111110000000000000000000000111111111111111111111111111111111000000000000000000000000000000000000000000000
000000000000001111100000000000000000000111111111111111111111111111111111111000000000000000000000000000000000000000000000
000000000000001111100000000000000000001111111111111111111111111111111111111000000000000000000000000000000000000000000000
000000000000001111100000000000000000111111111111111111111111111111111111111000000000000000000000000000000000000000000000
000000000000000111100000000000000001111111111111111111111111111111111111111000000000000000000000000000000000000000000000
000000000000000011110000000000000001111111111111111111111111111111111111111000000000000000000000000000000000000000000000
000000000000000001111000000000000001111111111111111111111111111111111111111000000000000000000000000000000000000000001111
000000000000000000011111000000000001111111111111111111111111111111111111111000000000000000000000000000000000011111111111
000000000000000000000000000000000001111111111111111111111111111111111111100000000000000000000000000001111111111111111111
000000000000000000000000000000000011111111111111111111111111111111111100000000000000000000001111111111111111111111111111
000000000000000000000000000000000011111111111111111111111111111111111000000000000000111111111111111111111111111111111111
000000000000000000000000000000000111111111111111111111111111111111111000000111111111111111111111111111111111111111111111
000000000000000000000000000000000010000000001111111111111111111111111111111111111111111111111111111111111111111111111111
000000000000000000000000000000000000000000000000111111111111111111111111111111111111111111111111111111111111111111111111
000000000000000000000000000111111111111111111111111111111111111111111111111111111111111111111111111111111111111111111111
111111111111111111111111111111111111111111111111111111111111111111111111111111111111111111111111111111111111111111111111
111111111111111111111111111111111111111111111111111111111111111111111111111111111111111111111111111111111111111111111111
111111111111111111111111111111111111111111111111111111111111111111111111111111111111111111111111111111111111111111111111
111111111111111111111111111111111111111111111111111111111111111111111111111111111111111111111111111111111111111111111111
111111111111111111111111111111111111111111111111111111111111111111111111111111111111111111111111111111111111111111111111
111111111111111111111111111111111111111111111111111111111111111111111111111111111111111111111111111111111111111111111111
111111111111111111111111111111111111111111111111111111111111111111111111111111111111111111111111111111111111111111111111
