000000000000000000000000000000000000000000000000000000111111111111111111111111111111111111111111111111111111111111111111
000000000000000000000000000000000000000000000000000000111111111111111111111111111111111111111111111111111111111111111111
000000000000000000000000000000000000000000000000000000111111111111111111111111111111111111111111111111111111111111111111
000000000000000000000000000000000000000000000000000000111111111111111111111111111111111111111111111111111111111111111111
000000000000000000000000000000000000000000000000000000111111111111111111111111111111111111111111111111111111111111111111
000000000000000000000000000000000000000000000000000100111111111111111111111111111111111111111111111111111111111111111111
000000000000000000000000000000000000000000000000001111111111111111111111111111111111111111111111111111111111111111111111
000000000000000000000000000000000000000000000000011111111111111111111111111111111111111111111111111111111111111111111111
000000000000000000000000000000000000000000000000011111111111111111111111111111111111111111111111111111111111111111111111
000000000000000000000000000000000000000000000000011111111111111111111111111111111111111111111111111111111111111111111111
000000000000000000000000000000000000000000000000001111111111111111111111111111111111111111111111111111111111111111111111
000000000000000000000000000000000000000000000000001111111111111111111111111111111111111111111111111111111111111111111111
000000000000000000000000000000000000000000000000001111111111111111111111111111111111111111111111111111111111111111111111
000000000000000000000000000000000000000000000000001111111111111111111111111111111111111111111111111111111111111111111111
000000000000000000000000000000000000000000000000001111111111111111111111111111111111111111111111111111111111111111111111
000000000000000000000000000000000000000000000000001111111111111111111111111111111111111111111111111111111111111111111111
000000000000000000000000000000000000000000000000001111111111111111111111111111111111111111111111111111111111111111111111
000000000000000000000000000000000000000000000000011111111111111111111111111111111111111111111111111111111111111111111111
000000000000000000000000000000000000000000000000111111011111111111111111111111111111111111111111111111111111111111111111
000000000000000000000000000000000000000000000001111111111111111111111111111111111111111111111111111111111111111111111111
000000000000000000000000000000000000000000000001111111111111111111111111111111111111111111111111111111111111111111111111
000000000000000000000000000000000000000000000111111111111111111111111111111111111111111111111111111111111111111111111111
000000000000000000000000000000000000000000000111111111111111111111111111111111111111111111111111111111111111111111111111
000000000000000000000000000000000000000000000111111011111111111111111111111111111111111111111111111111111111111111111111
000000000000000000000000000000000000000000000111111110001111111111111111111111111111111111111111111111111111111111111111
000000000000000000000000000000000000000000011111111110000000001111111111111111111111111111111111111111111111111111111111
000000000000000000000000000000000000000000111111111110000000000111111111111111111111111111111111111111111111111111111111
000000000000000000000000000000000000000001111111111110000000000011111111111111111111111111111111111111111111111111111111
000000000000000000000000000000000000000011111111111110000000000001111111111111111111111111111111111111111111111111111111
000000000000000000000000000000000000000011111111111110000000000001111111111111111111111111111111111111111111111111111111
000000000000000000000000000000000000000011111111111110000000000011111111111111111111111111111111111111111111111111111111
000000000000000000000000000000000000000001111111111110000000000111111111111111111111111111111111111111111111111111111111
000000000000000000000000000000000000000001111111111110000000000111111111111111111111111111111111111111111111111111111111
000000000000000000000000000000000000000011111111111110000000000111111111111111111111111111111111111111111111111111111111
000000000000000000000000000000000000000111111111111110000001111011111111111111111111111111111111111111111111111111111111
000000000000000000000000000000000000000100011111111110000000001011111111111111111111111111111111111111111111111111111111
000000000000000000000000000000000000000010111111111110000000000111111111111111111111111111111111111111111111111111111111
000000000000000000000000000000000000000000111111111110000000000111111111111111111111111111111111111111111111111111111111
000000000000000000000000000000000000000000111111111110000000000011111111111111111111111111111111111111111111111111111111
000000000000000000000000000000000000000000111111111110000000000000111111111111111111111111111111111111111111111111111111
