000000000000000000000000000000000000000000000000000000000000000000000000000000000000000000000000000000000000000000000000
000000000000000000000000000000000000000000000000000000000000000000000000000000000000000000000000000000000000000000000000
000000000000000000000000000000000000000000000000000000000000000000000000000000000000000000000000000000000000000000000000
000000000000000000000000000000000000000000000000000000000000000000000000000000000000000000000000000000000000000000000000
000000000000000000000000000000000000000000000000000000000000000000000000000000000000000000000000000000000000000000000000
000000000000000000000000000000000000000000000000000000000000000000000000000000000000000000000000000000000000000000000000
000000000000000000000000000000000000000000000000000000000000000000000000000000000000000000000000000000000000000000000000
000000000000000000000000000000000000000000000000000000000000000000000000000000000000000000000000000000000000000000000000
000000000000000000000000000000000000000000000000000000000000000000000000000000000000000000000000000000000000000000000000
000000000000000000000000000000000000000000000000000000000000000000000000000000000000000000000000000000000000000000000000
000000000000000000000000000000000000000000000000000000000000000000000000011111000000000000000000000000000000000000000000
000000000000000000000000000000000000000000000000000000000000000000000000111111000000000000000000000000000000000000000000
000000000000000000000000000000000000000000000000000000000000000000000111111111100000000000000000000000000000000000000000
000000000000000000000000000000000000000000000000000000000000000000011111111111111110000000000000000000000000000000000000
000000000000000000000000000000000000000000000000000000000000000000000000111111111100000000000000000000000000000000000000
000000000000000000000000000000000000000000000000000000000000000000000000111111110000000000000000000000000000000000000000
000000000000000000000000000000000000000000000000000000000000000000000001111111100011000000000000000000000000000000000000
000000000000000000000000000000000000000000000000000000000000000000000000111111111110000000000000000000000000000000000000
000000000000000000000000000000000000000000000000000000000000000000000000011111111111111110000000000000000000000000000000
000000000000000000000000000000000000000000000000000000000000000000000000011111111111111111100000000000000000000000000000
000000000000000000000000000000000000000000000000000000000000000000000001111111111111111111111000000000000000000000000000
000000000000000000000000000000000000000000000000000000000000000000011111111111111111111111110000000000000000000000000000
000000000000001000000000000000000000000000000000000000000000000000001011111111111111111111111000000000000000000000000000
000000000000011000000000000000000000000000000000000000000000000000000000011100011111111111100000000000000000000000000000
000000000001111110000000000000000000000000000000000000000000000000000000001000001110011000000000000000000000000000000000
000000000001111110000000000000000000000000000000000000000000000000000000000000000000000000000000000000000000000000000000
000000001111111111110000000000000000000000000000000000000000000000000000000000000000000000000000000000000000000000000000
000000011111111111111000000100000000000000000000000011100000000000000000000000000000000000000000000000000000000000000000
000000011111111111111000011110000000000000000000000111110000000000000000000000000000000000000000000000000000000000000000
000000011111111111111000111111000000000000000000000111110000000000000000000000000000000000000000000000000000000000000000
000000011111111111111000111111000000000000000000000111110000000000000000000000000000000000000000000000000000000000000000
000001111111111111111111111111111111111111111111000111110000000000000000000000000000000000000000000000000000000000000000
111111111111111111111111111111111111111111111111110111110000000000000000000000000000000000000000000000000000000000000000
111111111111111111111111111111111111111111111111111111110000000000000000000000000000000000000000000000000000000000000000
111111111111111111111111111111111111111111111111111111110000000000000000000000000000000000000000000000000000000000000000
111111111111111111111111111111111111111111111111111111110000000000000000000000000000000000000000000000000000000000000000
111111111111111111111111111111111111111111111111111111110000000000000000000000000000000000000000000000000000000000000000
111111111111111111111111111111111111111111111111111111110000000000000000000000000000000000000000000000000000000000000000
111111111111111111111111111111111111111111111111111111110000000000000000000000000000000000000000000000000000000000000000
111111111111111111111111111111111111111111111111111111110000000000000000000000000000000000000000000000000000000000000000
