111111111111111111111110000000000000000000000000000000000000000000000000111111111111111111111111111111111111111111111111
111111111111111111100000000000000000000000000000000000000000000000000000000001111111111111111111111111111111111111111111
111111111111111100000000000000000000000000000000000000000000000000000000000000000011111111111111111111111111111111111111
111111111111100000000000000000000000000000000000000000000000000000000000000000000000000111111111111111111111111111111111
111111111100000000000000000000000000000000000000000000000000000000000000000000000000000000001111111111111111111111111111
111111100000000000000000000000000000000000000000000000000000000000000000000000000000000000001111111111111111111111111111
111100000000000000000000000000000000000000000000000000000000000000000000000000000000000000000111111111111111111111111111
110000000000000000000000000000000000000000000000000000000000000000000000000000000000000000000011111111111111111111111111
000000000000000000000000000000000000000000000000000000000000000000000000000000000000000000000000111111111111111111111111
000000000000000000000000000000000000000000000000000000000000000000000000000000000000000000000000011111111111111111111111
000000000000000000000000000000000000000000000000000000000000000000000000000000000000000000000000001111111111111111111111
000000000000000000000000000000000000000000000000000000000000000000000000000000000000000000000000000111111111111111111111
000000000000000000000000000000000000000000000000000000000000000000000000000000000000000000000000000011111111111111111111
000000000000000000000000000000000000000000000000000000000000000000000000000000000000000000000000000001111111111111111111
000000000000000000000000000000000000000000011111111111111111110000000000000000000000000000000000000000111111111111111111
000000000000000000000000000000000000000001111111111111111111111111110000000000000000000000000000000000011111111111111111
000000000000000000000000000000000000001111111111111111111111111111111100000000000000000000000000000000001111111111111111
000000000000000000000000000000000000111111111111111111111111111111111111000000000000000000000000000000001111111111111111
000000000000000000000000000000000001111111111111111111111111111111111111110000000000000000000000000000001111111111111111
000000000000000000000000000000000000111111111111111111111111111111111111111100000000000000000000000000001111111111111111
000000000000000000000000000000000000111111111111111111111111111111111111111110000000000000000000000000001111111111111111
000000000000000000000000000000001000111111111111111111111111111111111111111110000000000000000000000000001111111111111111
000000000000000000000000000000000101111111111111111111111111111111111111111111000000000000000000000000001111111111111111
000000000000000000000000000000001111111111111111111111111111111111111111111111000000000000000000000000001111111111111111
000000000000000000000000000000011111111111111111111111111111111111111111111111100000000000000000000000011111111111111111
000000000000000000000000000000111111111111111111111111111111111111111111111110000000000000000000000000111111111111111111
000000000000000000000000000001111111111111111111111111111111111111111111111000000000000000000000000001111111111111111111
000000000000000000000011111111111111111111111111111111111111111111111111110000000000000000000000000011111111111111111111
000000000000000000000111111111111111111111111111111111111111111111111111110000000000000000000000000111111111111111111111
000000000000000000001111111111111111111111111100010000001111111110000000000000000000000000000000011111111111111111111111
000000000000000000000111111111111111111111111000000000000011100000000000000000000000000000000000111111111111111111111111
000000000000000000001111111111111111111111110000000000000000000000000000000000000000000000000011111111111111111111111111
000000000000000000000111111111111111111111100000000000000000000000000000000000000000000000001111111111111111111111111111
000000000000000000000111111111111111111111000000000000000000000000000000000000000000000000111111111111111111111111111111
000000000000000000000011111111111111111100000000000000000000000000000000000000000000000011111111111111111111111111111111
000000000000000000000000000111111111111000000000000000000000000000000000000000000000001111111111111111111111111111111111
000000000000000000000000000010000110000000000000000000000000000000000000000000000000111111111111111111111111111111111111
000000000000000000000000000000000000000000000000000000000000000000000000000000000001111111111111111111111111111111111111
000000000000000000000000000000000000000000000000000000000000000000000000000000000111111111111111111111111111111111111111
000000000000000000000000000000000000000000000000000000000000000000000000000000011111111111111111111111111111111111111111
