000000000000000000000000000000000000111111110010000000000000000000000000000000000000000000000000000000000000000000000000
000000000000000000000000000000000000111111111111000000000000000000000000000000000000000000000000000000000000000000000000
000000000000000000000000000000001111111111111111100000000000000000000000000000000000000000000000000000000000000000000000
000000000000000000000000000000111111111111111111110000000000000000000000000000000000000000000000000000000000000000000000
000000000000000000000000000000011111111111111111111110000000000000000000000000000000000000000000000000000000000000000000
000000000000000000000000000000001111111111111111111000000000000000000000000000000000000000000000000000000000000000000000
000000000000000000000000000000000011111111111111111000000000000000000000000000000000000000000000000000000000000000000000
000000000000000000000000000000000001111111111110000000000000000000000000000000000000000000000000000000000000000000000000
000000000000000000000000000000000001111111111111111000000000000000000000000000000000000000000000000000000000000000000000
000000000000000000000000000000000011111111111111111100000000000000000000000000000000000000000000000000000000000000000000
000000000000000000000000000000000011111111111111111111111110000000000000000000000000000000000000000000000000000000000000
000000000000000000000000000000000011111111111100111111111111000000000000000000000000000000000000000000000000000000000000
000000000000000000000000000000000011111111110001111111111111110000000000000000000000000000000000000000000000000000000000
000000000000000000000000000000000011111111110001111111111111111000000000000000000000000000000000000000000000000000000000
000000000000000000000000000000000111111111111111111111111111111000000000000000000000000000000000000000000000000000000000
000000000000000000000000000000000111111111111111111111111111111100000000000000000000000000000000000000000000000000000000
000000000000000000000000000000000111111111111111111111111111111100000000000000000000000000000000000000000000000000000000
000000000000000000000000000000000111111111111111111111111111111100000000000000000000000000000000000000000000000000000000
111111111111111111111111111111111111111111111111111111111111111111111111111111111111111111111111111111111111111111111111
000000000000000000000000000000001111111111111111111111111000000000000000000000000000000000000000000000000000000000000000
000000000000000000000000000000011111111111111111111111100000000000000000000000000000000000000000000000000000000000000000
000000000000000000000000000000111111111111111111111111111000000000000000000000000000000000000000000000000000000000000000
000000000000000000000000000011111111111111111111111111111110000000000000000000000000000000000000000000000000000000000000
000000000000000000000000001111111111111111111111111111111111110000000000000000000000000000000000000000000000000000000000
000000000000000000000000111111111111111111111111111111111111110000000000000000000000000000000000000000000000000000000000
000000000000000000000001111111111111111111111111111111111111100000000000000000000000000000000000000000000000000000000000
000000000000000000000001111111111111111111111111111111000000000000000000000000000000000000000000000000000000000000000000
000000000000000000000000000000000000011111000000011111000000000000000000000000000000000000000000000000000000000000000000
000000000000000000000000000000000000011111100000011111000000000000000000000000000000000000000000000000000000000000000000
000000000000000000000000000000000000000111110000011111100000000000000000000000000000000000000000000000000000000000000000
000000000000000000000000000000000000000011111000000111000000000000000000000000000000000000000000000000000000000000000000
000000000000000000000000000000000000000000111100000000000000000000000000000000000000000000000000000000000000000000000000
000000000000000000000000000000000000000000011110000000000000000000000000000000000000000000000000000000000000000000000000
000000000000000000000000000000000000000000011110000000000000000000000000000000000000000000000000000000000000000000000000
000000000000000000000000000000000000000000111111000000000000000000000000000000000000000000000000000000000000000000000000
000000000000000000000000000000000000000000111111000000000000000000000000000000000000000000000000000000000000000000000000
000000000000000000000000000000000000000000111110000000000000000000000000000000000000000000000000000000000000000000000000
000000000000000000000000000000000000000000000000000000000000000000000000000000000000000000000000000000000000000000000000
000000000000000000000000000000000000000000000000000000000000000000000000000000000000000000000000000000000000000000000000
000000000000000000000000000000000000000000000000000000000000000000000000000000000000000000000000000000000000000000000000
