000000000000000000000000000000000000000000000000000000000000000000000000000000000000000000000000000000000000000000000111
000000000000000000000000000000000000000000000000000000000000000000000000000000000000000000000000000000000000000000001110
000000000000000000000000000000000000000000111111111111100000000000000000000000000000000000000000000000000000000000000000
000000000000000000000000000000000000111111111111111111110000000000000000000000000000000000000000000000000000000000000000
000000000000000000000000000001001111111111111111111111110000000000000000000000000000000000000000000000000000000000000000
000000000000000000000000000001111111111111111111111111000000000000000000000000000000000000000000000000000000000000000000
000000000000000000000000000111111111111111111111111111000000000000000000000000000000000000000000000010000000000000000000
000000000000000000000000111111111111111111111111111000000000000000000000000000000000000000000000000000000000000000000000
000000000000000000000001111111111111111111111111111100000000000000000000000000000000000000000000000000000000000000000000
000000000000000000000011111111111111111111111111111111000000000000000000000000000000000000000000000000000000000000000000
000000000000000000001111111111111111111111111111111111100000000000000000000000000000000000000000000000000000000000000000
000000000000000000011111111111111111111111111111111111100000000000000000000000000000000000000000000000000100100000000000
000000000000000000111111111111111111111111111111111110000000000000000000000000000000000000000000000000000001100000000000
000000000000000000111111111111111111111111111111111100000000000000000000000000000000000000000000000000000000000000000000
000000000000000001111111111111111111111111111111101000000000000000000000000000000000000000000000000000000000000000000000
000000000000000001111111111111111111111111111111110000000000000000000000000000000000000000000000000000000000000000000000
000000000000000001111111111111111110000000011111111100000000000000000000000000000000000000000000000000000000000000000000
000000000000000001111111111111111000000000011111111111100000000000000000000000000000000000000000000000000000000000000000
000000000000000001111111111111110000000000011111111111110000100000000000000000000000000000000000000000000000000000000000
000000000000000001111111111100000000000000111111111111111100000000000000000000000010000000000000000000000000000000000000
000000000000000000111111111000000000000000111111111111110011110000011000000000000000000000000000000000000000000000000000
000000000000000000111110000000000000000000111111111111110001111110001100000000000000000000000000000000000000000000001000
000000000000000000000000000000000000000001111111111111111111111111111000000000000000000000000000000000000000000000000000
000000000000000000000000000000000000000000111111111111111111100000000000000000000000000000000000000000000000000000000000
000000000000000000000000000000000000000000011111111111110000000000000000000000000000000000000000000000000000000000000000
000000000000000000000000000000000000000000001111111111110000000000000000000000000000000000000000000000000000000000000000
000000000000000000000000000000000000000000111111111111110000000000000000000000000000000000000000000000000000000000000000
000000000000000000000000000000000000000011111111111111111000000000000000000000000000000000000000000000000000000000000000
000000000000000000000000000000000000000111111111111111111000000000000000000000000000000000000000000000000000000000000000
111000000000000000000000000000000000011111111111111111111000000000000000000000000000000000000000000000000000000000000000
000000000000000000000000000000000001111111111111111111111000000000000000000000000000000000000000000000000000000000000000
000000000000000000000000000000001111111111111111111111111100000000000000000000000000000000000000000000000000000000000000
000000000000000000000000000011111111111111111111111111111100000000000000000000000000000000000000000000000000000000000000
000000000000000000000001111111111111111111111111111111111100000000000000000000000000000000000000000000000000000000000000
000000000000000000001111111111111111111111111111111111111100000000000000000000000000000000000000000000000000000000000000
000000000000000100011111111111111111111111111111111111111100000000110000000000000000000000000000000000000000000000000000
000000000000000001111111111111111111111111111111111111111100000000000000000000000000000000000000000000000000000000000000
000000000000000001111111111111111111111111111111111111111110000000000000000000000000000000000000000000000000000000000000
000000000000000000000111111111111111111111111111111111111110000000000000000000000000000000000000000000000000000000000000
000000000000000000000000000111111111111111111111111111111110000000000000000000000000000000000000000000000000000000000000
