000000000001111111111111111111111111111111111111111111111111111111111111111111111111111111111111100000000000000000000000
000000000000011111111111111111111111111111111111111111111111111111111111111111111111111111111111111000000000000000000000
000000000000000111111111111111111111111111111111111111111111111111111111111111111111111111111111000000000000000000000000
000000000000000001111111111111111111111111111111111111111111111111111111111111111111111111111111110000000000000000000000
000000000000000000000001111111111111111111111111111111111111111111111111111111111111111111111111111110000000000000000000
000000000000000000000000011111111111111111111111111111111111111111111111111111100001111111111101111111100000000000000000
000000000000000000000000011111111111111111111111111111111111111111111111111111100000000011000000000000000000000000000000
000000000000000000000000111111111111111111111111111111111111111111111111111111110000000000100000000000000000000000000000
000000000000000000000001111111111111111111111111111111111111111111111000111111110000000000000000000000000000000000000000
000000000000000000000001111111111111111111111111111111111111111111111111111000100000000000000000000000000000000000000000
100000000000000000000001111111111111111111111111111111111111111111111110000000000000000000000000000000000000000000000000
111000000000000000000011111111111111111111111111111111111111111111111111110000000000000000000000000000000000000000000000
111110000000000000000111111111111111111111111111111111111100011111111111111110000000000000000000000000000000000000000000
111111000000000000001111111111111111111111111111111111111110000000111111111111111000000000000000000000000000000000000000
111111000000000000111111111111111111111111111111111111111111000000011111111111111100000000000000000000000000000000000000
111111000000000000111111111111111111111111111111111111111111100000111111111111111100000000000000000000000000000000000000
111111111100000000001111111111111111111111111111111111111111110001111111111111111111111111100000000000000000000000000000
111111111111100000000111111111111111111111111111111111111111111001111111111111111111111111100000000000000000000000000000
111111111111111100001111111111111111111111111111111111111111111111111111111111111111111111100000000000000000000000000000
011111111111111111110111111111111111111111111111111111111111111111111111111111111111111111100000000000000000000000000000
000011111111111111111111111111111111111111111111111111111111111111111111111111111111111111100000000000000000000000000000
000000011111111111111111111111111111111111111111111111111111111111111111111111111111111111000000000000000000000000000000
000000000011111111111111111111111110111111111111111111111111111111111111111111111111111111100000000000000000000000000000
000000000000111111111111111111111000001111111111111111111111111111111111111111111111111111111111000000000000000000000000
000000000000000111111111111111110000000111111111111111111111111111111111111111111111111111111111111111110000000000000000
000000000000000000111111111111000000000011111111111111111111111111111111111111111111111111111111111111111111111111111100
000000000000000001111111111100000000000111111111111111111111111111111111111111111111111000000001111111111111111111111111
000000000000000011111111111000000000011111111111111111111111111111111111111111111111111111000000000000111111111111111111
000000000000001111111111100000000001111111111111111111111111111111111111111111111111111111111111111111111111111111111111
000000000000111111111111000000000111111111111111111111111111111111111111111111111111111111111111111111111111111111111111
000000000011111111111110000000011111111111111111111111111111111111111111111111111111111111111111111111111111111111111111
000000001111111111111110000011111111111111111111111111111111111111111111111111111111111111111111111111111111111111111111
111001111111111111111111111111111111111111111111111111111111111111111111111111111111111111111111111111111111111111111111
111111111111111111111111111111111111111111111111111111111111111111111111111111111111111111111111111111111111111111111111
111111111111111111111111111111111111111111111111111111111111111111111111111111111111111111111111111111111111111111111111
111111111111111111111111111111111111111111111111111111111111111111111111111111111111111111111111111111111111111111111111
111111111111111111111111111111111111111111111111111111111111111111111111111111111111111111111111111111111111111111111111
000000000001111111111111111111111111111111111111111111111111111111111111111111111111111111111111111111111111111111111111
000000000000000011111111111111111111111111111111111111111111111111111111111111111111111111111111111111111111111111111111
000000000000000000111111111111111111111111111111111111111111111111111111111111111111111111111111111111111111111111111111
