111111111111111111111111111111111111111111111111111111111111111111111111111111111111111111000000000000111111111111111111
111111111111111111111111111111111111111111111111111111111111111111111111111111111100000000000000000000000001111111111111
111111111111111111111111111111111111111111111111111111111111111111111111111111100000000000000000000000000000001111111111
111111111111111111111111111111111111111111111111111111111111111111111111111110000000000000000000000000000000000011111111
111111111111111111111111111111111111111111111111111111111111111111111111111000000000000000000000000000000000000000111111
111111111111111111111111111111111111111111111111111111111111111111111111111000000000000000000000000000000000000000000111
111111111111111111111111111111111111111111111111111111111111111111111111110000000000000000000000000000000000000000000111
111111111111111111111111111111111111111111111111111111111111111111100000000000000000000000000000000000000000000000000111
111111111111111111111111111111111111111111111111111111111111111100000000000000000000000000000000000000000000000000000111
111111111111111111111111111111111111111111111111111111111111111000000000000000000000000000000000000000000000000000000111
111111111111111111111111111111111111111111111111111111111111111000000000000000000000000000000000000000000000000000001111
111111111111111111111111111111111111111111111111111111111111111110000000000000000000000000000000000000000000000000000111
111111111111111111111111111111111111111111111111111111111111111111110000000000000000000000000000000000000000000000000111
111111111111111111111111111111111111111111111111111111111111111111111000000000000000000000000000000000000000000000000011
111111111111111111111111111111111111111111111111111111111111111111111111000000000000000000000000000000000000000000000001
111111111111111111111111111111111111111111111111111111111111111111111111100000000000000000000000000000000000000000000001
111111111111111111111111111111111111111111111111111111111111111111111111110000000000000000000000000000000000000000000000
111111111111111111111111111111111111111111111111111111111111111111111111110000000000000000000000000000000000000000000000
111111111111111111111111111111111111111111111111111111111111111111111111110000000000000000000000000000000000000000000000
111111111111111111111111111111111111111111111111111111111111111111111011110000000000000000000000000000000000000000000000
111111111111111111111111111111111111111111111111111111111111111111100011111000000000000000000000000000000000000000000000
111111111111111111111111111111111111111111111111111111110000001110001111111000000000000000000000000000000000000000000000
111111111111111111111111111111111111111111111111111111000000000000011111111000000000000000000000000000000000000000000000
111111111111111111111111111111111111111111111111111111000000000000111111111000000000000000000000000000000000000000000000
111111111111111111111111111111111111111111111111111111000000000001111111111000000000000000000000000000000000000000000000
111111111111111111111111111111111111111111111111111110000000000111111111111000000000000000000000000000000000000000000000
111111111111111111111111111111111111111111111111111110000000001111111111110000000000000000000000000000000000000000000000
111111111111111111111111111111111111111111111111111100000000000000011111100000000000000000000000000000000000000000000000
111111111111111111111111111111111111111111111111111100000000000000000011000000000000000000000000000000000000000000000000
111111111111111111111111111111111111111111111111111110000000000000000000000000000000000000000000000000000000000000000000
111111111111111111111111111111111111111111111111111111100000000000000000000000000000000000000000000000000000000000000000
111111111111111111111111111111111111111111111111111111110000000000000000000000000000000000000000000000000000000000000000
111111111111111111111111111111111111111111111111111111110000000000000000000000000000000000000000000000000000000000000000
111111111111111111111111111111111111111111111111111111100000000000000000000000000000000000000000000000000000000000000000
111111111111111111111111111111111111111111111111111111100000000000000000000000000000000000000000000000000000000000000000
111111111111111111111111111111111111111111111111111111000000000000000000000000000000000000000000000000000000000000000000
111111111111111111111111111111111111111111111111111111000000000000000000000000000000000000000000000000000000000000000000
111111111111111111111111111111111111111111111111111110000011100000000000000000000000000000000000000000000000000000000000
111111111111111111111111111111111111111111111111111110011111110000000000000000000000000000000000000000000000000000000000
111111111111111111111111111111111111111111111111111111111111110000000000000000000000000000000000000000000000000000000000
