111111111111111111111111111111111111111111111111111111111111111111111111110000000000000000111111111111111111111111111111
111111111111111111111111111111111111111111111111111111111111111111111111111000000000000000000000011111111111111111111111
111111111111111111111111111111111111111111111111111111111111111111111111111000000000000000000000000011111111111111111111
111111111111111111111111111111111111111111111111111111111111111111111000000000000000000000000000000000111111111111111111
111111111111111111111111111111111111111111111111111111111111111111000000000000000000000000000000000000001111111111111111
111111111111111111111111111111111111111111111111111111111111111000000000000000000000000000000000000000001111111111111111
111111111111111111111111111111111111111111111111111111111111100000000000000000000000000000000000000000000111111111111111
111111111111111111111111111111111111111111111111111111111111000000000000000000000000000000000000000000000011111111111111
111111111111111111111111111111111111111111111111111111111110000000000000000000000000000000000000000000000001111111111111
111111111111111111111111111111111111111111111111111111111100000000000000000000000000000000000000000000000000111111111111
111111111111111111111111111111111111111111111111111111111000000000000000000000000000000000000000000000000000111111111111
111111111111111111111111111111111111111111111111111111111100000000000000000000000000000000000000000000000000011111111111
111111111111111111111111111111111111111111111111111111111100000000000000000000000000000000000000000000000000011111111111
111111111111111111111111111111111111111111111111111111111100000000000000000000000000000000000000000000000000001111111111
111111111111111111111111111111111111111111111111111111111111000000000000000000000000000000000000000000000000001111111111
111111111111111111111111111111111111111111111111111111111111111000000000000000000000000000000000000000000000000111111111
111111111111111111111111111111111111111111111111111111111111111110000000000000000000000000000000000000000000000111111111
111111111111111111111111111111111111111111111111111111111111111000000000000000000000000000000000000000000000000111111111
111111111111111111111111111111111111111111111111111111111111111110000000000000000000000000000000000000000000000111111111
111111111111111111111111111111111111111111111111111111111111111111000000000000000000000000000000000000000000000111111111
111111111111111111111111111111111111111111111111111010000011111111110000000000000000000000000000000000000000000111111111
111111111111111111111111111111111111111111111110000000000000011111111000000000000000000000000000000000000000000011111111
111111111111111111111111111111111111111111110000000000000000001111111100000000000000000000000000000000000000000011111111
111111111111111111111111111111111111111111110000000000000000001111111100000000000000000000000000000000000000000011111111
111111111111111111111111111111111111111111100000000000000000001111111110000000000000000000000000000000000000000011111111
111111111111111111111111111111111111111111110000000000000000001111111110000000000000000000000000000000000100000011111111
111111111111111111111111111111111111111111110000000000000000000111111111000000000000000000000000000000000110010011111111
111111111111111111111111111111111111111111111000000000000000000001111111000000000000000000000000000000000111011001111111
111111111111111111111111111111111111111111111110000000000000000000111111000000000000000000000000000000000011101111111111
111111111111111111111111111111111111111111111111100000000000000000001100000000000000000000000000000010000111111111111111
111111111111111111111111111111111111111111111111111000000000000000000000000000000000000000000000000011100111111111111111
111111111111111111111111111111111111111111111111110000000000000000000000000000000000000000000000000001110111111111111111
111111111111111111111111111111111111111111111111100000000000000000000000000000000000000000000000000000111111111111111111
111111111111111111111111111111111111111111111111100000000000000000000000000000000000000000000000000000111111111111111111
111111111111111111111111111111111111111111111111000000000000000000000000000000000000000000000000000000011111111111111111
111111111111111111111111111111111111111111111111000000000000000000000000000000000000000000000000000000011111111111111111
111111111111111111111111111111111111111111111111000000000000000000000000000000000000000000000000000000001111111111111111
111111111111111111111111111111111111111111111111000000000000000000000000000000000000000000000000000000001111111100111111
111111111111111111111111111111111111111111111111000000000000000000000000000000000000000000000000000000000111000000111111
111111111111111111111111111111111111111111111110000000000000000000100000000000000000000000000000000000000000000111111111
