111111111111111111111111111111111111111111111111111111111111111111111111111111111111111111111111111111111111111111111111
111111111111111111111111111111111111111111111111111111111111111111111111111111111111111111111111111111111111111111111111
111111111111111111111111111111111111111111111111111111111111111111111111111111111111111111111111111111111111111111111111
111111111111111111111111111111111111111111111111111111111111111111111111111111111111111111111111111111111111111111111111
111111111111111111111111111111111111111111111111111111111111111111111111111111111111111111111111111111111111111111111111
111111111111111111111111111111111111111111111111111111111111111111111111111111111111111111111111111111111111111111111111
111111111111111111111111111111111111111111111111110000000000000000001111111111111111111111111111111111111111111111111111
111111111111111111111111111111111111111111111111000000000000000000000001111100011111111111111111111111111111111111111111
111111111111111111111111111111111111111111111110000000000000000000000000000000011111111111111111111111111111111111111111
111111111111111111111111111111111111111111111100000000000000000000000000000000001111111111111111111111111111111111111111
111111111111111111111111111111111111111111111100000000000000000000000000000000000111111111111111111111111111111111111111
111111111111111111111111111111111111111111111100000000000000000000000000000000000011111111111111111111111111111111111111
111111111111111111111111111111111111111111100000000000000000000000000000000000111111111111111111111111111111111111111111
111111111111111111111111111111111111111110000000000000000000000000000000000000111111111111111111111111111111111111111111
111111111111111111111111111111111111111111100000000000000000000000000000000111111111111111111111111111111111111111111111
111111111111111111111111111111111111111111111100000000000000000000000000000111111111111111111111111111111111111111111111
111111111111111111111111111111111111111111111000000000000000000000000001111111111111111111111111111111111111111111111111
111111111111111111111111111111111111111111111000000000000000000000000001111111111111111111111111111111111111111111111111
111111111111111111111111111111111111111111111111000000000000000000000001111111111111111111111111111111111111111111111111
111111111110111111111111111111111111111111111111110100000000000000000111111111111111111111111111111111111111111111111111
111111111000011111111111111111111111111111111111111111000000001011111111111111111111111111111111111111111111111111111111
111111100000000001111111111111111111111111111000000000000000000000000111111111111111111111111111111101111111111111111111
111110000000000000001111111111111111111111100000000000000000000000000000111111111111111111111111100000011111111111111111
110000000000000000000001111111111111111111000000000000000000000000000000001111111111111111110000000000001111111111111111
000000000000000000000000001111111111111110000000000000000000000000000000000111111111111100000000000000000011111111111111
000000000000000000000000000000000000011100000000000000000000000000000000000000000000000000000000000000000000111111111111
000000000000000000000000000000000000000000000000000000000000000000000000000000000000000000000000000000000000001111111111
000001111011110000000000000000000000001111000000000000000000000000000000000000000000000000000000000000000000000011111111
000011111111111100001111000000000011111111000000000000000000000000000000000000000000000000000000000000000000000000111111
111111111111111111111111111000011111111111110000000000000000000000000000001111000011111110000111111011111000000000001111
111111111111111111111111111111111111111111110000000000000000000000000000001111111111111111111111111111111100000000000001
111111111111111111111111111111111111111111100000000000000000000000000000001111111111111111111111111111111110000000000000
111111111111111111111111111111111111111111100000000000000000000000010000000111111111111111111111111111111111111111111111
111111111111111111111111111111111111111111110000000000000000000000011000001111111111111111111111111111111111111111111111
111111111111111111111111111111111111111111111110000000000000000000001111111111111111111111111111111111111111111111111111
111111111111111111111111111111111111111111111110000000000000000000000111111111111111111111111111111111111111111111111111
111111111111111111111111111111111111111111111000000000000000000000000011111111111111111111111111111111111111111111111111
111111111111111111111111111111111111111111111100000000000000000000000011111111111111111111111111111111111111111111111111
111111111111111111111111111111111111111111111100000000000000000000000011111111111111111111111111111111111111111111111111
111111111111111111111111111111111111111111110000000000000000000000000001111111111111111111111111111111111111111111111111
