111111111111111111111111111000000111111111111111111111111111111111111111111111111111111111111111111111111111111111111111
111111111111111111111111111100000111111111111111111111111111111111111111111111111111111111111111111111111111111111111111
111111111111111111111111111111111111111111111111111111111111111111111111111111111111111111111111111111111111111111111111
111111111111111111111111111111111111111111111111111111111111111111111111111111111111111111111111111111111111111111111111
111111111111111111111111111111111111111111111111111111111111111111111111111111111111111111111111111111111111111111111111
111111111111111111111111111111111111111111111111111111111111111111111111111111111111111111111111111111111111111111111111
111111111111111111111111111111111111111111111111111111111111100111111111111111111111111111111111111111111111111111111111
111111111111111111111111111111111111111111111111111111111111000001111111111111111000000011111111111111111111111111111111
111111111111111111111111111111111111111111111111111111111111000001111111111100000000000000000001111111111111111111111111
111111111111111111111111111111111111111111111111111111111111000011111111100000000000000000000000001111111111111111111111
111111111111111111111111111111111111111111111111111111111111000011111111000000000000000000000000000011111111111111111111
111111111111111111111111111111111111111111111111111111111111000111111110000000000000000000000000000000111111111111111111
111111111111111111111111111111111111111111111111111111111110000111111110000000000000000000000000000000111111111111111111
111111111111111111111111111111111111111111111111111111111110000111111110000000000000000000000000000000011111111111111111
111111111111111111111111111111111111111111111111111111111110000111111111100000000000000000000000000000001111111111111111
111111111111111111111111111111111111111111111111111111111110001111111110000000000000000000000000000000001111111111111111
111111111111111111111111111111111111111111111111111111111100001111111110000000000000000000000000000000000111111111111111
111111111111111111111111111111111111111111111111111111110000001111111110000000000000000000000000000000000111111111111111
111111111111111111111111111111111111111111111111111111110000000011111111000000000000000000000000000000000111111111111111
111111111111111111111111111111111111111111111111111111110000000001111111111000000000000000000000000000000111111111111111
111111111111111111111111111111111111111111111111111111100000000000111111111000000000000000000000000000000111111111111111
111111111111111111111111111111111111111111111111111111100000000000111111110000000000000000000000000000000111111111111111
111111111111111111111111111111111111111111111111111111110000000000011111110000000000000000000000000000001111111111111111
111111111111111111111111111111111111111111111111111111110000110000001110000000000000000000000000000000001111111111111111
111111111111111111111111111111111111111111111111111111110000111100000100000000000000000000000000000000011111111111111111
111111111111111111111111111111111111111111111111111111100001111110000000000000000000000000000000000000011111111111111111
111111111111111111111111111111111111111111111111111111100001111110000000000000000000000000000000000000011111111111111111
111111111111111111111111111111111111111111111111111111000011000000000000000000000000000000000000000000111111111111111111
111111111111111111111111111111111111111111111111111111000010000000000000000000000000000000000000000000111111111111111111
111111111111111111111111111111111111111111111111111111000110000000000000000000000000000000000000000000111111111111111111
111111111111111111111111111111111111111111111111111110000110000000000000000000000000000000000000000000111111111111111111
111111111111111111111111111111111111111111111111111110000111000000000000000000000000000000000000000000111111111111111111
111111111111111111111111111111111111111111111111111100001111000000000000000000000000000000000000000000011111111111111111
111111111111111111111111111111111111111111111111111000001111100000000000000000000000000000000000000000011111111111111111
111111111111111111111111111111111111111111111111111000001111100000000000000000000000000000000000000000011111111111111111
111111111111111111111111111111111111111111111111110000001111100000000000000000000000000000000000000000001111111111111111
111111111111111111111111111111111111111111111111000000000000000000000000000000000000000000000000000000001111111111111111
111111111111111111111111111111111111111111111111000000000000000000000000000000000000000000000000000000001111111111111111
111111111111111111111111111111111111111111111111000000000000000000000000000000000000000000000000000000001111111111111111
111111111111111111111111111111111111111111111110000000000000000000000000000000000000000000000000000000001111111111111111
