111111111111111111111111111111111111111111111111111111111111111111111111111111111111111111111111111111111111110000000000
111111111111111111111111111111111111111111111111111111111111111111111111111111111111111111111111000000000000000000000000
111111111111111111111111111111111111111111111111111111111111111111111111111111111111111111100000000000000000000000000000
111111111111111111111111111111111111111111111111111111111111111111111111111111111111111000000000000000000000000000000000
111111111111111111111111111111111111111111111111111111111111111111111111111111111111100000000000000000000000000000000000
111111111111111111111111111111111111111111111111111111111111111111111111111111111110000000000000000000000000000000000000
111111111111111111111111111111111111111111111111111111111111111111111111111111111100000000000000000000000000000000000000
111111111111111111111111111111111111111111111111111111111111111111111111111111111000000000000000000000000000000000000000
111111111111111111111111111111111111111111111111111111111111111111111111111111000000000000000000000000000000000000000000
111111111111111111111111111111111111111111111111111111111111111111111100000000000000000000000000000000000000000000000000
111111111111111111111111111111111111111111111111111111111111111111111000000000000000000000000000000000000000000000000000
111111111111111111111111111111111111111111111111111111111111111111111100000000000000000000000000000000000000000000000000
111111111111111111111111111111111111111111111111111111111111111111111110000000000000000000000000000000000000000000000000
111111111111111111111111111111111111111111111111111111111111111111111111111100000000000000000000000000000000000000000000
111111111111111111111111111111111111111111111111111111111111111111111111111111000000000000000000000000000000000000000000
111111111111111111111111111111111111111111111111111111111111111111111111111111111100000000000000000000000000000000000000
111111111111111111111111111111111111111111111111111111111111111111111111111111111100000000000000000000000000000000000000
111111111111111111111111111111111111111111111111111111111111111111111111111111111000000000000000000000000000000000000000
111111111111111111111111111111111111111111111111111111111111111111111111111111111110000000000000000000000000000000000000
111111111111111111111111111111111111111111111111111111111111111111111111111111111111000000000000000000000000000000000000
111111111111111111111111000000000000000000001111111111111111111111111111111111111111100000000000000000000000000000000000
111111111111111111111111000000000000000000000000000111111111111111111111111111111111100000000100000000000000000000000000
111111111111111111111111110000000000000000000000000000111111111111111111111111111111111111111110000000000000000000000000
111111111111111111111111111100000000000000000000000000001111111111111111111111111111111111111100000000000000000100011110
111111111111111111111111111110000000000000000000000000000111111111111111111111111111111111111100000000000000010111011110
111111111111111111111111111110000000000000000000000000000001111111111111111111111110000111000000000000000000111111111110
111111111111111111111111111111111111100000110000000000000000011111111111111111111000000000000000000000000000011111111100
111111111111111111111111111111111111111111111000000000000000000111111111111100000000000000000000000000000000011111111100
111111111111111111111111111111111111111111111110000000000000000011111111111000000000000000000000000000000000001111111000
111111111111111111111111111111111111111111111111000000000000000000111000000000000000000000000000000000000000001111111000
111111111111111111111111111111111111111111111111110000000000000000000000000000000000000000000000000000000000001111110000
111111111111111111111111111111111111111111111111111000000000000000000000000000000000000000000000000000000000000111100000
111111111111111111111111111111111111111111111111111110000000000000000000000000000000000000000000000000000000000000000000
111111111111111111111111111111111111111111111111111111000000000000000000000000000000000000000000000000000000000000000000
111111111111111111111111111111111111111111111111111111110000000000000000000000000000000000000000000000000000000000000001
111111111111111111111111111111111111111111111111111111111110000000000000000000000000000000000000000000000000000000000000
111111111111111111111111111111111111111111111111111111111111111000011111111111000000000000000000000000000000000000000000
111111111111111111111111111111111111111111111111111111111111111111111111111111000000000000000000000000001111111110000000
111111111111111111111111111111111111111111111111111111111111111111111111111111000000000000000000000000011111111111111000
111111111111111111111111111111111111111111111111111111111111111111111111111111000000000000000000000000011111111111111111
