111111111111111111111111111111111111111111111111111111111111111111111111111111111111111111111111111111111111111111111111
111111111111111111111111111111111111111111111111111111111111111111111111111111111111111111111111111111111111111111111111
111111111111111111111111111111111111111111111111111111111111111111111111111111111111111111011111111111111111111111111111
111111111111111111111111111111111111111111100011111111111111111111111111111111111111111100011111111111111111111111111111
111111111111111111111111111111111111111111000001111111111111111111111111111111111111100000011111111111111111111111111111
011111111111111111111111111111111111111000000000001111111111111111111111111111111100000000000111111111111111111111111111
001111111111111111111111111111111111111100000000001111111111111111111111111111111110000000000011111111111111111111111111
000001111111111111111111111111111111111100000000000111111111111111111111111111111100000000000111111111111111111111111111
000001111111111111111111111111111111111110000000000111111111111111111111111111111110000000000111111111111111111111111111
000001111111111111111111111111111111111110000000000111111111111111111111111111111110000000000111111001111111111111111111
000000111111111111111111111111111111111100000000000001111111111111100000000100000000000000011111111111111111111111111111
000000111111111111111111111111111111000000000000000011111111111111111100000000000000000000001111111111111111111111111111
000001111111111111111111111111111111000000000000000011111111111111111110000000000000000000001111111111111111111111111111
000000111111111111111111111111110000000011100000000001111111111111111111001111110000000000111111111111111111111111111111
000000011111111111111111111111111000111111111000000001111111111111111111111111110000000001111111111111111111111111111111
000000001111111111111111111111111111111111110000000001111111111111111111111111110000000001111111111111111111111111111111
000000000111111111111111111111111111111111100000000001111111111111111111111111110000000001111111111111111111111111111111
000000000011111111111111111111111111111111000000000000111111111111111111111111100000000001111111111111111111111111111111
000000000001111111111111111111111111111100000000000000111111111111111111111111000000000000111111111111111111111111111111
100000000000111111111111111111111111111100000000000000111111111111111111111110000000000000111111111111111111111111111111
000000000000011111111111111111111111111000000000000000011111111111111111111100000000000000011111111111111111111111111111
000000000000000111111111111111111111111000000000000000011111111111111111110000000000000000011111111111111111111111111111
000000000000000111111111111111111111111111000000000000111111111111111111100000000000000000001111111111111111111111111111
000000000000000011111111111111111111111111000011000011111111111111111111110000000000000000001111111111111111111111111111
000000000000000011111111111111111111111111000011110001111111111111111111111110000000000000011111111111111111111111111111
000000000001111111111111111111111111111111000111111000111111111111111111111111100001111000001111111111111111111111111111
000000011111111111111111111111111111111111000111111000111111111111111111111111000011111100001111111111111111111111111111
000000000111111111111111111111111111111110000000000000011111111111111111111111000011111100001111111111111111111111111111
110000000001111111111111111111111111111100000000000000111111111111111111111111000111111100001111111111111111111111111111
111110000000111111111111111111111111111111000000000000111111111111111111111111000111111100011111111111111111111111111111
111110000000001111111111111111111111111111110000000001111111111111111111111111100111111100011111111111111111111111111111
111000000000000111111111111111111111111000000000000000111111111111111111111111000011111100001111111111111111111111111111
110000000000000011111111111111111111111000000000000011111111111111111111110000000000000000001111111111111111111111111111
000000000000000011111111111111111111111100110000011111111111111111111111110000000000000000001111111111111111111111111111
000000000000011111111111111111111100001111111111111111111111111111111111000000000000000000001111111111111111111111111111
000000000001111111111111111111111111111111111111111111111111111111111100011111000000000000001111111111111111111111111111
000000000111111111111111111111111111111111111111111111111111111111111100111111110000000000000011111111111111111111111111
000000111111111111111111111111111111111111111111111111111111111111111111111111111000000000000111111111111111111111111111
111111111111111111111111111111111111111111111111111111111111111111111111111111100000000111111111111111111111111111111111
111111111111111111111111111111111111111111111111111111111111111111111111111111110000001111111111111111111111111111111111
