111111111111111111111111111111111111111111111111111111111111111111111111111111111111111111111111111111111111111111111111
111111111111111111111111111111111111111111111111111111111111111111111111111111111111111111111111111111111111111111111111
111111111111111111111111111111111111111111111111111111111111111111111111111111111111111111111111111111111111111111111111
111111111111111111111111111111111111111111111111111111111111111111111111111111111111111111111111111111111111111111111111
111111111111111111111111111111111111111111111111111111111111111111111111111111111111111111111111111111111111111111111111
111111111111111111111111111111111111111111111111111111111111111111111111111111111111111111111111111111111111111111111111
111111111111111111111111111111111111111111111111111111111111111111111111111111111111111111111111111111111111111111111111
111111111111111111111111111111111111111111111111111111111111111111111111111111111111111111111111111111111111111111111111
111111111111111111111111111111111111111111111111111111111111111111111111111111111111111111111111111111111111111111111111
111111111111111111111111111111111111111111111100111111111111111111111111111111111111111111111111111111111111111111111111
111111111111111111111111111111111111111111111110111111111111111111111111111111111111111111111111111111111111111111111111
111111111111111111111111111111111111111111111110011111111111111111111111111111111111111111111111111111111111111111111111
111111111111111111111111111111111111111111111111011111111000111111111111111111111111111111111111111111111111111111111111
111111111111111111111111111111111111111111111111001111100000001111111111111111111111111111111111111111111111111111111111
111111111111111111111111111111111111111111111111000011000000000111111111111111111111111111111111111111111111111111111111
111111111111111111111111111111111111111111111111000000000000000111111111111111111111111111111111111111111111111111111111
111111111111111111111111111111111111111111111111000000000000000111111111111111111111111111111111111111111111111111111111
111111111111111111111111111111111111111111111111110111100000000011111111111111111111111111111111111111111111111111111111
111111111111111111111111111111111111111111111111110011100000000011111111111111111111111111111111111111111111111111111111
111111111111111111111111111111111111111111111111110000000000000011111111111111111111111111111111111111111111111111111111
111111111111111111111111111111111111111111111111111000000000000011111111111111111111111111111111111111111111111111111111
111111111111111111111111111111111111111111111111111001000000000111111111111111111111111111111111111111111111111111111111
111111111111111111111111111111111111111111111111111101100000000111111111111111111111111111111111111111111111111111111111
111111111111111111111111111111111111111111111111111101000000000011111111111111111111111111111111111111111111111111111111
111111111111111111111111111111111111111111111111111100000000000011111111111111111111111111111111111111111111111111111111
111111111111111111111111111111111111111111111111111100000000000001111111111111111111111111111111111111111111111111111111
111111111111111111111111111111111111111111111111111100000000000001111111111111111111111111111111111111111111111111111111
111111111111111111111111111111111111111111111111111100000000000001111111111111111111111111111111111111111111111111111111
111111111111111111111111111111111111111111111111111100000000000001111111111111111111111111111111111111111111111111111111
111111111111111111111111111111111111111111111111111000000000000001111111111111111111111111111111111111111111111111111111
111111111111111111111111111111111111111111111111111000000000000001111111111111111111111111111111111111111111111111111111
111111111111111111111111111111111111111111111111110000000000011111111111111111111111111111111111111111111111111111111111
111111111111111111111111111111111111111111111111111000000000111111111111111111111111111111111111111111111111111111111111
111111111111111111111111111111111111111111111111111110000001111111111111111111111111111111111111111111111111111111111111
111111111111111111111111111111111111111111111111111111111111111111111111111111111111111111111111111111111111111111111111
111111111111111111111111111111111111111111111111111111111111111111111111111111111111111111111111111111111111111111111111
111111111111111111111111111111111111111111111111111111111111111111111111111111111111111111111111111111111111111111111111
111111111111111111111111111111111111111111111111111111111111111111111111111111111111111111111111111111111111111111111111
111111111111111111111111111111111111111111111111111111111111111111111111111111111111111111111111111111111111111111111111
111111111111111111111111111111111111111111111111111111111111111111111111111111111111111111111111111111111111111111111111
