000000000000000000000000000000000000000000000000000000000000000000000000000000000000000000000000000000000000000000000000
000000000000000000000000000000000000000000000000000000000000000000000000000000000000000000000000000000000000000000000000
000000000000000000000000000000000000000000000000000000000000000000000000000000000000000000000000000000000000000000000000
000000000000000000000000000000000000000000000000000000000000000000000000000000000000000000000000000000000000000000000000
000000000000000000000000000000000000000000000000000000000000000000000000000000000000000000000000000000000000000000000000
000000000000000000000000000000000000000000000000000000000000000000000000000000000000000000000000000000000000000000000000
000000000000000000000000000000000000000000000000000000000000000000000000000000000000000000000000000000000000000000000000
000000000000000000000000000000000000000000000000000000000000000000000000000000000000000000000000000000000000000000000000
000000000000000000000000000000000000000000000000011101111000000111111111110000000000000000000000000000000000000000000000
000000000000000000000000000000000000000000000000001111111000111111111111111110000000000000000000000000000000000000000000
000000000000000000000000000000000000000000000000111111111111111111111111100011111000000000000000000000000000000000000000
000000000000000000000000000000000000000000000000001111111111111111111111000000000000000000000000000000000000000000000000
000000000000000000000000000000000000000000000000000001111111111111111111111100000000000000000000000000000000000000000000
000000000000000000000000000000000000000000000000000000000111111111111111111111111000000000000000000000000000000000000000
000000000000000000000000000000000000000000000000000000000000111111111111111111111100000000000000000000000000000000000000
000000000000000000000000000000000000000000000000000000001111011111111111111111111100000000000000000000000000000000000000
000000000000000000000000000000000000000000000000000000011111100011111111111111111111110000000000000000000000000000000000
000000000000000000000000000000000000000000000000000000011111100011111111111111111111111100000000000000000000000000000000
000000000000000000000000000000000000000000000000000000000001111111111111111111111111111000000000000000000000000000000000
000000000000000000000000000000000000000000000000000000000000111111111111111100000011110000000000000000000000000000000000
000000000000000000000000000000000000000000000000000000000000111111111111111110011111110000000000000000000000000000000000
000000000000000000000000000000000000000000000000000000000000011111111111111111111111111000000000000000000000000000000000
000000000000000000000000000000000000000000000000000000000000001110001111111111111111110000000000000000000000000000000000
000000000000000000000000000000000000000000000000000000000000111100000111111111111111111111111111111000000000000000000000
000000000000000000000000000000000000000000000000000000000001111000001111111111111111110011111110001100000000110000000000
000000000000111110000000000000000000000000000000000000000011100000111111111111111111111111111111111111111111111111111111
000000000000111111111111111111111111110000000000000000001111000111111111111111111111111111111111111111111111111111111111
000000000000001111111111111111111111111111111111111111111111111111111111111111111111111111111111111111111111111111111111
000000000000000000000011110111111111111111111111111111111111111111111111111111111111111111111111111111111111111111111111
000000000000000000000000000000000000111111111000000000000001111111111111111111111111111111111111111111111111111111111111
000000000000000000000000000000000000000000000000000000000001111111111111111111111111111111111111111111111111111111111111
000000000000000000000000000000000000000000000000000000000000000000000000000111111111101100000011111111111111111111111111
000000000000000000000000000000000000000000000000000000000000000000000000000111101111100000000000000000000011111111111111
000000000000000000000000000000000000000000000000000000000000000000000000000011000111100000000000000000000000000000111111
000000000000000000000000000000000000000000000000000000000000000000000000000000000001000000000000000000000000000000000000
000000000000000000000000000000000000000000000000000000000000000000000000000000000000000000000000000000000000000000000000
000000000000000000000000000000000000000000000000000000000000000000000000000000000000000000000000000000000000000000000000
000000000000000000000000000000000000000000000000000000000000000000000000000000000000000000000000000000000000000000000000
000000000000000000000000000000000000000000000000000000000000000000000000000000000000000000000000000000000000000000000000
000000000000000000000000000000000000000000000000000000000000000000000000000000000000000000000000000000000000000000000000
