000000000000000000000000000000000000000000000000000000000000000000000000000000000000000000000000000000000000000000000000
000000000000000000000000000000000000000000000000000000000000000000000000000000000000000000000000000000000000000000000000
000000000000000000000000000000000000000000000000000000000000000000000000000000000000000000000000000000000000000000000000
000000000000000000000000000000000000000000000000000000000000000000000000000000000000000000000000000000000000000000000000
000000000000000000000000000000000000000000000000000000000000000000000000000000000000000000000000000000000000000000000000
000000000000000000000000000000000000000000000000000000000000000000000000000000000000000000000000000000000000000000000000
000000000000000000000000000000000000000000000000000000000000000000000000000000000000000000000000000000000000000000000000
000000000000000000000000000000000000000000000000000000000000000000000000000000000000000000000000000000000000000000000000
000000000000000000000000000000000000000000000000000000000000000000000000000000000000000000000000000000000000000000000000
000000000000000000000000000000000000000000000000000000000000000000000000000000000000000000000000000000000000000000000000
000000000000000000000000000000000000000000000000000000000000000000000000000000000000000000000000000000000000000000000000
000000000000000000000000000000000000000000000000000000000000000000000000000000000000000000000000000000000000000000000000
000000000000000000000000000000000000000000000000000000000000000000000000000000000000000000000000000000000000000000000000
000000000000000000000000000000000000000000000000000000000000000000000000000000000000000000000000000000000000000000000000
000000000000000000000000000000000100000000000000000000000000000000000000000000000000000000000000000000000000000000000000
000000000000000000000000000000000111000000000000000000000000000000000000000000000000000000000000000000000000000000000000
000000000000000000000000000000000011100000000000000000000000000000000000000000000000000000000000000000000000000000000000
000000000000000000000000000000000011110000000000000000000000000000000000000000000000000000000000000000000000000000000000
000000000000000000000000000000000011111000000000000000000000000000000000000000000000000000000000000000000000000000000000
000000000000000000000000000000011111111100000000000000000000000000000000000000000000000000000000000000000000000000000000
000000000000000000000000000000011111111100000000000000000000000000000000000000000000000000000000000000000000000000000000
000000000000000000000000000000011111111100000000000000000000000000000000000000000000000000000000000000000000000000000000
000000000000000000000000000000011111111000000000000000000000000000100000000000000000000000000000000000000000000000000000
000000000000000000000000000011001111110000000000000000000000000001111110000000000000000000000000000000000000000000000000
000000000000000000000000000111000000000000000000000000000000000001111111111000000000000000000000000000000000000000000000
000000000000000000000000000111000000000000000000000000000100000001111111111111111000000000000000000000000000000000000000
000000000000000000000000000111100100000000000000000000000111000000111111111111111000000000000000000000000000000000000000
000000000000000000000000000011110011100000000000000000000111100000000011111111110000000000000000000000000000000000000000
000000000000000000000000000001111111111000000000000000000111110000000000000000000000000000000000000000000000000000000000
000000000000000000000000000000011111111111100000000000000111111100000000000000000000001110000001100000000000000000000000
000000000000000000000000000000001111111111111100000000000011111111100000000000000000111111111110000000000000000000000000
000000000000000000000000000000000001111111111111110000000011111111111111110000000111111111111000000000000000000000000000
000000000000000000000000000000000000000111111111111111000001111111111110000000111111111111111110000000000000000000000000
000000000000000000000000000000000000000011111111111111000001111111111111000001111111111111111111110000000000000000000000
000000000000000000000000000000000000000111111111111111100000111111111111111111111111111111111111111110000000000000000000
000000000000000000000000000000000000000011111111111111100000111111111111111111111111111111111111111111000000000000000000
000000000000000000000000000000000000000000111111111111111111111111111111111111111101111111111111000111000000000000000000
000000000000000000000000000000000000000000111111111111111111111011111111111111111000000111111001111110000000000000000000
000000000000000000000000000000000000000000111111111111111111111000000000111110000000000000011111110000000000000000000000
000000000000000000000000000000000000000000001111111111111111111000000000000000000000000000000000000000000000000000000000
