000000000000000000000000000000000000000000000000000000000000000111111111111111111111111111111111111111111111110000000000
000000000000000000000000000000000000000000000000000000000000000001111111111111111111111111111111111111111111111100000000
000001000000000000000000000000000000000000000000000000000000000000111111111111111111111111111111111111111111111111000000
001110000000000000000000000000000000000000000000000000000000000000011111111111111111111111111111111111111111111111110000
111000000000000000000000000000000000000000000000000000000000000000001111111111111111111111111111111111111111111111111000
110000000000000000000000000000000000000000000000000000000000000000000111111111111111111111111111111111111111111111111110
100000000000000000000000000000000000000000000000000000000000000000000111111111111111111111111111111111111111111111111111
000000000000000000000000000000000111111111100000000000000000000000000011111111111111111111111111111111111111111111111111
000000000000000000000000000000011111111111111000000000000000000000000011111111111111111111111111111111111111111111111111
000000000000000000000000000000111111111111111000000000000000000000000011111111111111111111111111111111111111111111111111
000000000000000000000000000000111111111111111000000000000000000000000011111111111111111111111111111111111111111111111111
000000000000000000000000000000111111111111111000000000000000000000000011111111111111111111111111111111111111111111111111
000000000000000000000000000000001111111111100000000000000000000000000111111111111111111111111111111111111111111111111111
000000000000000000000000000000000000111000000000000000000000000000000111111111111111111111111111111111111111111111111111
000000000000000000000000000000000000000000000000000000000000000000001111111111111111111111111111111111111111111111111111
000000000000000000000000000000000000000000000000000000000000000000011111111111111111111111111111111111111111111111111111
000000000000000000000000000000000000000000000000000000000000000000111111111111111111111111111111111111111111111111111111
000000000000000000000000000000000000000000000000000000000000000001111111111111111111111111111111111111111111111111111111
000000000000000000000000000000000000000000000000000000000000000111111111111111111111111111111111111111111111111111111111
000000000000000000000000000000000000000000000000000000000000011111111111111111111111111111111111111111111111111111111111
000000000000000000000000000000000000000000000000000000000001111111111111111111111111111111111111111111111111111111111111
000000000000000000000000000000000000000000000000000000000111111111111111111111111111111111111111111111111111111111111111
000000000000000000000000000000000000000000000000000000001111111111111111111111111111111111111111111111111111111111111111
000000000000000000000000000000000000000000000000000000011111111111111111111111111111111111111111111111111111111111111111
000000000000000000000000000000000000000000000000000000111111111111111111111111111111111111111111111111111111111111111111
000000000000000000000000000000000000000000000000000001111111111111111111111111111111111111111111111111111111111111111111
000000000000000000000000000000000000000000000000000011111111111111111111111111000000000111111111111111111111111111111111
000000000000000000000000000000000000000000000000000011111111111111111111111000000000000000111111111111111111111111111111
000000000000000000000000000000000000000000000000000111111111111111111111110000000000000000011111111111111111111111111111
000000000000000000000000000000000000000000000000000111111111111111111111100000000000000000011111111111111111111111111111
000000000000000000000000000000000000000000000000000111111111111111111111100000000000000000011111111111111111111111111111
000000000000000000000000000000000000000000000000000111111111111111111111110000000000000000111111111111111111111111111111
000000000000000000000000000000000000000000000000000111111111111111111111111100000000000001111111111111111111111111111111
100000000000000000000000000000000000000000000000000011111111111111111111111111100000011111111111111111111111111111111111
110000000000000000000000000000000000000000000000000011111111111111111111111111111111111111111111111111111111111111111100
111000000000000000000000000000000000000000000000000001111111111111111111111111111111111111111111111111111111111111111000
111110000000000000000000000000000000000000000000000000111111111111111111111111111111111111111111111111111111111111110011
111111000000000000000000000000000000000000000000000000011111111111111111111111111111111111111111111111111111111111001111
111111110000000000000000000000000000000000000000000000000111111111111111111111111111111111111111111111111111111110111111
111111111100000000000000000000000000000000000000000000000011111111111111111111111111111111111111111111111111111111111111
