000000000000000000000000000000000000000000000000000000000000000000000000000000000000000000000000000000000000000000000000
000000000000000000000000000000000000000000000000000000000000000000000000000000000000000000000000000000000000000000000000
000000000000000000000000000000000000000000000000000000000011000000000000000000000000000000000000000000000000000000000000
000000000000000000000000000000000000000000000000000000011111110000000000000000000000000000000000000000000000000000000000
000000000000000000000000000000000000000000000000000000111111111000000000000000000000000000000000000000000000000000000000
000000000000000000000000000000000000000000000000001111111111111100000000000000000000000000000000000000000000000000000000
000000000000000000000000000000000000000000000000001111111111111100000000000000000000000000000000000000000000000000000000
000000000000000000000000000000000000000000000001111111111111111111000000000000000000000000000000000000000000000000000000
000000000000000000000000000000000000000000000011111111111111111111110000000000000000000000000000000000000000000000000000
000000000000000000000000000000000000000000000111111111111111111111111000000000000000000000000000000000000000000000000000
000000000000000000000000000000000000000000000111111111111111111111111000000000000000000000000000000000000000000000000000
000000000000000000000000000000000000000000000011111111111111111111111100000000000000000000000000000000000000000000000000
000000000000000000000000000000000000000000000000001111111111111111111100000000000000000000000000000000000000000000000000
000000000000000000000000000000000000000000000000001111111111111111111100000000000000000000000000000000000000000000000000
000000000000000000000000000000000000000000000000000011111111111111111110000000000000000000000000000000000000000000000000
000000000000000000000000000000000000000000000000000000011111111111111110000000000000000000000000000000000000000000000000
000000000000000000000000000000000000000000000000000001111111111111111110000000000000000000000000000000000000000000000000
000000000000000000000000000000000000000000000000000011111111111111111111000000000000000000000000000000000000000000000000
000000000000000000000000000000000000000000000000000111111111111111111111100000000000000000000000000000000000000000000000
000000000000000000000000000000000000000000000000011111111111111111111111110000000000000000000000000000000000000000000000
000000000000000000000000000000000000000000000000111111111111111111111111110000000000000000000000000000000000000000000000
000000000000000000000000000000000000000000000000111111111111111111111111111000000000000000000000000000000000000000000000
000000000000000000000000000000000000000000000001111111111111111111111111111100000000000000000000000000000000000000000000
000000000000000000000000000001000101100000000011111111111111111111111111111100000000000000000000000000000000000000000000
000000000000000000000000001111111111111111111111111111111111111111111111111100000000000000000000000000000000000000000000
000000000000000000001111111111111111111111111111111111111111111111111111111000000000000000000000000000000000000000000000
000000000000000000000000000010000011111111111111100111111111111111111111111000000000000000000000000000000000000000000000
000000000000000000000000000000000000000000000000000111111111111111111111111000000000000000000000000000000000000000000000
000000000000000000000000000000000000000000000000000111111111111111111111111000000000000000000000000000000000000000000000
000000000000000000000000000000000000000000000000000111111111111111111111110000000000000000000000000000000000000000000000
000000000000000000000000000000000000000000000000000111111111111111111111100000000000000000000000000000000000000000000000
000000000000000000000000000000000000000000000000000111111111111111111111000000000000000000000000000000000000000000000000
000000000000000000000000000000000000000000000000000111111111111111111111000000000000000000000000000000000000000000000000
000000000000000000000000000000000000000000000000000111111111111111111111000000000000000000000000000000000000000000000000
000000000000000000000000000000000000000000000000000011111111111111111110000000000000000000000000000000000000000000000000
000000000000000000000000000000000000000000000000000111111111111111111100000000000000000000000000000000000000000000000000
000000000000000000000000000000000000000000000000000111111111111111111100000000000000000000000000000000000000000000000000
000000000000000000000000000000000000000000000000000111111111111111111100000000000000000000000000000000000000000000000000
000000000000000000000000000000000000000000000000001111111111111111111100000000000000000000000000000000000000000000000000
000000000000000000000000000000000000000000000000001111111111111111111100000000000000000000000000000000000000000000000000
