111111111111111111111111111111111111111111111111111111111111111111111111111111111111111111111111111000000000000000000000
111111111111111111111111111111111111111111111111111111111111111111111111111111111111111111111100000000000000000000000000
111111111111111111111111111111111111111111111111111111111111111111111111111111111111111111100000000000000000000000000000
111111111111111111111111111111111111111111111111111111111111111111111111111111111111111110000000000000000000000000000000
111111111111111111111111111111111111111111111111111111111111111111111111111111111111111100000000000000000000000000000000
111111111111111111111111111111111111111111111111111111111111111111111111111100011110000000000000000000000000000000000000
111111111111111111111111111111111111111111111111111111111111111111111111110000000000000000000000000000000000000000000000
111111111111111111111111111111111111111111111111111111111111111111111111110000000000000000000000000000000000000000000000
111111111111111111111111111111111111111111111111111111111111111111111111111000000000000000000000000000000000000000000000
111111111111111111111111111111111111111111111111111111111111111111111111111000000000000000000000000000000000000000000000
111111111111111111111111111111111111111111111111111111111111111111111111111111110000000000000000000000000000000000000000
111111111111111111111111111111111111111111111111111111111111111111111111111111111000000000000000000000000000000000000000
111111111111111111111111111111111111111111111111111111111111111111111111111111111100000000000000000000000000000000000000
111111111111111111111111111111111111111111111111111111111111111111111111111111111111100000000000000000000000000000000000
111111111111111111111111111111111111111111111111111111111111111111111111111111111110000000000000000000000000000000000000
111111111111111111111111111111111111111111111111111111111111111111111111111111111111000000000000000000000000000000000000
111111111111111111111111111111111111111111111111111111111111111111111111111111111111000000000000000000000000000000000000
111111111111111111111111111000000000011111111111111111111111111111111111111111111111100000000000000000000000000000000000
111111111111111111111000000000000000000000001111111111111111111111111111111111111111110000000000000000000000000000000000
111111111111111111111000000000000000000000000000111111111111111111111111111111111111111011000000000000000000000000000000
111111111111111111111100000000000000000000000000000011111111111111111111111111111111111111111111000000000000000000000000
111111111111111111111111000000000000000000000000000000111111111111111111111111111111111111111111000000000000000000000000
111111111111111111111111100000000000000000000000000000001111111111111111111111111111111111111110000000000000000000001000
111111111111111111111111110000000000000000000000000000000001111111111111111111111111010000000000000000000000000110011111
111111111111111111111111111111100000000000000000000000000000011111111111111111111110000000000000000000000000001111111111
111111111111111111111111111111111111111111111000000000000000000111111111111111000000000000000000000000000000000111111111
111111111111111111111111111111111111111111111110000000000000000001111111110000000000000000000000000000000000000011111110
111111111111111111111111111111111111111111111111100000000000000000000000000000000000000000000000000000000000000011111110
111111111111111111111111111111111111111111111111111000000000000000000000000000000000000000000000000000000000000011111100
111111111111111111111111111111111111111111111111111110000000000000000000000000000000000000000000000000000000000011111100
111111111111111111111111111111111111111111111111111111100000000000000000000000000000000000000000000000000000000000111000
111111111111111111111111111111111111111111111111111111111100000000000000000000000000000000000000000000000000000000000000
111111111111111111111111111111111111111111111111111111111111110000000000000011100000000000000000000000000000000000000000
111111111111111111111111111111111111111111111111111111111111111111111111111111100000000000000000000000000000000000000000
111111111111111111111111111111111111111111111111111111111111111111111111111111100000000000000000000000000000000000000000
111111111111111111111111111111111111111111111111111111111111111111111111111111100000000000000000000000000010000000000000
111111111111111111111111111111111111111111111111111111111111111111111111111111100000000000000000000000000111111111110000
111111111111111111111111111111111111111111111111111111111111111111111111111111100000000000000000000000000111111111111111
111111111111111111111111111111111111111111111111111111111111111111111111111111100000000000000000000000001111111111111111
111111111111111111111111111111111111111111111111111111111111111111111111111111100000000000000000000000001111111111111111
