000000000000000000000000000000000000000000000000000000000000111111111111111111111111110000000000000000000111111111111111
000000000000000000000000000000000000000000000000000000000011111111111111111111111111000000000000000000000111111111111111
000000000000000000000000000000000000000000000000000000011111111111111111111111111100000000000000000000000011111111111111
000000000000000000000000000000000000000000000000000001111111111111111111111111111000000000000000000000001111111111111111
000000000000000000000000000000000000000000000000000111111111111111111111111111100000000000000000000000111111111111111111
000000000000000000000000000000000000000000000000011111111111111111111111111111000000000000000000000011111111111111111111
000000000000000000000000000000000000000000000000001111111111111111111111111110000000000000000000001111111111111111111111
000000000000000000000000000000000000000000000000000011111111111111111111111100000000000000000000011111000001111111111111
000000000000000000000000000000000000000000000000000001111111111111111111111000000000000000000000111100000000011111111111
000000000000000000000000000000000000000000000000000011111111111111111111110000000000000000000000000000000000011111111111
000000000000000000000000000000000000000000000000001111111111111111111111100000000000000000000000000000000000011111111111
000000000000000000000000000000000000000000000000011111111111111111111110000000000000000000000000000000000000011111111110
000000000000000000000000000000000000000000000001111111111111100000111100000000000000000000000000000000000000111111111100
000000000000000000000000000000000000000000000011111111111111000000000000000000000000000000000000000000000000111111111100
000000000000000000000000000000000000000000001111111111111110000000000000000000000000000000000000000000000001111111110000
000000000000000000000000000000000000000000011111111111111100000000000000000000000000000000000000000000000011111111000000
000000000000000000000000000000000000000000011111111111111000000000000000000000000000000000000000000000111111111100000000
000000000000000000000000000000000000000000111111111111110000000000000000000000000000000000000000000011111111100000000000
000000000000000000000000000000000000000001111111111111100000000000000000000000000000000000000000001111111110000000000000
000000000000000000000000000000000000000001111111111111111000000000000000000000000000000000000000011111111100000000000000
000000000000000000000000000000000000000001111111111011111000000000000000000000000000000000000000000000000000000000000000
000000000000000000000000000000000000000001111111111100000000000000000000000000000000000000000000000000000000000000000000
000000000000000000000000000000000000000001111111111110000000000000000000000000000000000000000000000000000000000000000000
000000000000000000000000000000000000000001111111111110000000000000000000000000000000000000000000000000000000000000000000
000000000000000000000000000000000000000000110001110000000000000000111111111111111111000000000000000000000000000000000000
000000000000000000000000000000000000000011111111111111111111111111111111111111111111111111111111111111110000000000000000
000000000000000000000011111111111111111111111111111111111111111111111111111111111111111111111111111111111111111111111111
001111111111111111111111111111111111111111111111111111111111111111111111111111111111111111111111111111111111111111111111
111111111111111111111111111111111111111111111111111111111111111111111111111111111111111111111111111111111111111111111111
111111111111111111111111111111111111111111111111111111111111111111111111111111111111111111111111111111111111111111111111
000000000000000000111111111111111111111111111111111111111111111111111111111111111111111111111111111111111111111111111111
000000000000000000000000000000000000000111111111111111111111111111111111111111111111111111111111111111111111111111111111
000000000000000000000000000000000000000000000000000000000000000111111111111111111111111111111111111111000000000000000000
000000000000000000000000000000000000000000000000000000000000000000000000000000000000000000000000000000000000000000000000
000000000000000000000000000000000000000000000000000000000000000000000000000000000000000000000000000000000000000000000000
000000000000000000000000000000000000000000000000000000000000000000000000000000000000000000000000000000000000000000000000
000000000000000000000000000000000000000000000000000000000000000000000000000000000000000000000000000000000000000000000000
000000000000000000000000000000000000000000000000000000000000000000000000000000000000000000000000000000000000000000000000
000000000000000000000000000000000000000000000000000000000000000000000000000000000000000000000000000000000000000000000000
000000000000000000000000000000000000000000000000000000000000000000000000000000000000000000000000000000000000000000000000
