000000000000000000000000000000000000000000000000000000000000000000000000000000000000000000000000000000000000000000000000
000000000000000000000000000000000000000000000000000000000000000000000000000000000000000000000000000000000000000000000000
000000000000000000000000000000000000000000000000000000000000000000000000000000000000000000000000000000000000000000000000
000000000000000000000000000000000000000000000000000000000000000000000000000000000000000000000000000000000000000000000000
000000000000000000000000000000000000000000000000000000000000000000000000000000000000000000000000000000000000000000000000
000000000000000000000000000000000000000000000000011111111111111100000000000000000000000000000000000000000000000000000000
000000000000000000000000000000000000000000000001111111111111111110000000000000000000000000000000000000000000000000000000
000000000000000000000000000000000000000000000011111111111111111111111000000000000000000000000000000000000000000000000000
000000000000000000001000000000000000000000001111111111111111111111111000000000000000000000000000000000000000000000000000
000000000000000000000000000000000000000000011111111111111111111111111100000000000000000000000000000000000000000000000000
000000000000000000000000000000000000000000011111111111111111111111111100000000000000000000000000000000000000000000000000
000000000000000000000000000000000000000000111111111111111111111111111110000000000000100000000000000000000000000000000000
000000000000000000000000000000000000001111111111111111111111111111111011100000000001000100010000000000000000000000000000
000000000000000000000000000000011111111111111111111111111111111111111011000000000010000000000000000000000000000000000000
000000000000000000000000000001111111111111111111111111111111111111111111000000001000000000110100000000000000000000000000
000000000000000000000000011111111111111111111111111111111111111111111111110111110000000011100000000000000000000000000000
000000000000000000000000111111111111111111111111111111111111111111111111101100000000000011000000000000000000000000000000
000000000000000000000000111111111111111111111111111111111111111111111100110001000000001100000000000010000000000000000000
000000000000000000000000111111111111111111111111111111111111111111111111000001000101100000000000001100000000000001000000
000000000000000000000000111111111111111111111111111111111111111111111110000011100000000000000011100100000011011100000000
000000000000000000000000111111111111111111111111111111111111111111111110111100000000000000000100111100101111110000000000
000000000000000000000111111111111111111111111111111111111111111111111111100000000000111110010000001100111110000000000000
000000000000000000111111111111111111111111111111111111111111111111111111110000111000010100010011001111111010100000000000
000000000000000000111111111111111111111111111111111111111111111111111111111110010000000010001011111100000000000000000000
000000000000000011111111111111111111111111111111111111111111111111111111111100000000000111111111000000000000000000000000
000000000000000011111111111111111111111111111111111111111111111111111111111100000100111001100000000000000000000000000000
000000000000000011111111111111111111111111111111111111111111111111111111111110011110000110000000001110000000000000000000
000000000000111111111111111111111111111111111111111111111111111111111111111111000100111000000000011111100001111110000000
000000000001111111111111111111111111111111111111111111111111111111111111111110001111000000000000001111000000111110000000
000000000000111110111111111111111111111111111111111111111111111111111111111111110000000000000000000000000000011111000000
000000000001111100001111111111111111111111111111111111111111111111111001111111100000000000000000000000000000111111100000
000000000001111110000001111111111111111111111111111111111111111000001111111100110000000000000000000000000000011111111000
000000000111111110000000000000011111111111111111111111111111100000000011111000000000000000000000000000000000011111110000
000000011111111100000000000000000000000000000000000000000000000000000011111000000000000000000000000000000000111111111100
000000000111111000000000000000000000000000000000000000000000000000000111111000000000000000000000000000000000111111100001
000000000111111000000000000000000000000000000000000000000000000000001111111100000000000000000000000000000001111111110000
000000000111110000000000000000000000000000000000000000000000000000001111111100000000000000000000000000000000011111111000
000000000111110000000000000000000000000000000000000000000000000000001111111100000000000000000000000000000000001111100000
000000001111111100000000000000000000000000000000000000000000000000011111111100000000000000000000000000000000000111100000
000000001111111100000000000000000000000000000000000000000000000000011111111100000000000000000000000000000000000111110000
