000000000000000000000000000000000000000000000000000000000000000000000000000000000000000000000000000000000000000000000000
000000000000000000000000000000000000000000000000000000000000000000000000000000000000000000000000000000000000000000000000
000000000000000000000000000000000000000000000000000000000000000000000000000000000000000000000000000000000000000000000000
000000000000000000000000000000000000000000000000000000000000000000000000000000000000000000000000000000000000000000000000
000000000000000000000000000000000000000000000000000000000000000000000000000000000000000000000000000000000000000000000000
000000000000000000000000000000000000000000000000000000000000000000000000000000000000000000000000000000000000000000000000
000000000000000000000000000000000000000000000000000000000000000000000000000000000000000000000000000000000000000000000000
000000000000000000000000000000000000000000000000000000000000000000000000000000000000000000000000000000000000000000000000
000000000000000000000000000000000000000000000000000000000000000000000000000000000000000000000000000000000000000000000000
000000000000000000000000000000000000000000000000000000000000000000000000000001111000000000000000000000000000000000000000
000000000000000000000000000000000000000000000000000000000000000000000000000011111000000000000000000000000000000000000000
000000000000000000000000000000000000000000000000000000000000000000000000011111111100000000000000000000000000000000000000
000000000000000000000000000000000000000000000000000000000000000000000001111111111111111000000000000000000000000000000000
000000000000000000000000000000000000000000000000000000000000000000000000000111111111110000000000000000000000000000000000
000000000000000000000000000000000000000000000000000000000000000000000000000111111111000000000000000000000000000000000000
000000000000000000000000000000000000000000000000000000000000000000000000001111111110000000000000000000000000000000000000
000000000000000000000000000000000000000000000000000000000000000000000000000111111111111000000000000000000000000000000000
000000000000000000000000000000000000000000000000000000000000000000000000000011111111111000100000000000000000000000000000
000000000000000000000000000000000000000000000000000000000000000000000000000011111111111111111110000000000000000000000000
000000000000000000000000000000000000000000000000000000000000000000000000000111111111111111111111100000000000000000000000
000000000000000000000000000000000000000000000000000000000000000000000000011111111111111111111111100000000000000000000000
000000000000000000000000000000000000000000000000000000000000000000000011111111111111111111111111100000000000000000000000
000000000000000000000000000000000000000000000000000000000000000000000000000111110011111111111111110000000000000000000000
000000000000000000000000000000000000000000000000000000000000000000000000000001100001111011111100000000000000000000000000
000000000001100000000000000000000000000000000000000000000000000000000000000000000000110000000000000000000000000000000000
000000000111110000000000000000000000000000000000000000000000000000000000000000000000000000000000000000000000000000000000
000000000111110000000000000000000000000000000000000000000000000000000000000000000000000000000000000000000000000000000000
000000111111111111000000000000000000000000000000000000000000000000000000000000000000000000000000000000000000000000000000
000001111111111111001100000000000000000000001111000000000000000000000000000000000000000000000000000000000000000000000000
000001111111111111011111000000000000000000001111100000000000000000000000000000000000000000000000000000000000000000000000
000001111111111111011111000000000000000000001111100000000000000000000000000000000000000000000000000000000000000000000000
000001111111111111111111111111111111111000001111000000000000000000000000000000000000000000000000000000000000000000000000
111111111111111111111111111111111111111111101111000000000000000000000000000000000000000000000000000000000000000000000000
111111111111111111111111111111111111111111111111000000000000000000000000000000000000000000000000000000000000000000000000
111111111111111111111111111111111111111111111111000000000000000000000000000000000000000000000000000000000000000000000000
111111111111111111111111111111111111111111111111000000000000000000000000000000000000000000000000000000000000000000000000
111111111111111111111111111111111111111111111111000000000000000000000000000000000000000000000000000000000000000000000000
111111111111111111111111111111111111111111111111000000000000000000000000000000000000000000000000000000000000000000000000
111111111111111111111111111111111111111111111111000000000000000000000000000000000000000000000000000000000000000000000000
111111111111111111111111111111111111111111111111000000000000000000000000000000000000000000000000000000000000000000000000
