000000000000000000000000000000000000000000000000000000000000000000000000000000000000000000000000000000000000000000000000
000000000000000000000000000000000000000000000000000000000000000000000000000000000000000000000000000000000000000000000000
000000000000000000000000000000000000000000000000000000000000000000000000000000000000000000000000000000000000000000000000
000000000000000000000000000000000000000000000000000000000000000000000000000000000000000000000000000000000000000000000000
000000000000000000000000000000000000000000000000000000000001111000000000000000000000000000000000000000000000000000000000
000000111000000000000000000000000000000000000000000000011111111111111000000000000000000000000000000000000000000000000000
000000111111111000000000000000000000000000000000000011111111111111111111000000000000000000000000000000000000000000000000
000000011111111111110000000000000000000000000000001111111111111111111111100000000000000000000000000000000000000000000000
000000111111111111111110000000000000000000000000111111111111111111111111110000000000000000000000000000000000000000000000
000001111111111111100011111110000000000000000011111111111111111111111111111000000000000000000000000000000000000000000000
000011111111111111000000000011111110000000000000111111111111111111111111111000000000000000000000000000000000000000000000
000111111111111110000000000000000011111110000000011111111111111111111111100000000000000000000000000000000000000000000000
000111111111111100000000000000000000000011111110111111111111111111111100000000000000000000000000000000000000000000000000
001111111111111000000000000000000000000000000011111111111111111111110000000000000000000000000000000000000000000000000000
001111111111110000000000000000000000000000000000011111111111111111000000000000000000000000000000000000000000000000000000
011111111111110000000000000000000000000000000000000000101111111111111100000000000000000000000000000000000000000000000000
011111111111100000000000000000000000000000000000000000001111111111111111111100000000000000000000000000000000000000000000
011111111111100000000000000000000000000000000000000000001111111111111111001111111111000000000000000000000000000000000000
011111111111000000000000000000000000000000000000000000011111111111111111100000000011111111111111000000000000000000000000
011111111111000000000000000000000000000000000000000000111111111111111111100000000000000001111111111111000000000000000000
011111111111000000000000000000000000000000000000000000111111111111111111111000000000000001111111110111111111111100000000
011111111111000000000000000000000000000000000000000011111111111111111111111000000000111111111111000000000001111111111111
011111111111000000000000000000000000000000000000000111111111111111111111111111111111111111111000000000000000000000111111
011111111110000000000000000000000000000000000000000111111011111111111111111111111111111110000000000000000000000000000000
011111111111000000000000000000000000000000000000000011111111111111111111111111111100000000000000000000000000000000000000
011111111111000000000000000000000000000000000000000000111111111111111111100000000000000000000000000000000000000000000000
001111111111000000000000000000000000000000000000000000000111111111111111000000000000000000000000000000000000000000000000
000111111111100000000000000000000000000000000000000000000011111111111111100000000000000000000000000000000000000000000000
000111111111100000000000000000000000000000000000000000000111111111111111110000000000000000000000000000000000000000000000
000011111111110000000000000000000000000000000000000000001111111111111111110000000000000000000000000000000000000000000000
000001111111111000000000000000000000000000000000000000111111111111111111111100000000000000000000000000000000000000000000
000000111111111000000000000000000000000000000000000011111111111111111111111110000000000000000000000000000000000000000000
000000011111111100000000000000000000000000000000011111111111111111111111111111100000000000000000000000000000000000000000
000000011111111100000000000000000000000000000001111111111111111111111111111111110000000000000000000000000000000000000000
000000001111111100000000000000000000000000001111111111111111111111111111111111111000000000000000000000000000000000000000
000000001111111000000000000000000000000001111111111111111111111111111111111111100000000000000000000000000000000000000000
000000011111110000000000000000000000000111111111111111111111111111111111111111100000000000000000000000000000000000000000
000000011111100000000000000000000000111111111111111111111111111111111111111111110000000000000000000000000000000000000000
000000011111100000000000000000000111111111111111111111111111111111111111111111110000000000000000000000000000000000000000
000000001111100000000000000000011111111111111111111111111111111111111111111111111000000000000000000000000000000000000000
