000000000000000000000000000000000000000000000111111111111111111111111111111111111111111111111111111111111111111111111111
000000000000000000000000000000000000000000000111111111111111111111111111111111111111111111111111111111111111111111111111
000000000000000000000000000000000000000000000111111111111111111111111111111111111111111111111111111111111111111111111111
000000000000000000000000000000000000000000000111111111111111111111111111111111111111111111111111111111111111111111111111
000000001110000000000000000000000000000000001111111111111111111111111111111111111111111111111111111111111111111111111111
000011111111111111100000000000000000000000011111111111111111111111111111111111111111111111111111111111111111111111111111
000011111111111111110000000000000000000000011111111111111111111111111111111111111111111111111111111111111111111111111111
000011111111111111111000000000000000000000011111111111111111111111111111111111111111111111111111111111111111111111111111
000000001111111111111100000000000000000000011111111111111111111111111111111111111111111111111111111111111111111111111111
000000001111111111111100000000000000000000011111111111111111111111111111111111111111111111111111111111111111111111111111
000000001111111111111110000000000000000000011111111111111111111111111111111111111111111111111111111111111111111111111111
000000000111111111111111110000000000000000011111111111111111111111111111111111111111111111111111111111111111111111111111
000000000111111111111111111100000000000000011111111111111111111111111111111111111111111111111111111111111111111111111111
000000001111111111111111111111100000000000011111111111111111111111111111111111111111111111111111111111111111111111111111
000000111111111111111111111111111000000000001111111111111111111111111111111111111111111111111111111111111111111111111111
000011111111111111111111111111111000000000001111111111111111111111111111111111111111111111111111111111111111111111111111
001111111111111111111111111111110000000000000111111111111111111111111111111111111111111111111111111111111111111111111111
111111111111111111111111111111110000000000000111111111111111111111111111111111111111111111111111111111111111111111111111
111111111111111110011101111111110000000000000111111111111111111111111111111111111111111111111111111111111111111111111111
111111111111111100011101111111111000000000000111111111111111111111111111111111111111111111111111111111111111111111111111
111111111111111100011111111111111000000000000111111111111111111111111111111111111111111111111111111111111111111111111111
111100111111111000111111111111111100000000000011111111111111111111111111111111111111111111111111111111111111111111111111
100001101111110000011111111111111100000000000011111111111111111111111111111111111111111111111111111111111111111111111111
000000001111110000111111111111111110000000000011111111111111111111111111111111111111111111111111111111111111111111111111
000000001110000001111111111111111111000000000011111111111111111111111111111111111111111111111111111111111111111111111111
000000001100000011111111111111111111000000000011111111111111111111111111111111111111111111111111111111111111111111111111
000000000000000111111111111111111111100000000011111111111111111111111111111111111111111111111111111111111111111111111111
000000000000001111111111111111111111110000000011111111111111111111111111111111111111111111111111111111111111111111111111
000000000000011111111111111111111111110000000011111111111111111111111111111111111111111111111111111111111111111111111111
000000000000111111111111111111111111111000000011111111111111111111111111111111111111111111111111111111111111111111111111
000000000011111111111111111111111111111100000001111111111111111111111111111111111111111111111111111111111111111111111111
000000000111111111111111111111111111111100000001111111111111111111111111111111111111111111111111111111111111111111111111
000000001111111111111111111111111111111110000000001001111111111111111111111111111111111111111111111111111111111111111111
000000011111111111111111111111111111111110000000000011111111111111111111111111111111111111111111111111111111111111111111
000000011111111111111111111111111111111110000000000001111111111111111111111111111111111111111111111111111111111111111111
000000011111111111111111111111111111111110000000000001111111111111111111111111111111111111111111111111111111111111111111
000000000000001111111111111111111111100000000000000001111111111111111111111111111111111111111111111111111111111111111111
000000000000000000011111011110000000000000000000000000111111111111111111111111111111111111111111111111111111111111111111
000000000000000000011110001110000000000000000000000000111111111111111111111111111111111111111111111111111111111111111111
000000000000000000011100001110000000000000000000000000111111111111111111111111111111111111111111111111111111111111111111
