111111111111111111111111111111111111111111111111111111111111111111111111111111111111111111111111111111111111111111111111
111111111111111111111111111111111111111111111111111111111111111111111111111111111111111111111111111111111111111111111111
111111111111111111111111111111111111111111111111111111110111111111111111111111111111111111111111111111111111111111111111
111111111111111111111111111111111111111111111111111111000000111111111111111111111111111111111111111111111111111111111111
111111111111111111111111111111111111111111111111111111000000000111111111111111111111111111111111111111111111111111111111
111111111111111111111111111111111111111111111111111111000001001111111111111111111111111111111111111111111111111111111111
111111111111111111111111111111111111111111111111111000000000011111111111111111111111111111111111111111111111111111111111
111111111111111111111111111111111111111111111111000000000000000111111111111111111111111111111111111111111111000000111111
111111111111111111111111111111111111111111100000000000000000000000111111111111111111111111111111111111111100000000011111
111111111111111111111111111111111111111111111000000000000000000000001111111111111111111111111111111111111000000000011111
111111111111111111111111111111111111111111111100000000000000000000011111111111111111111111111111111111111000000000000000
111111111111111111111111111111111111111111111100000000000000000000011111111111111111111111111111111111111100000110000000
111111111111111111111111111111111111111111111000000000000000000000001111111111111111111111111111111111111111111110000000
111111111111111111111111111111111111111111111000000000000000000000000111111111111111111111111111111111111111111100000000
111111111111111111111111111111111111111111111110000000000000000000000111111111111111111111111111111111111111111000000000
111111111111111111111111111111111111111111111111100000000000000000000111111111111111111111111111111111111111110000001110
111111111111111111111111111111111111111111111111100000000000000000000111111111111111111111111111111111111111100000011110
111111111111111111111111111111111111111111111111111110000000000000001111111111111111111111111111111111111111000000000000
111111111111111111111111111111111111111111111111111100000000000111111111111111111111111111111111111111111100000000000000
111111111111111111111111111111111111111111111110000000000000000000011111111111111111111111111111111111111100000000000000
111111111111111111111111111111111111111111111100000000000000000000011111111111111111111111111111111111111111111111000000
111111111111111111111111111111111111111111111100000000000000000000011111111111111111111111111111111111111111111111110000
111111111111111111111111111111111111111111111000000000000000000000011111111111111111111111111111111111111111111111110000
111111111111111111111111111111111111111111100000000000000000000000011111111111111111111111111111111111111111111111110000
111111111111111111111111111111111111111111100000000000000000000000011111111111111111111111111111111111111111111111110000
111111111111111111111111111111111111111111000000000000000000000000011111111111111111111111111111111111111111111111110000
111111111111111111111111111111111111111110000000000000000000000000011111111111111111111111111111111111111111111111110000
111111111111111111111111111111111111110000000000000000000000000000011111111111111111111111111111111111111111111111111000
111111111111111111111111111111111100000000000000000000000000000000011111111111111111111111111111111111111111111111110000
000000000001111111111111111111000000000000010000000000000000000000011111111111111111111111111111111111111111111111100000
000000000000000011000000000000000000000111110000000000000000000000111111111111111111111111111111111111111111111111000000
000000000000000000000000000000000000000000000000000000000000011111111111111111111111111111111111111111111111111110000000
000000000000000000000000000000000000000000000000000000000000011111111111111111111111111111111111111111111111111100000000
000000000000000000000000000000000000000000000000000000000000000111111111111111111111111111111111111111111111111000000000
000000000000000000000000000000000000000000000000000000000000000000000000100000000000000000000111111111111111110000000000
110000000000000000000000000000000000000000000000000000000000000000000000000000000000000000000011111111111111000000000000
111111111000000000000000000000000000000000000000000000000000000000000000000000000000000000000011111111111110000000000000
111111111111111100000000000000000000000000000000000000000000000000000000000000000000000000000111111111111100000000000000
111111111111111111111100000000000000000000000000000000000000000000000000000000000000000000000111111111110000000000000000
111111111111111111111111111110000000000000000000000000000000000000000000000000000000000000011111111111100000000000000000
