111111111111111111111111111111111111100000000000000000000000011111111111111111111111111111111111111111111111111111111111
111111111111111111111111111111111111000000000000000000000000011111111111111111111111111111111111111111111111111111111111
111111111111111111111111111111111111100000000000000000000000011111111111111111111111111111111111111111111111111111111111
111111111111111111111111111111111111100000000000000000000000011111111111111111111111111111111111111111111111111111111111
111111111111111111111111111111111111110000000000000000000000011111111111111111111111111111111111111111111111111111111111
111111111111111111111111111111111111111100000000000000000000000111111111111111111111111111111111111111111111111111111111
111111111111111111111111111111111111111111000000000000000000000001111111111111111111111111111111111111111111111111111111
111111111111111111111111111111111111111100110000000000000000000000111111111111111111111111111111111111111111111111111111
111111111111111111111111111111111111110000000000000000000000000000011111111111111111111111111111111111111111111111111111
111111111111111111111111111111111111000000000000000000000000000000111111111111111111111111111111000111111111111111111111
111111111111111111111111111111111111100000000000000000000000000001111111111111111111111111100000000111111111111111111111
111111111111111111111111111111111111110000000111100000000000000011111111111111111111111110000001111111111111111111111111
111111111111111111111111111111111111110000000111111100000000000111111111111111111111000000000111111111111111111111111111
111111111111111111111111111111111111110000000011111111111111000111100000000000011100000000001111111111111111111111111111
111111111111111111111111111111111111111000000011111111111111111110000000000000000000000000111111111111111111111111111111
111111111111111111111111111111111111111000000011111111111111111000000000000000000000000001111111111111111111111111111111
111111111111111111111111111111111111111100000001111111111111111000000000000000000000000110000000000011111111111111111111
111111111111111111111111111111111111111000000001111111111111000000000000000000000000000000000000000000111111111111111111
111111111111111111111111111111111111111000000001111111111110000000000000000000000000000000000000000001111111111111111111
111111111111111111111111111111111111111000000000001111111100000000000000000000000000000000001111111111111111111111111111
111111111111111111111111111111111111111100100000000000111110000000000000000000000000000000001111111111111111111111111111
111111111111111111111111111111111111111000111000000000000111000000000000000000000000000000001111111111111111111111111111
111111111111111111111111111111111111111011011111000000000000000000000000000000000000000000000111111111111111111111111111
111111111111111111111111111111111111111000111111111000000000000000000000000000000000000000001111111111111111111111111111
111111111111111111111111111111111111111100111111111111000000000000000000000000000000000000011111111111111111111111111111
111111111111111111111111111111111111111000011111111111100000000000000000000000000000000000111111111111111111111111111111
111111111111111111111111111111111111111011011111111110000000000000000000000000000000000011111111111111111111111111111111
111111111111111111111111111111111111111100011111111000000000000000000000000000000000011111111111111111111111111111111111
111111111111111111111111111111111111111110011111100000000000000000000000000000000011111111111111111111111111111111111111
111111111111111111111111111111111111111100001110000000000000000000000000000000000011111111111111111111111111111111111111
111111111111111111111111111111111111111101101000000000000000000000000000000000000011111111111111111111111111111111111111
111111111111111111111111111111111111111110000000000000000000000000000000000000000011111111111111111111111111111111111111
111111111111111111111111111111111111111110000000000000000000000000000000000000000011111111111111111111111111111111111111
111111111111111111111111111111111111111110000000000000000000000000000000000000000011111111111111111111111111111111111111
111111111111111111111111111111111111111110000000000100000000000000000000000000000011111111111111111111111111111111111111
111111111111111111111111111111111111111110000000001100000000000000000000000000000011111111111111111111111111111111111111
111111111111111111111111111111111111111100000000111100000000000000000000000000000011111111111111111111111111111111111111
111111111111111111111111111111111111110000000111111110000000000000000000000000000011111111111111111111111111111111111111
111111111111111111111111111111111111000000001111111110000000000000000000000000000011111111111111111111111111111111111111
111111111111111111111111111111111110000000000111111110000000000000000000000000000011111111111111111111111111111111111111
