111111111111111111111111111111111111111111111111111111111111111111111111111111111111111111111111111111111111111111111111
111111111111111111111111111111111111111111111111111111111111111111111111111111111111111111111111111111111111111111111111
111111111111111111111111111111111111111111111111111111111111111111111111111111111111111111111111111111111111111111111111
111111111111111111111111111111111111111111111111111111111111111111111111111111111111111111111111111111111111111111111111
111111111111111111111111111111111111111111111111111111111111111111111111111111111111111111111111111111111111111111111111
111111111111111111111111111111111111111111111111111111111111111111111111111111111111111111111111111111111111111111111111
111111111111111111111111111111111111111111111111110000000000000000001111111111011111111111111111111111111111111111111111
111111111111111111111111111111111111111111111111000000000000000000000001111000011111111111111111111111111111111111111111
111111111111111111111111111111111111111111111110000000000000000000000000000000011111111111111111111111111111111111111111
111111111111111111111111111111111111111111111100000000000000000000000000000000001111111111111111111111111111111111111111
111111111111111111111111111111111111111111111100000000000000000000000000000000000011111111111111111111111111111111111111
111111111111111111111111111111111111111111111100000000000000000000000000000000111111111111111111111111111111111111111111
111111111111111111111111111111111111111111100000000000000000000000000000000000111111111111111111111111111111111111111111
111111111111111111111111111111111111111111000000000000000000000000000000001100111111111111111111111111111111111111111111
111111111111111111111111111111111111111111100000000000000000000000000000000111111111111111111111111111111111111111111111
111111111111111111111111111111111111111111111110000000000000000000000000010111111111111111111111111111111111111111111111
111111111111111111111111111111111111111111111100000000000000000000000001111111111111111111111111111111111111111111111111
111111111111111111111111111111111111111111111000000000000000000000000000111111111111111111111111111111111111111111111111
111111111111111111111111111111111111111111111111100000000000000000000001111111111111111111111111111111111111111111111111
111111111111111111111111111111111111111111111111111010000000000100001111111111111111111111111111111111111111111111111111
111111111001111111111111111111111111111111111111111111000000000111111111111111111111111111111111111111111111111111111111
111111100000001111111111111111111111111111111000000000000000000000000011111111111111111111111111111111111111111111111111
111111000000000000011111111111111111111111100000000000000000000000000000011111111111111111111111111001111111111111111111
111100000000000000000011111111111111111111000000000000000000000000000000000111111111111111111110000000111111111111111111
110000000000000000000000001111111111111111000000000000000000000000000000000011111111111111000000000000001111111111111111
000000000000000000000000000000000000000000000000000000000000000000000000000001111111111000000000000000000111111111111111
000000000000000000000000000000000000000000000000000000000000000000000000000000000000000000000000000000000001111111111111
000000000000000000000000000000000000000111100000000000000000000000000000000000000000000000000000000000000000001111111111
000001111001111100000000000000000001111111110000000000000000000000000000000000000000000000000000000000000000000011111111
000011111111111110011111111100011111111111111000000000000000000000000000000000000000000000000000000000000000000000011111
001111111111111111111111111111111111111111111000000000000000000000001000000011100011111111001111111011110000000000000111
111111111111111111111111111111111111111111111000000000000000000000001000000011111111111111111111111111111000000000000000
111111111111111111111111111111111111111111111100000000000000000000001100000011111111111111111111111111111111111111111111
111111111111111111111111111111111111111111111110000000000000000000001110001111111111111111111111111111111111111111111111
111111111111111111111111111111111111111111111100000000000000000000011111111111111111111111111111111111111111111111111111
111111111111111111111111111111111111111111110000000000000000000000001111111111111111111111111111111111111111111111111111
111111111111111111111111111111111111111111110000000000000000000000000111111111111111111111111111111111111111111111111111
111111111111111111111111111111111111111111110000000000000000000000000111111111111111111111111111111111111111111111111111
111111111111111111111111111111111111111111110000000000000000000000001111111111111111111111111111111111111111111111111111
111111111111111111111111111111111111111111000000000000000000000000000111111111111111111111111111111111111111111111111111
