111111111111111111111111111111111111111111111111110000000000000000000000000111111111111111111111111111111111111111111111
111111111111111111111111111111111111111111111111100000000000000000000000000000111111111111111111111111111111111111111111
111111111111111111111111111111111111111111111111000000000000000000000000000000011111111111111111111111111111111111111111
111111111111111111111111111111111111111111111110000000000000000000000000000000001111111111111111111111111111111111111111
111111111111111111111111111111111111111111111110000000000000000000000000000000001000000001111111111111111111111111111111
111111111111111111111111111111111111111111110000000000000000000000000000000000000000000000111111111111111111111111111111
111111111111111111111111111111111111111110000000000000000000000000000000000000000000000000111111111111111111111111111111
111111111111111111111111111111111111111110000000000000000000000000000000000000000000000000111111111111111111111111111111
111111111111111111111111111111111111111111100000000000000000000000000000000000000000000001111111111111111111111111111111
111111111111111111111111111111111111111111111100000000000000000000000000000000000000000011111111111111111111111111111111
111111111111111111111111111111111111111111111000000000000000000000000000000000110000000011111111111111111111111111111111
111111111111111111111111111111111111111111111100000000000000000000000000000001110000000011111111111111111111111111111111
111111111111111111111111111111111111111111111110000000000000000000000000000011100000000011111111111111111100001111111111
111111111000000111111111111111111111111111111111100000000000000000000000000111100000000011111111111110000000000000111111
111110000011000000001111111111111111111111111111110000000000000000000000010111100000000011111111100000000111111100000011
100000001111111000000000111111111111111111111111111110100000000000010001111111100000000001111100001110000111111100000000
000000000111110000011110000011111111111111111111111111100000000011111111111110000000000000000001111100000011111000000111
111000000011100000001111100000000000000000001111111000000000000000001111111000000000000011100001111000000001110000000111
111000000011100000001111000001111111100010000110000000000000000000000000110000100000000111000000111100000011111000000111
111100000011110000001110000000111110000001100000000000000000000000000000000011000000011110000000011100000011111000000111
111100000111111000011110000000111110000000000000000000000000000000000000000000000000011111000000111110000111111100001111
111110000111111100011111000000111110000000000000000000000000000000000000000000000000111111000000111110001111111110001111
111111001111111100011111000001111111000000000000000000000000000000000000000000000001111111100001111111001111111111001111
111111011111111110111111100001111111100000000000000000000000000000000000000000000001111111100001111111111111111111111111
111111111111111111111111110011111111100000000000000000000000000000000000000000000011111111110011111111111111111111111111
111111111111111111111111111011111111110000000000000000000000000000000000000000000111111111110111111111111111111111111111
111111111111111111111111111111111111111000000000000000000000000000000000000000001111111111111111111111111111111111111111
111111111111111111111111111111111111111000000000000000000000000000000000000000001111111111111111111111111111111111111111
111111111111111111111111111111111111110000000000000000000000000000000000000000000111111111111111111111111111111111111111
111111111111111111111111111111111111100000000100000000000000000000000000000000000011111111111111111111111111111111111111
111111111111111111111111111111111111100000000100000000000000000000000000000000000011111111111111111111111111111111111111
111111111111111111111111111111111111000000001100000000000000000000000000011000000011111111111111111111111111111111111111
111111111111111111111111111111111000000000011100000000000000000000000000011100000000001111111111111111111001111111111111
110111111111000011111111111111000000000000111100000000000000000000000000011110000000000000111111111111100011111111110011
100111111111110000111111110000000000000001111100000000000000000000000000001111000000000000000111111110000011111111100001
000000000000000000000110000000000000001111111100000000000000000000000000001111111000000000000000011000000000000000000000
100000000000000000000000000000000001111111111100000000000000000000000000001111111111000000000000000000000000000000000011
110000000000000000000000000000011111111111111000000000000000000000000000000111111111111110000000000000000000000000000011
111111100001000000000000000111111111111111110000000000000000000000000000000011111111111111111000000000000000000000111111
111111111111111111111111111111111111111111100000000000000000000000000000000001111111111111111111110011111111111111111111
