000000000000000000000000000000000000000000011111111111111111111111111111111111111111111111111111111111111111111111111111
000000000000000000000000000000000000000000011111111111111111111111111111111111111111111111111111111111111111111111111111
000000000000000000000000000000000000000000011111111111111111111111111111111111111111111111111111111111111111111111111111
000000000000000000000000000000000000000000011111111111111111111111111111111111111111111111111111111111111111111111111111
000000000000000000000000000000000000000000011111111111111111111111111111111111111111111111111111111111111111111111111111
000000000000000000000000000000000000000000011111111111111111111111111111111111111111111111111111111111111111111111111111
000000000000000000000000000000000000000011101111111111111111111111111111111111111111111111111111111111111111111111111111
000000000000001000000000000000000000001111100000000001111111111111111111111111111111111111111111111111111111111111111111
000000000000001000000000000000000000011111100000000001111111111111111111111111111111111111111111111111111111111111111111
000000000000011000000000000000000001111111100000000000111111111111111111111111111111111111111111111111111111111111111111
111000000000011000000000000000000111111111100000000000111111111111111111111111111111111111111111111111111111111111111111
001100000000010000000000000000000111111111100000000000011111111111111111111111111111111111111111111111111111111111111111
000011000000011000000000000000000011111111100000000000010111111111111111111111111111111111111111111111111111111111111111
000000111000001000000001100000000111111111100000000000000111111111111111111111111111111111111111111111111111111111111111
000000000011100110000011110000000010111111100000000000000011111111111111111111111111111111111111111111111111111111111111
001111111111111111111111111111111111111111100000011110000000111111111111111111111111111111111111111111111111111111111111
111111111111111111111111111111111111111111100000000001100000111111111111111111111111111111111111111111111111111111111111
111111111111111111111111111111111111111111100000000000000000001111111111111111111111111111111111111111111111111111111111
111111000000000000000000111111111111111111100000000000000000011111111111111111111111111111111111111111111111111111111111
000000000000000000000000000001111111111111100000000000000000011111111111111111111111111111111111111111111111111111111111
000000000000000000000000000001111111111111100000000000000000011111111111111111111111111111111111111111111111111111111111
000000000000000000000000000001111111111111111100000000000000011111111111111111111111111111111111111111111111111111111111
000000000000000000000000000011111111111111111111111100000000011111111111111111111111111111111111111111111111111111111111
000000000000000000000000000011111111111111011111111100000000011111111111111111111111111111111111111111111111111111111111
000000000000000000000000000011111111111111011111111100011000001111111111111111111111111111111111111111111111111111111111
000000000000000000000000000111111111111111111111111100011100000011111111111111111111111111111111111111111111111111111111
000000000000000000000000000111111111111111101111111000011111100000111111111111111111111111111111111111111111111111111111
000000000000000000000000001111111111111111100011111111111111110010001111111111111111111111111111111111111111111111111111
000000000000000000000000001111111111111111100001111111111111110011111111111111111111111111111111111111111111111111111111
000000000000000000000000011111111111111111100000011111111111111111111111111111111111111111111111111111111111111111111111
000000000000000000000000011111111111111111100000001111111111111111111111111111111111111111111111111111111111111111111111
000000000000000000000000011111111111111111100000000001111111111111111111111111111111111111111111111111111111111111111111
000000000000000000000000011111111111111111100000000000011111111111111111111111111111111111111111111111111111111111111111
000000000000000000000000001111111111111111100000000011111111111111111111111111111111111111111111111111111111111111111111
000000000000000000000000000111111111111111100000111111111111111111111111111111111111111111111111111111111111111111111111
000000000000000000000000000111111111111111100000011111111111111111111111111111111111111111111111111111111111111111111111
000000000000000000000000000011111111111111100000001111111111111111111111111111111111111111111111111111111111111111111111
000000000000000000000000000011111111100000100000000111111111111111111111111111111111111111111111111111111111111111111111
000000000000000000000000000011111111100000000000000011111111111111111111111111111111111111111111111111111111111111111111
000000000000000000000000000011111111100000010000000001111111111111111111111111111111111111111111111111111111111111111111
