111111111111111111111111111111111111111111111111100000000000000000000000000001111111111111111111111111111111111111111111
111111111111111111111111111111111111111111111111000000000000000000000000000000011111111111111111111111111111111111111111
111111111111111111111111111111111111111111111111000000000000000000000000000000001111111111111111111111111111111111111111
111111111111111111111111111111111111111111111110000000000000000000000000000000001111100011111111111111111111111111111111
111111111111111111111111111111111111111111111110000000000000000000000000000000000000000000111111111111111111111111111111
111111111111111111111111111111111111111110000000000000000000000000000000000000000000000000011111111111111111111111111111
111111111111111111111111111111111111111100000000000000000000000000000000000000000000000000011111111111111111111111111111
111111111111111111111111111111111111111110000000000000000000000000000000000000000000000000111111111111111111111111111111
111111111111111111111111111111111111111111100000000000000000000000000000000000000000000000111111111111111111111111111111
111111111111111111111111111111111111111111111100000000000000000000000000000000010000000001111111111111111111111111111111
111111111111111111111111111111111111111111110000000000000000000000000000000000110000000001111111111111111111111111111111
111111111111111111111111111111111111111111111000000000000000000000000000000001110000000011111111111111111111111111111111
111111111111111111111111111111111111111111111110000000000000000000000000000001100000000011111111111111111000000011111111
111111110000000011111111111111111111111111111111100000000000000000000000000111100000000001111111111110000000010000011111
111100000111000000001111111111111111111111111111111100000000000000000000011111100000000001111111100000000111111100000000
000000001111111000000000111111111111111111111111111111100000000000010011111111100000000001111000001110000011111100000000
001000000111110000011110000001111111111110111111111111100000000011111111111110000000000000000001111100000001111000000111
111000000011100000001111100000000000000000001111110000000000000000000111111000000000000011100000111100000001110000000011
111000000011100000001110000001111111000010000100000000000000000000000000110000100000000111000000011100000011111000000111
111100000111110000001110000000111110000001100000000000000000000000000000000011000000001111000000011110000011111000000111
111100000111111000011110000000111100000000000000000000000000000000000000000000000000011111000000011110000111111100001111
111110000111111100011111000001111110000000000000000000000000000000000000000000000000111111000000111110001111111110001111
111111001111111110011111000001111111000000000000000000000000000000000000000000000001111111100001111111011111111110011111
111111111111111111111111100001111111100000000000000000000000000000000000000000000001111111100001111111111111111111111111
111111111111111111111111110011111111100000000000000000000000000000000000000000000011111111110011111111111111111111111111
111111111111111111111111111011111111110000000000000000000000000000000000000000000111111111110111111111111111111111111111
111111111111111111111111111111111111111000000000000000000000000000000000000000001111111111111111111111111111111111111111
111111111111111111111111111111111111110000000000000000000000000000000000000000000111111111111111111111111111111111111111
111111111111111111111111111111111111110000000000000000000000000000000000000000000111111111111111111111111111111111111111
111111111111111111111111111111111111100000000100000000000000000000000000000000000011111111111111111111111111111111111111
111111111111111111111111111111111111100000000100000000000000000000000000000000000011111111111111111111111111111111111111
111111111111111111111111111111111111000000001100000000000000000000000000001000000001111111111111111111111111111111111111
111111111111111111111111111111111000000000011100000000000000000000000000011100000000001111111111111111111101111111111111
111111111110000111111111111111000000000000111100000000000000000000000000001110000000000000111111111111100001111111111001
001111111111100000111111110000000000000001111100000000000000000000000000001111000000000000000011111111000001111111110000
000000000000000000001110000000000000001111111100000000000000000000000000001111110000000000000000011100000000000000000000
000000000000000000000000000000000001111111111100000000000000000000000000001111111111000000000000000000000000000000000001
100000000000000000000000000000011111111111111000000000000000000000000000000111111111111100000000000000000000000000000001
111111000000000000000000000111111111111111110000000000000000000000000000000011111111111111111000000000000000000000000011
111111111111111111110011111111111111111111100000000000000000000000000000000001111111111111111111100000001111111100111111
