111111111111111111111111111111110000000000000000000000000000000000000000000000000000000000000000000000000000000000000000
111111111111111111111111111111110000000000000000000000000000000000000000000000000000000000000000000000000000000000000000
111111111111111111111111111111110000000000000000000000000000000000000000000000000000000000000000000000000000000000000000
111111111111111111111111111111110000000000000000000000000000000000000000000000000000000000000000000000000000000000000000
111111111111111111111111111111110000000000000000000000000000000000000000000000000000000000000000000000000000000000000000
111111111111111111111111111111110000000000000000000000000000000000000000000000000000000000000000000000000000000000000000
111111111111111111111111111111110000000000000000000000000000000000000000000000000000000000000000000000000000000000000000
111111111111111111111111111111110000000000000000000000000000000000000000000000000000000000000000000000000000000000000000
111111111111111111111111111111110000000000000000000000000000000000000000000000000000000000000000000000000000000000000000
111111111111111111111111111111110000000000000000000000000000000000000000000000000000000000000000000000000000000000000000
111111111111111111111111111111110000000000000000000000000000000000000000000000000000000000000000000000000000000000000000
111111111111111111111111111111110000000000000000000000000000000000000000000000000000000000000000000000000000000000000000
111111111111111111111111111111110000000000000000000000000000000000000000000000000111000000000000000000000000000000000000
111111111111111111111111111111110000000000000000000000000000000000000000000000001111000000000000000000000000000000000000
111111111111111111111111111111110000000000000000000000000000000000000000000000000111111111110000000000000000000000000000
111111111111111111111111111111110000000000000000000000000000000000000000000000000011111111111100000000000000000000000000
000111111111111111111111111111110000000000000000000000000000000000000000000000000011111111101100000000000000000000000000
000001111111111111111111111111110000000000000000000000000000000000000000000000000001111111100010000000000000000000000000
000001111111111111111111111111110000000000000000000000000000000000000000000000000011111110110000000000000000000000000000
000000111111111111111111111111110000000000000000000000110000000000000000000000000011111111000000000000000000000000000000
000000111111111111111111111111110000000000000000000000011111110000000000000000000011111111100000000000000000000000000000
000001111111111111111111111111110000000000000000000000000011111111110000000000001110011111111000000000000000000000000000
000011111111111111111111111111110000000000000000000000000000000100011111110001111101111111111100000000000000000000000000
011111111111111111111111111111110000000000000000000000000000000011000000011111111111111111111111000000000000000000000000
111111111111111111111111111111110000000000000000000000000000000001100000000000111111111111111111111100000000000000000000
111111111111111111111111111111110000000000000000000000000000000000000000000000111111111111111111111111111111111000000000
111111111111111111111111111111110000000000000000000000000000000000000000000000000000111111111111111111111111111111000000
111111111111111111111111111111110000000000000000000000000000000000000000000000000000001111111100111111111111111111100000
111111111111111111111111111111110000000000000000000000000000000000000000000000000000001011100000000111111111111111111000
111111111111111111111111111111110000000000000000000000000000000000000000000000000000000000000000000000001111111111111000
111111111111111111111111111111110000000000000000000000000000000000000000000000000000000000000000000000000000111110110000
111111111111111111111111111111110000000000000000000000000000000000000000000000000000000000000000000000000000000000000000
111111111111111111111111111111110000000000000000000000000000000000000000000000000000000000000000000000000000000000000000
111111111111111111111111111111110000000000000000000000000000000000000000000000000000000000000000000000000000000000000000
111111111111111111111111111111110000000000000000000000000000000000000000000000000000000000000000000000000000000000000000
111111111111111111111111111111110000000000000000000000000000000000000000000000000000000000000000000000000000000000000000
111111111111111111111111111111110000000000000000000000000000000000000000000000000000000000000000000000000000000000000000
111111111111111111111111111111110000000000000000000000000000000000000000000000000000000000000000000000000000000000000000
111111111111111111111111111111110000000000000000000000000000000000000000000000000000000000000000000000000000000000000000
111111111111111111111111111111110000000000000000000000000000000000000000000000000000000000000000000000000000000000000000
