000000000000000000000000000000000000000000000000000000000000000000000000000111111111111111111111111111111111111111111111
000000000000000000000000000000000000000000000000000000000000000000000000000111111111111111111111111111111111111111111111
000000000000000000000000000000000000000000000000000000000000000000000000000011111111111111111111111111111111111111111111
000000000000000000000000000000000000000000000000000000000000000000000000000011111111111111111111111111111111111111111111
000000000000000000000000000000000000000000000000000000000000000000000000000001111111111111111111111111111111111111111111
000000000000000000000000000000000000000000000000000000000000000000000000000000111111111111111111111111111111111111111111
000000000000000000000000000000000000000000000000000000000000000000000000000000011111111111111111111111111111111111111111
000000000000000000000000000000000000000000000000000000000000000000000000000000011111111111111111111111111111111111111111
000000000000000000000000000000000000000000000000000000000000000000000000000000000111111111111111111111111111111111111111
000000000000000000000000000000000000000000000000000000000000000000000000000000000011111111111111111111111111111111111111
000000000000000000000000000000000000000000000000000000000000000000000000000000000000111111111111111111111111111111111111
000000000000000000000000000000000000000000000000000000000000000000000000000000000000001111111111111111111111111111111111
000000000000000000000000000000000000000000000000000000000000000000000000000000000000000111111111111111111111111111111111
000000000000000000000000000000000000000000000000000000000000000000000000000000000000000001111111111111111111111111111111
000000000000000000000000000000000000000000000000000000000000000000000000000000000000000000011111111111111111111111111111
000000000000000000000000000000001111000000000000000000000000000000000000000000000000000000000011111111111111111111111111
000000000000000000000000000000011111000000001111000000000000000000000000000000000000000000000000011111111111111111111111
000000000000000000000000000000011111100000111110000000000000000000000000000000000000000000000000000011111111111111111111
000000000000000000000000000000011111000011111100000000000000000000000000000000000000000000000000000000010111111111111111
000000000000000000000000000000111111000111111000000000000000000000000000000000000000000000000000000000000000011111111111
000000000000000000000000000000111111001111110000011111000000000000000000000000000000000000000000000000000000000000011111
000000000000000000000000000000111111011111100001111100000000000000000000000000000000000000000000000000000000000000000000
000000000000000000000000000000111111111111001111111000000000000000000000000000000000000000000000000000000000000000000000
000000000000000000000000000001111111111111111111000000000000000000000000000000000000000000000000000000000000000000000000
000000000000000000000000111111111111111111111110000000000000000000000000000000000000000000000000000000000000000000000000
000000000000000000000000111111111111111111111101111111111000000000000000000000000000000000000000000000000000000000000000
000000000000000000000000111111111111111111111111111110000000000000000000000000000000000000000000000000000000000000000000
000000000000000000000000011111111111111111111111000000000000000000000000000000000000000000000000000000000000000000000000
000000000000000000000000011111111111111111111000000000000000000000000000000000000000000000000000000000000000000000000000
000000000000000000000000011111111111111111110000000000000000000000000000000000000000000000000000000000000000000000000000
000000000000000000000000111111111111111111110000000000000000000000000000000000000000000000000000000000000000000000000000
000000000000000000000000111111111111111111100000000000000000000000000000000000000000000000000000000000000000000000000000
000000000000000000000000111111111111111111000000000000000000000000000000000000000000000000000000000000000000000000000000
000000000000000000111111111111111111111110000000000000000000000000000000000000000000000000000000000000000000000000000000
000000000000001111111111111111111111111100000000000000000000000000000000000000000000000000000000000000000000000000000000
000000000000111111111111111111111111111000000000000000000000000000000000000000000000000000000000000000000000000000000000
000000000011111111111111111111111111111110000000000000000000000000000000000000000000000000000000000000000000000000000000
000000001111111111111111111111111111111111100000000000000000000000000000000000000000000000000000000000000000000000000000
000000011111111111111111111111111111111111111000000000000000000000000000000000000000000000000000000000000000000000000000
000001111111111111111111111111111111111111111100000000000000000000000000000000000000000000000000000000000000000000000000
