000000000000000000000000000000000000000000000111111111001111111100111111111000000000000000000000000000000000000000000000
000000000000000000000000000000000000000000000111111111001111011100111111111000000000000000000000000000000000000000000000
000000000000000000000000000000000000000000000111111100000000000000001111111000000000000000000000000000000000000000000000
000000000000000000000000000000000000000000000111110000000000000000000001111000000000000000000000000000000000000000000000
000000000000000000000000000000000000000000000111110000000000000000000001111000000000000000000000000000000000000000000000
000000000000000000000000000000000000000000000111111000000000000000000111111000000000000000000000000000000000000000000000
000000000000000000000000000000000000000000000111111110000000000000001111111000000000000000000000000000000000000000000000
000000000000000000000000000000000000000000000111111111000000000000111111111000000000000000000000000000000000000000000000
000000000000000000000000000000000000000000000111111111100000000001111111111000000000000000000000000000000000000000000000
000000000000000000000000000000000000000000000111111111110000000011111111111000000000000000000000000000000000000000000000
000000000000000000000000000000000000000000000111111111111000000111111111111000000000000000000000000000000000000000000000
000000000000000000000000000000000000000000000111111111111000000111111111111000000000000000000000000000000000000000000000
000000000000000000000000000000000000000000000111111111111000000011111111111000000000000000000000000000000000000000000000
000000000000000000000000000000000000000000000111111111111000000001111111111000000000000000000000000000000000000000000000
000000000000000000000000000000000000000000000000000000000000000000000000000000000000000000000000000000000000000000000000
000000000000000000000000000000000000000000000111111111000000000000111111111000000000000000000000000000000000000000000000
000000000000000000000000000000000000000000000111111000000000000000000111111000000000000000000000000000000000000000000000
000000000000000000000000000000000000000000000111111100000000000000000111111000000000000000000000000000000000000000000000
000000000000000000000000000000000000000000000111111111111000000111111111111000000000000000000000000000000000000000000000
000000000000000000000000000000000000000000000111111111111100001111111111111000000000000000000000000000000000000000000000
000000000000000000000000000000000000000000000111111111111111111111111111111000000000000000000000000000000000000000000000
000000000000000000000000000000000000000000000111111111111111111111111111111000000000000000000000000000000000000000000000
000000000000000000000000000000000000000000000111111111111111111111111111111000000000000000000000000000000000000000000000
000000000000000000000000000000000000000000000111111111111111111111111111111000000000000000000000000000000000000000000001
000000000000000000000000000000000000000000000111111111111111111111111111111000000000000000000000000000000000000000000111
000000000000000000000000000000000000000000000111111111111111111111111111111000000000000000000000000000000000000000011111
000000000000000000000000000000000000000000000111111111111111111111111111111000000000000000000000000000000000000001111111
000000000000000000000000000000000000000000000111111111111111111111111111111000000000000000000000000000000000000111111111
000000000000000000000000000000000000000000000111111111111111111111111111111000000000000000000000000000000000011111111111
000000000000000000000000000000000000000000000111111111111111111111111111111000000000000000000000000000000001111111111111
000000000000000000000000000000000000000000000111111111111111111111111111111000000000000000000000000000000111111111111111
000000000000000000000000000000000000000000000111111111111111111111111111111000000000000000000000000000001111111111111111
000000000000000000000000000000000000000000000111111111111111111111111111111000000000000000000000000000011111111111111111
000000000000000000000000000000000000000000000111111111111111111111111111111000000000000000000000000000111111111111111111
000000000000000000000000000000000000000000000111111111111111111111111111111000000000000000000000000000111111111111111111
000000000000000000000000000000000000000000000111111111111111111111111111111000000000000000000000000000111111111111111111
000000000000000000000000000000000000000000000111111111111111111111111111111000000000000000000000000000111111111111111100
000000000000000000000000000000000000000000000111111111111111111111111111111000000000000000000000000000111111111111111000
000000000000000000000000000000000000000000000111111111111111111111111111111000000000000000000000000001111111111111100000
000000000000000000000000000000000000000000000111111111111111111111111111111000000000000000000000000011111111111100000000
