000000000000000000000000000000000000000000000000000000000000000000000000000000000000000000000000000000000000000000000000
000000000000000000000000000000000000000000000000000000000000000000000000000000000000000000000000000000000000000000000000
000000000000000000000000000000000000000000000000000000000000000000000000000000000000000000000000000000000000000000000000
000000000000000000000000000000000000000000000000000000000000000000000000000000000000000000000000000000000000000000000000
000000000000000000000000000000000000000000000000000000000000000000000001100000000000000000000000000000000000000000000000
000000000000000000000000000000000000000000000000000000000000000000001111100000000000000000000000000000000000000000000000
000000000000000000000000000000000000000001100000000001111111111111111111100000000000000000000000000000000000000000000000
000000000000000000000000000000000000000000111101111111111111111111111111000000000000000000000000000000000000000000000000
000000000000000000000000000000000000000000011111111111111111111111111111111111111100000000000000000000000000000000000000
000000000000000000000000000000000000000000001111111111111111111111111111111111000000000000000000000000000000000000000000
000000000000000000000000000000000000000000011111111111111111111111111111111110000000000000000000000000000000000000000000
000000000000000000000000000000000000000011111111111111111111111111111111110000000000000000000000000000000000000000000000
000000000000000000000000000000000000001111111111111111111111111111111111000000000000000000000000000000000000000000000000
000000000000000000000000000000000000000001101111111111111111111111111111000000000000000000000000000000000000000000000000
000000000000000000000000000000000000000000001111111111111111111111111111100000000000000000000000000000000000000000000000
000000000000000000000000000000000000000000000111111111111111111111111111100000000000000000000000000000000000000000000000
111000000000000000000000000000000000000000000011111111111111111111111111110000000000000000000000000000000000000000000000
110000000000000000000000000000000000000000000011111111111111111111111111110000000000000000000000000000000000000000000000
000000000000000000000000000000000000000000000011111111111111111111111111110000000000000000000000000000000000000000000000
101110000000000000000000000000000000000000000011111111111111111111111111110000000000000000000000000000000000000000000000
110111100000000000000000000000000000000000000011111011111111111111111111111000000000000000000000000000000000000000000000
111111111000000000000000000000000000000000000011110011111111111111111111111000000000000000000000000000000000000000000000
111111111000000000000000000000000000000000011111111111111111111111111111111000000000000000000000000000000000000000000000
111111111100000000000000000000000001111111111111111111111111111111111111111100000000000000000000000000000000000000000000
001111111111000000000000000000001111111111111111111111111111111111111111111110000000000000000000000000000000000000000000
000111111111110000000000000000011111111111111111111111111111111111111111111111000000000000000000000000000000000000000000
000001111111111110000000000011111111111111111111111111111111111111111111111111100000000000000000000000000000000000000000
000000011111111111100000000111111111111111111111111111111111111111111111111111110000000000000000000000000000000000000000
000000001111111111111000111111111111111111111111111111111111111111111111111111111000000000000000000000000000000000000000
000000000011111111111111111111111111110000001111111111111111111111111111111111110000000000000000000000000000000000000000
000000000000111111111111111111110110000000011111111111111111111111111111111111110000000000000000000000000000000000000000
000000000000001111111111111110000000000000011111111111111111111111111111111111111000000000000000000000000000000000000000
000000000000000001111111100000000000000000011111111111111111111111111111111111110000000000000000000000000000000000000000
000000000000000000000000000000000000000000001111111111111111111111111111111111111000000000000000000000000000000000000000
000000000000000000000000000000000000000000001111111111111111111111111111111111111100000000000000000000000000000000000000
000000000000000000000000000000000000000000000111111111111111111111111111111111111100000000000000000000000000000000000000
000000000000000000000000000000000000000000000001111111111111111111111111111111111110000000000000000000000000000000000000
000000000000000000000000000000000000000000000000111111111111111111111111111111111111000000000000000000000000000000000000
000000000000000000000000000000000000000001111111111111111111111111111111111111111111000000000000000000000000000000000000
000000000000000000000000000000000000111111111111111111111111111111111111111111111111000000000000000000000000000000000000
