111111111111111111111111111111111111111111111111111111111111111111111111111111111111111111111111111111111111111111111111
111111111111111111111111111111111111111110011111111111111111111111111111111111111111111111111111111111111111111111111111
111111111111111111111111111111111111111000000011111111111111111111111111111111111111111111111111111111111111111111111111
111111111111111111111111111111111111111000000001111111111111111111111111111111111111111111111111111111111111111111111111
111111111111111111111111111111111111100000000001111111111111111111111111111111111111111111111111111111111111111111111111
111111111111111111111111111111111100000000000011111111111111111111111111111111111111111111111111111111111111111111111111
111111111111111111111111111000000000000000000000011111111111111111111111111111111111111111111111111111111111111110111111
111111111111111111111111111000000000000000000000000111111111111111111111111111111111111111111111111111111111111100001111
111111111111111111111111111110000000000000000000000001111111111111111111111111111111111111111111111111111111111000000000
111111111111111111111111111111000000000000000000000111111111111111111111111111111111111111111111111111111100000000000000
111111111111111111111111111110000000000000000000000011111111111111111111111111111111111111111111111111111000000000000000
111111111111111111111111111100000000000000000000000011111111111111111111111111111111111111111111111111111000000000000000
111111111111111111111111111110000000000000000000000001111111111111111111111111111111111111111111111111111100000000000000
111111111111111111111111111111100000000000000000000000111111111111111111111111111111111111111111111111111100000000000000
111111111111111111111111111111110000000000000000000001111111111111111111111111111111111111111111111111111110000000000000
111111111111111111111111111111111000000000000000000001111111111111111111111111111111111111111111111111111110000000000000
111111111111111111111111111111111100000000000000001111111111111111111111111111111111111111111111111111111111000000000000
111111111111111111111111111111111110000000000001111111111111111111111111111111111111111111111111111111111110000000000000
111111111111111111111111111111110000000000000000000011111111111111111111111111111111111111111111111111000000000000000000
111111111111111111111111111110000000000000000000000001111111111111111111111111111111111111111111111111000000000000000000
111111111111111111111111111111000000000000000000000001111111111111111111111111111111111111111111111111110000000000000000
111111111111111111111111111111000000000000000000000001111111111111111111111111111111111111111111111111111000000000000000
111111111111111111111111111110000000000000000000000001111111111111111111111111111111111111111111111111111000000000000000
111111111111111111111111111110000000000000000000000011111111111111111111111111111111111111111111111111110000000000000000
111111111111111111111111111100000000000000000000000011111111111111111111111111111111111111111111111111110000000000000000
111111111111111111111111111100000000000000000000000011111111111111111111111111111111111111111111111111100000000000000000
111111111111111111111111110000000000000000000000000011111111111111111111111111111111111111111111111111100000000000000001
111111111111111111111000000000000000000000000000000011111111111111111111111111111111111111111111111111110000000000000011
111111111111111100000000000000000000000000000000000011111111111111111111111111111111111111111111111111110000000000000001
111000000000000000000000000001000000000000000000000111111111111111111111111111111111111111111111111111110000000000000000
000000111110000000000000000000000000000000000000011111111111111111111111111111111111111111111111111111100000000000000000
000000000000000000000000000000000000000000000000011111111111111111111111111111111111111111111111111111100000000000000000
000000000000000000000000000000000000000000000000000111111111111111111111111111111111111111111111111111000000000000000000
000000000000000000000000000000000000000000000000000000000000000000000111111111111111111111111111111111000000000000000000
000000000000000000000000000000000000000000000000000000000000000000000111111111111111111111111111111111000000000000000000
000000000000000000000000000000000000000000000000000000000000000000000111111111111111111111111111111111000000000000000000
000000000000000000000000000000000000000000000000000000000000000000000111111111111111111111111111111111100000000000000000
000000000000000000000000000000000000000000000000000000000000000000001111111111111111111111111111111111100000000000000000
111110000000000000000000000000000000000000000000000000000000000000011111111111111111111111111111111111100000000000000000
111111111110000000000000000000000000000000000000000000000000001111111111111111111111111111111111111111100000000000000000
