111111111111111111111111111111111111111111111111111111111111111111111111110111111111111111111111111111111111111111111111
111111111111111111111111111111111111111111111111111111111111111111111100000000011111111111111111111111111111111111111111
111111111111111111111111111111111111111111111111111111111111111111111000000000000111111111111111111111111111111111111111
111111111111111111111111111111111111111111111111111111111111111111111000000000000000110000111111111111111111111111111111
111111111111111111111111111111111111111111111111111111111111111111111100000000000000000000000011111111111111111111111111
111111111111111111111111111111111111111111111111111111111111111111111000000000000000000000000000111111111111111111111111
111111111111111111111111111111111111111111111111111111111111111110000000000000000000000000000000011111111111111111111111
111111111111111111111111111111111111111111111111111111111111111000000000000000000000000000000000001111111111111111111111
111111111111111111111111111111111111111111111111111111111111100000000000000000000000000000000000001111111111111111111111
111111111111111111111111111111111111111111111111111111111110000000000000000000000000000000000000000111111111111111111111
111111111111111111111111111111111111111111111111111111111110000000000000000000000000000000000000000011111111111111111111
111111111111111111111111111111111111111111111111111111111100000000000000000000000000000000000000000001111111111111111111
111111111111111111111111111111111111111111111111111111111100000000000000000000000000000000000000000001111111111111111111
111111111111111111111111111111111111111111111111111111111100000000000000000000000000000000000000000000111111111111111111
111111111111111111111111111111111111111111111111111111111100000000000000000000000000000000000000000000111111111111111111
111111111111111111111111111111111111111111111111111111111111000000000000000000000000000000000000000000011111111111111111
111111111111111111111111111111111111111111111111111111111111111110000000000000000000000000000000000000011111111111111111
111111111111111111111111111111111111111111111111111111111111111110000000000000000000000000000000000000011111111111111111
111111111111111111111111111111111111111111111111111111111111111100000000000000000000000000000000000000011111111111111111
111111111111111111111111111111111111111111111111111111111111111111000000000000000000000000000000000000011111111111111111
111111111111111111111111111111111111111111111111111111111111111111110000000000000000000000000000000000001111111111111111
111111111111111111111111111111111111111111111111111111111111111111111000000000000000000000000000000000001111111111111111
111111111111111111111111111111111111111111111111111111111111111111111000000100000000000000000000000000001111111111111111
111111111111111111111111111111111111111111001000011111111111111111111100000000000000000000000000000000001111111111111111
111111111111111111111111111111111111110000000000000111111111111111111100000000000000000000000000000000001111111111111111
111111111111111111111111111111111111100000000000000011111111111111111110000000000000000000000000000100001111111111111111
111111111111111111111111111111111111000000000000000011111111111111111110000000000000000000000000010110111111111111111111
111111111111111111111111111111111111000000000000000011111111111111111100000000000000000000000000011111111111111111111111
111111111111111111111111111111111111100000000000000001111111111111111000000000000000000000000000011111111111111111111111
111111111111111111111111111111111111100000000000000000000111111100000000000000000000000000000001001111111111111111111111
111111111111111111111111111111111111111000000000000000000001111100000000000000000000000000000001111111111111111111111111
111111111111111111111111111111111111111111100000000000000000011000000000000000000000000000000000111111111111111111111111
111111111111111111111111111111111111111111111000000000000000000000000000000000000000000000000000111111111111111111111111
111111111111111111111111111111111111111111110000000000000000000000000000000000000000000000000000011111111111111111111111
111111111111111111111111111111111111111111110000000000000000000000000000000000000000000000000000011111111111111111111111
111111111111111111111111111111111111111111110000000000000000000000000000000000000000000000000000011111100011111111111111
111111111111111111111111111111111111111111100000000000000000000000000000000000000000000000000000000000000111111111111111
111111111111111111111111111111111111111111100000000000000000000000000000000000000000000000000000000011111111111111111111
111111111111111111111111111111111111111111100000000000000000000000001000000000000000000000000000000011111111111111111111
111111111111111111111111111111111111111111000000000000000000000000001000000000000000000000000000000001111111111111111111
