000000000000000000000000000000000000000000000000000000000000000000000000000000000000000000000000000000000000000000000000
000000000000000000000000000000000000000000000000000000000000000000000000000000000000000000000000000000000000000000000000
000000000000000000000000000000000000000000000000000000000000000000000000000000000000000000000000000000000000000000000000
000000000000000000000000000000000000000000000000000000000000000000000000000000000000000000000000000000000000000000000000
000000000000000000000000000000000000000000000000000000000000000000000000000000000000000000000000000000000000000000000000
000000000000000000000000000000000000000000000000000000000000000000000000000000000000000000000000000000000000000000000000
000000000000000000000000000000000000000000000000000000000000000000000000000000000000000000000000000000000000000000000000
000000000000000000000000000000000000000000000000000000000000000000000000000000000000000000000000000000000000000000000000
000000000000000000000000000000000000000000000000000000000000000000000000000000000000000000000000000000000000000000000000
000000000000000000000000000000000000000000000000000000000000000000000000000000000000000000000000000000000000000000000000
000000000000000000000000000000000000000000000000000011100011111100000000000000000000000000000000000000000000000000000000
000000000000000000000000000000000000000000000000000111111111111001100000000000000000000000000000000000000000000000000000
000000000000000000000000000000000000000000000000000000111111111100000000000000000000000000000000000000000000000000000000
000000000000000000000000000000000000000000000000000000000111111111100000000000000000000000000000000000000000000000000000
000000000000000000000000000000000000000000000000000000111001111111111000000000000000000000000000000000000000000000000000
000000000000000000000000000000000000000000000000000000001111111111111000000000000000000000000000000000000000000000000000
000000000000000000000000000000000000000000000000000000000111111111110000000000000000000000000000000000000000000000000000
000000000000000000000000000000000000000000000000000000000110011111111000000000000000000000000000000000000000000000000000
000000000000000000000000000000000000000000000000000000001000111111111111111101111111110000000000000000000000000000000000
000000000000000000000000000000000001111111111111111111111111111111111111111111111111111100000000000000000000000000000000
000000000000000000000000000000000000000000001110000000001111111111111111111111111111111111000000000000000000000000000000
000000000000000000000000000000000000000000000000000000000000000011111100011111111111111111000000000000000000000000000000
000000000000000000000000000000000000000000000000000000000000000001010000000000000001110000000000000000000000000000000000
000000000000000000000000000000000000000000000000000000000000000000000000000000000000000000000000000000000000000000000000
000000000000000000000000000000000000000000000000000000000000000000000000000000000000000000000000000000000000000000000000
000000000000000000000000000000000000000000000000000000000000000000000000000000000000000000000000000000000000000000000000
000000000000000000000000000000000000000000000000000000000000000000000000000000000000000000000000000000000000000000000000
000000000000000000000000000000000000000000000000000000000000000000000000000000000000000000000000000000000000000000000000
000000000000000000000000000000000000000000000000000000000000000000000000000000000000000000000000000000000000000000000000
000000000000000000000000000000000000000000000000000000000000000000000000000000000000000000000000000000000000000000000000
000000000000000000000000000000000000000000000000000000000000000000000000000000000000000000000000000000000000000000000000
000000000000000000000000000000000000000000000000000000000000000000000000000000000000000000000000000000000000000000000000
000000000000000000000000000000000000000000000000000000000000000000000000000000000000000000000000000000000000000000000000
000000000000000000000000000000000000000000000000000000000000000000000000000000000000000000000000000000000000000000000000
000000000000000000000000000000000000000000000000000000000000000000000000000000000000000000000000000000000000000000000000
000000000000000000000000000000000000000000000000000000000000000000000000000000000000000000000000000000000000000000000000
000000000000000000000000000000000000000000000000000000000000000000000000000000000000000000000000000000000000000000000000
000000000000000000000000000000000000000000000000000000000000000000000000000000000000000000000000000000000000000000000000
000000000000000000000000000000000000000000000000000000000000000000000000000000000000000000000000000000000000000000000000
000000000000000000000000000000000000000000000000000000000000000000000000000000000000000000000000000000000000000000000000
