111111111111111111111111111111111111111111111111111111111111111111111111111111111111111111111111111111111111111111111111
111111111111111111111111111111111111111111111111111111111111111111111111111111111000000001111111111111111111111111111111
111111111111111111111111111111111111111111111111111111111111111111111111111111110000000000011111111111111111111111111111
111111111111111111111111111111111111111111111111111111111111111111111111111111000000000000001111111111111111111111111111
111111111111111111111111111111111111111111111111111111111111111111111110000000000000000000001111111111111111111111111111
111111111111111111111111111111111111111111111111111111111111111111110000000000000000000000000011111111111111111111111111
111111111111111111111111111111111111111111111111111111111111111111100000000000000000000000000001111111111111111111111111
111111111111111111111111111111111111111111111111111111111111111111000000000000000000000000000000111111111111111111111111
111111111111111111111111111111111111111111111111111111111111111111000000000000000000000000000000011111111111111111111111
111111111111111111111111111111111111111111111111111111111111111111000000000000000000000000000000011111111111111111111111
111111111111111111111111111111111111111111111111111111111111111111100000000000000000000000000000011111111111111111111111
111111111111111111111111111111111111111111111111111111111111111111111000000000000000000000000000011111111111111111111111
111111111111111111111111111111111111111111111111111111111111111111100000000000000000000000000000011111111111111111111111
111111111111111111111111111111111111111111111111111111111111111111100000000000000000000000000000111111111111111111111111
111111111111111111111111111111111111111111111111111111111111111111110000000000000000000000000000011110011111111111111111
111111111111111111111111111111111111111111111111111111111111111111111000000000000000000000000000011000001111111111111111
111111111111111111111111111111111111111111111111111111111111111111111111110000000000000000000000010000000011111111111111
111111111111111111111111111111111111111111100010000000111111111111111111110000000000000000000000000000000000111111111111
111111111111111111111111111111111111111111111000000000011111111111111111110000000000000000000000000000000000001111111111
111111111111111111111111111111111111111111111100000000000001111111111111000000000000000000000000000000000000000001111111
111111111111111111111111111111111111111111111111000000001111110111111100000000000000000000000000000000000000000000001111
111111111111111111111111111111111111111111111111100000001111111111100000000000000000000000000000000000000000000000000000
111111111111111111111111111111111111111111111111110000001111111111000000000000000000000000000000000000000000000000000000
111111111111111111111111111111111111111111111111110000000111111000000000000000000000000000000000000000000000000000000000
111111111111111111111111111111111111111111111111110000000111110000000000000000000000000000000000000000000000000000000000
111111111111111111111111111111111111111111111111110000000111100000000000000000000000000000000000000000000000000000000000
111111111111111111111111110000011111111111111111110000000010000000000000000000000000000000000000000000000000000000000000
111111111111111111111111100000000011111111111111110000000000000000000000000000000000000000000000000000000000000000000000
111111111111111111111111111000000000111111111111110000000000000000000000000000000000000000000000011000000000000000000000
111111111111111111111111111110000000000111111111110000000000000000000000000000000000000000001111111000000000000000000000
111111111111111111111111111111110000000001111111110000000000000000000000000000000000000011111111110000000000000000000000
111111111111111111111111111111111000000000000011111000000001111000000000000000000000000011111111111100000000000000000000
111111111111111111111111111111111100000000000000001110011111111000000000000000000000010011111111111100000000000000000000
111111111111111111111111111111111110000000000000000000011111111000000000000000000000110011111111111110000000000000000000
111111111111111111111111111111111111100000000000000000000000000000000000000000000000010011111111111110000000000000000000
111111111111111111111111111111111111111111100000000000000000000000000000000000000000000011111111111111000000000000000000
111111111111111111111111111111111111111111111111111100000000000000000000000000000000000001111111111111011000000000000000
111111111111111111111111111111111111111111111111111111110000000000000000000000000000000001111111111111110001000000000000
111111111111111111111111111111111111111111111111111111111111000000000000000000000000000000011111111111111110000000000000
111111111111111111111111111111111111111111111111111111111111000000000000000000000000000000000111111111111110000000000000
