000000000000000000000000000000000000000000000000000000000000000000000000000000000000000000000000000000000000000000000000
000000000000000000000000000000000000000000000000000000000000000000000000000000000000000000000000000000000000000000000000
000000000000000000000000000000000111111111111111111111000000000000000000000000000000000000000000000000000000000000000000
000000000000000000000000000011111111111111111111111111100000000000000000000000000000000000000000000000000000000000000000
000000000000000000100001111111111111111111111111111110000000000000000000000000000000000000000000000000000000000000000000
000000000000000000011111111111111111111111111111111100000000000000000000000000000000000000000000000000000000000000000000
000000000000000000111111111111111111111111111110000000000000000000000000000000000000000000000000000000000000000000000000
000000000000000001111111111111111111111111111100000000000000000000000000000000000000000000000000000000000000000000000000
000000000000000111111111111111111111111111111110000000000000000000000000000000000000000000000000000000000000000000000000
000000000000001111111111111111111111111111111111110000000000000000000000000000000000000000000000000000000000000000000000
000000000000011111111111111111111111111111111111111000000000000000000000000000000000000000000000000000000000000000000000
000000000000111111111111111111111111111111111111111000000000000000000000000000000000000000000000000000000000000000000000
000000000001111111111111111111111111111111111111000000000000000000000000000000000000000000000000000000000000000000000000
000000000011111111111111111111111111111111111110000000000000000000000000000000000000000000000000000000000000000000000000
000000000011111111111111111000011111111111101000000000000000000000000000000000000000000000000000000000000000000000000000
000000000011111111111111110000000011111111111000000000000000000000000000000000000000000000000000000000000000000000000000
000000000011111111111111110000000000001111111110000000000000000000000000000000000000000000000000000000000000000000000000
000000000011111111111110000000000000001111111111100000000000000000000000000000000000000000000000000000000000000000000000
000000000011111111000000000000000000011111111111111000000000000000000000000000000000000000000000000000000000000000000000
000000000011111111000000000000000000011111111111111000000000000000000000000000000000000000000000000000000000000000000000
000000000001100000000000000000000000111111111111111111000001100000000000000000000000000000000000000000000000000000000000
000000000000000000000000000010000001111111111111110111110000100000000000000000000000000000000000000000000000000000000000
000000000000000000000000000010000001111111111111111111111111000000000000000000000000000000000000000000000000000000000000
000000000000000000000000000000000001111111111111111111000000000000000000000000000000000000000000000000000000000000000000
000000000000000000000000000000000000111111111111111000000000000000000000000000000000000000000000000000000001100000000000
000000000000000000000000000000000000011111111111111000000000000000000000000000000000000000000000000000000000000000000000
000000000000000000000000000000000001111111111111111000000000000000000000000000000000000000000000000000000000000000000000
000000000000000000000000000000000111111111111111111100000000000000000000000000000000000000000000000000000000000000000000
000000000000000000000000000000011111111111111111111100000000000000000000000000000011000000000000000000000000000000000000
000000000000000000000000000011111111111111111111111100000000000000000000000000000000000000000000000000100000000000000000
000000000000000000000000111111111111111111111111111100000000000000000000000000000000000000000000000000000010000000000000
000000000000000000011111111111111111111111111111111100000000000000000000000000000000000000000000000000000000000000000000
000000000000011111111111111111111111111111111111111100000000000000000000000000000000000000000000000000000000000000000000
000000001101111111111111111111111111111111111111111100000000000000000000000000000000000000000000000000000000000000000000
000000000111111111111111111111111111111111111111111100010000000000000000000000000000000000000000000000000000000000000000
000000111111111111111111111111111111111111111111111100000000000000000000000000000000000000000000000000000000000000000000
000000000011111111111111111111111111111111111111111110000000000000000000000000000000000000000000000000000000000000000000
000000000000000000011111111111111111111111111111111110000000000000000000000000000000000000000000000000000000000000000000
000000000100000000000000011111111111111111111111111110000000000000000000000000000000000000000000000000000000000000000000
000000000010000000000000000011111111111111111111111110000000000000000000000000000000000000000000000000000000000000000000
