000000000000000000000000000000000000000000000000000000000000000000000000000000000000000000000000000000000000000000000000
000000000000000000000000000000000000000000000000000000000000000000000000000000000000000000000000000000000000000000000000
000000000000000000000000000000000000000000000000001111111111111111111000000000000000000000000000000000000000000000000000
000000000000000000000000000000000000000000000001111111111111111111111111000000000000000000000000000000000000000000000000
000000000000000000000000000000000000000000000011111111111111111111111111100000000000000000000000000000000000000000000000
000000000000000000000000000000000000000000000111111111111111111111111111111111111000000000000000000000000000000000000000
000000000000000000000000000000000000000000000111111111111111111111111111111111111110000000000000000000000000000000000000
000000000000000000000000000000000000000000000111111111111111111111111111111111111110000000000000000000000000000000000000
000000000000000000000000000000000000000000000111111111111111111111111111111111111110000000000000000000000000000000000000
000000000000000000000000000000000000000000001111111111111111111111111111111111111111000000000000000000000000000000000000
000000000000000000000000000000000000000000111111111111111111111111111111111111111110000000000000000000000000000000000000
000000000000000000000000000000000000000001111111111111111111111111111111110011111110000000000000000000000000000000000000
000000000000000000000000000000000000000000000011111111111111111111111111110011111110000000000000000000000000000000000000
000000000000000000000000000000000000000000000111111111111111111111111111110011111111000000000000000000000000000000000000
000000000000000000000000000000000000000000000000111111111111111111111111000011111111000000000000000000000000000000000000
000000000000000000000000000000000000000000000000011111111111111111111100000011111111100000000000000000000000000000000000
000000000000000000000000000000000000000000000000001110011111111100110000000001111111000000000000000000000000000000000000
000000000000000000000000000000000000000000000000000000001111111100000000000001111111000000000000000000000000000000000000
000000001110000000000000000000000000000000000000000011111111111111100000000000111110000000000000000000000001111110000000
000000111111111100000000000000000000000000000000011111111111111111111100000000001000000000000000000000111111110111100000
000111110000011111111000000000000000000000000001111111111111111111111111000000000000000000000000001111111000000001111100
111111100000001111001111100000000000000000000111111111111111111111111111110000000000000000000011111001111100000011111111
111111111000011111100001111111111111111111111111111111111111111111111111111111111111111111111111000011111110001111110111
100111111100011111110000011110000001110001111111111111111111111111111111111111000111100000011110000011111110001111110000
000111111100001111100000111110000011111000011111111111111111111111111111111100000111110000111111000011111100001111110000
000011111100001111100001111111000111111100111111111111111111111111111111111110001111110000111111100001111000001111100000
100001111000000111100000111110000111111100011111111111111111111111111111111100001111110000111111000001110000001111000001
100000111000000011000000111110000011111000111111111111111111111111111111111110000111110000011110000000110000000110000001
000000111000000011000000011110000011110000111111111111111111111111111111111110000111100000011110000000100000000110000001
000000010000000000000000011100000001110001111111111111111111111111111111111111000011000000001100000000000000000000000000
000000000000000000000000001100000001100001111111011111111111111111111110111111000011000000001000000000000000000000000000
000000000000000000000000000000000001111111111110011111111111111111111110011111111111000000000000000000000000000000000000
000000000000000000111111111000011111111111111000011111111111111111111110001111111111111111111111111111000000000000000000
000000001110000000111111111111111111111111000000111111111111111111111110000011111111111111111111111110000000000000000000
000000000111111111111111111111111111100000000000111111111111111111111110000000000001111111111111111111111111111000000000
000000000000111111111111111111000000000000000000111111111111111111111111000000000000000000001111111111111111000000000000
000000000000000000000000000000000000000000000001111111111111111111111111100000000000000000000000000000000000000000000000
000000000000000000000000000000000000000000000011111111111111111111111111110000000000000000000000000000000000000000000000
000000000000000000000000000000000000000000000111111111111111111111111111111000000000000000000000000000000000000000000000
000000000000000000000000000000000000000000001111111111111111111111111111111100000000000000000000000000000000000000000000
