111111111111111111111111111111111111111111111111111111111111111111111111111111111111111111111111111111111111111111111111
111111111111111111111111111111111111111111111111111111111111111111111111111111111111111111111111111111111111111111111111
111111111111111111111111111111111111111111111111111111111111111111111111111111111111111111111111111111111111111111111111
111111111111111111111111111111111111111111111111111111111111111111111111111111111111111111111111111111111111111111111111
111111111111111111111111111111111111111111111111111111111111111111111111111111111111111111111111111111111111111111111111
111111111111111111111111111111111111111111111111111000000000000001111111111111111111111111111111111111111111111111111111
111111111111111111111111111111111111111111111111100000000000000000000011111111111111111111111111111111111111111111111111
111111111111111111111111111111111111111111111110000000000000000000000000110000011111111111111111111111111111111111111111
111111111111111111111111111111111111111111111100000000000000000000000000000000011111111111111111111111111111111111111111
111111111111111111111111111111111111111111111100000000000000000000000000000000001111111111111111111111111111111111111111
111111111111111111111111111111111111111111111100000000000000000000000000000000000111111111111111111111111111111111111111
111111111111111111111111111111111111111111111000000000000000000000000000000000110011111111111111111111111111111111111111
111111111111111111111111111111111111111111000000000000000000000000000000000000111111111111111111111111111111111111111111
111111111111111111111111111111111111111111000000000000000000000000000000001101111111111111111111111111111111111111111111
111111111111111111111111111111111111111111111100000000000000000000000000000011111111111111111111111111111111111111111111
111111111111111111111111111111111111111111111100000000000000000000000000111111111111111111111111111111111111111111111111
111111111111111111111111111111111111111111111000000000000000000000000001111111111111111111111111111111111111111111111111
111111111111111111111111111111111111111111111000000000000000000000000000111111111111111111111111111111111111111111111111
111111111111111111111111111111111111111111111111100000000000000000000101111111111111111111111111111111111111111111111111
111111110011111111111111111111111111111111111111111111000000001111011111111111111111111111111111111111111111111111111111
111111000001111111111111111111111111111111111111000000000000000011111111111111111111111111111111111111111111111111111111
111100000000000011111111111111111111111111110000000000000000000000000001111111111111111111111111111111111111111111111111
111000000000000000011111111111111111111111100000000000000000000000000000011111111111111111111111100001111111111111111111
000000000000000000000011111111111111111111000000000000000000000000000000001111111111111111100000000000111111111111111111
000000000000000000000000000111111111111110000000000000000000000000000000000011111111111000000000000000011111111111111111
000000000000000000000000000000000000000000000000000000000000000000000000000001111100000000000000000000000111111111111111
000000000000000000000000000000000000000001100000000000000000000000000000000000000000000000000000000000000001111111111111
000011100111100000000000000000000000111111100000000000000000000000000000000000000000000000000000000000000000011111111111
001111111111111000111111000000001111111111110000000000000000000000000000000000000000000000000000000000000000000111111111
011111111111111111111111111001111111111111110000000000000000000000000000000110000011111000001111100111000000000001111111
111111111111111111111111111111111111111111110000000000000000000000010000000111111111111111111111111111100000000000001111
111111111111111111111111111111111111111111110000000000000000000000011000000111111111111111111111111111110000001000000011
111111111111111111111111111111111111111111111000000000000000000000011000000111111111111111111111111111111111111111111110
111111111111111111111111111111111111111111111100000000000000000000011110011111111111111111111111111111111111111111111111
111111111111111111111111111111111111111111111100000000000000000000011111111111111111111111111111111111111111111111111111
111111111111111111111111111111111111111111100000000000000000000000001111111111111111111111111111111111111111111111111111
111111111111111111111111111111111111111111110000000000000000000000000111111111111111111111111111111111111111111111111111
111111111111111111111111111111111111111111110000000000000000000000000111111111111111111111111111111111111111111111111111
111111111111111111111111111111111111111111100000000000000000000000000111111111111111111111111111111111111111111111111111
111111111111111111111111111111111111111111000000000000000000000000000111111111111111111111111111111111111111111111111111
