000000000000000000000000000000000000000000000000000000000000000011111111111111111111111111111000000000000000000000000000
000000000000000000000000000000000000000000000000000000000000000111111111111111111111111111111111111111111000000000000000
000000000000000000000000000000000000000000000000000000000000001111111111111111111111111111111111111111111000000000000000
000000000000000000000000000000000000000000000000000000000000001111111111111111111111111111111111111111000000000000000000
000000000000000000000000000000000000000000000000000000000000111111111111111111111111111111111111100000000000000000000000
000000000000000000000000000000000000000000000000000000001111111111111111111111111111111111111111000000000000000000000000
000000000000000000000000000000000000000000000000000000111111111111111111111111111111111111111111100000000000000000000000
000000000000000000000000000000000000000000000000000000111111111111111111111111111111111111111111110000000000000000000000
000000000000000000000000000000000000000000000000000000000011111111111111111111111111111111111111100000000000000000000000
000000000000000000000000000000000000000000000000000000001111111111111111111111111111111111111111000000000000000000000000
000000000000000000000001111111111111111000000000000000111111111111111111111111111111111111110000000000000000000000000000
111110000000001111111111111111111111111111111111111000111111111111111111111111111111111111100000000000000000000000000000
111111111111111111111111111111111111111111111111111111111111111111111111111111111111111111110000000000000000000000000000
111111111111111111111111110000000111111111111111111111111111111111111111111111111111111111000000000000000000000000000000
111111111111111110000000000000000000000000000001111111111111111111111111111111111111111110000000000000000000000000000000
111111111110000000000000000000000000000000000000000000011111111111111111111111111111111100000000000000000000000000000000
000000000000000000000000000000000000000000000000000000000011111111111111111111111111111100000000000000000000000000000000
000000000000000000000000000000000000000000000000000000000000011111111111111111111111110000000000000000000000000000000000
000000000000000000000000000000000000000000000000000000000000000001111111111111111111111100000000000000000000000000000000
000000000000000000000000000000000000000000000000000000000000000011111111111111111111111111100000000000000000000000000000
000000000000000000000000000000000000000000000000000000000000000111111111111111111111111111111110000000000000000000000000
000000000000000000000000000000000000000000000000000000000000000111111111111111111111111111111111110010000000000000000000
000000000000000000000000000000000000000000000000000000000000001111111111111111111111111111111111111111111000000000000000
000000000000000000000000000000000000000000000000000000000000001011111111111111111111111111011111111111111110000000000000
000000000000000000000000000000000000000000000000000000000000000011111111111111111111111111100011111111111111111000000000
000000000000000000000000000000000000000000000000000000000000000011111111111111111111111111110001111111111111111100000000
000000000000000000000000000000000000000000000000000000000000000011111111111111111111111111110001111111111111111111000000
000000000000000000000000000000000000000000000000000000000000000011111111111111111111111111110011111111111111111111110000
000000000000000000000000000000000000000000000000000000000000000011111111111111111111111111111111111111111111111111111110
000000000000000000000000000000000000000000000000000000000000000011111111111111111111111111111111111111111111101111111111
000000000000000000000000000000000000000000000000000000000000000011111111111111111111111111111111111111111111110011111111
000000000000000000000000000000000000000000000000000000000000000011111111111111111111111111111111111111111111110000011111
000000000000000000000000000000000000000000000000000000000000000011111111111111111111111111111111111111111111100000111111
000000000000000000000000000000000000000000000000000000000000000011111111111111111111111111111111111111111111111111111111
000000000000000000000000000000000000000000000000000000000000000001111111111111111111111111111111111111111111111111111111
000000000000000000000000000000000000000000000000000000000000000001111111111111111111111111111111111111111111111111111111
000000000000000000000000000000000000000000000000000000000000000001111111111111111111111111111111111111111111111111111111
000000000000000000000000000000000000000000000000000000000000000001111111111111111111111111111100000011111111111111111110
000000000000000000000000000000000000000000000000000000000000000011111111111111111111111111110000000000000001111111111110
000000000000000000000000000000000000000000000000000000000000000011111111111111111111111111000000000000000000000011111100
