000000000000000000000000000000000000000000000000000000000000000000000000000000000000000000000000000000000000000000000000
000000000000000000000000000000000000000000000000000000000000000000000000000000000000000000000000000000000000000000000000
000000000000000000000000000000000000000000000000000000000000000000000000000000000000000000000000000000000000000000000000
000000000000000000000000000000000000000000000000000000000000000000000000000000000000000000000000000000000000000000000000
000000000000000000000000000000000000000000000000000000000000000000000000000000011111111111100000000000000000000000000000
000000000000000000000000000000000000000000000000000000000000000000000000001111111111111111111110000000000000000000000000
000000000000000000000000000000000000000000000000000000000000000000000000111111111111111111111111000000000000000000000000
000000000000000000111111100000000000000000000000000000000000000000000011111111111111111111111110000000000000000000000000
000000000000000000011111111111110000000000000000000000000000000000000111111111111111111111111100000000000000000000000000
000000000000000000011111111111111111110000000000000000000000000000011111111111111111111111111110000000000000000000000000
000000000000000000011111111111111111111111100000000000000000000000111111111111111111111111111110000000000000000000000000
000000000000000000111111111111111110000001111111111000000000000011111111111111111111111111111110000000000000000000000000
000000000000000000111111111111111100000000000000011111111111011111111111111111111111111111111100000000000000000000000000
000000000000000001111111111111111000000000000000000000000111111111111111111111111111111111110000000000000000000000000000
000000000000000001111111111111111000000000000000000000000000000000111111111111111111111111111110000000000000000000000000
000000000000000011111111111111110000000000000000000000000000000000001110011111111111111111111111111111000000000000000000
000000000000000011111111111111100000000000000000000000000000000000000000011111111111111111111111111111110000000000000000
000000000000000011111111111111100000000000000000000000000000000000000000011111111111111111111111111111111111111111000000
000000000000000011111111111111000000000000000000000000000000000000000000001111111111111111111111111111110000011111111111
000000000000000111111111111111000000000000000000000000000000000000000000000001111111111111111111111111111000000000000000
000000000000000111111111111111000000000000000000000000000000000000000000000001111111111111111111111111111000000000000000
000000000000000111111111111111000000000000000000000000000000000000000000000011111111111111111111111111111100000000000000
000000000000000111111111111110000000000000000000000000000000000000000000001111111111111111111111111111111110000000000001
000000000000000011111111111110000000000000000000000000000000000000000000011111111011111111111111111111111111100011111111
000000000000000011111111111110000000000000000000000000000000000000000000111111100001111111111111111111111111111111111111
000000000000000011111111111110000000000000000000000000000000000000000000011111111001111111111111111111111111111111111111
000000000000000011111111111110000000000000000000000000000000000000000000000111111111111111111111111111100111111111111000
000000000000000001111111111111000000000000000000000000000000000000000000000000111111111111111111111111100000000000000000
000000000000000001111111111111000000000000000000000000000000000000000000000000001111111111111111111111000000000000000000
000000000000000001111111111111000000000000000000000000000000000000000000000000000001111111111111111111100000000000000000
000000000000000000111111111111100000000000000000000000000000000000000000000000000001111111111111111111111000000000000000
000000000000000000011111111111110000000000000000000000000000000000000000000000000011111111111111111111111000000000000000
000000000000000000001111111111110000000000000000000000000000000000000000000000001111111111111111111111111100000000000000
000000000000000000000111111111111000000000000000000000000000000000000000000000111111111111111111111111111110000000000000
000000000000000000000011111111111100000000000000000000000000000000000000000011111111111111111111111111111111000000000000
000000000000000000000001111111111110000000000000000000000000000000000000001111111111111111111111111111111111110000000000
000000000000000000000000111111111111000000000000000000000000000000000001111111111111111111111111111111111111111000000000
000000000000000000000000011111111111100000000000000000000000000000000111111111111111111111111111111111111111111110000000
000000000000000000000000001111111111110000000000000000000000000000111111111111111111111111111111111111111111111100000000
000000000000000000000000000111111111110000000000000000000000000111111111111111111111111111111111111111111111111100000000
