111111111111000000000000000000111111111111111111111111111111111111111111100000000000000000000000000000000000000000000000
111111111111000000000000000011111111111111111111111111111111111111111111100000000000000000000000000000000000000000000000
111111111111000000000000001111111111111111111111111111111111111111111111100000000000000000000000000000000000000000000000
111111111111000000000000111111111111111111111111111111111111111111111111100000000000000000000000000000000000000000000000
111111111111100000000000111111111111111111111111111111111111111111111111100000000000000000000000000000000000000000000000
111111111111100000000000111111111111111111111111111111111111111111111111100000000000000000000000000000000000000000000000
111111111111100000000000111110001111111111111111111111111111111111111111100000000000000000000000000000000000000000000000
111111000000000000010000110000001111111111111111111111111111111111111111100000000000000000000000000000000000000000000000
111111100110000000010000000000001111111111111111111111111111111111111111100000000000000000000000000000000000000000000000
111111100011000000000000000000011111111111111111111111111111111111111111100000000000000000000000000000000000000000000000
111111111111100000000000000000011111111111111111111111111111111111111111100000000000000000000000000000000000000000000000
111111111111111000000000000001111111111111111111111111111111111111111111100000000000000000000000000000000000000000000000
111111111111111100000000000111111111111111111111111111111111111111111111100000000000000000000000000000000000000000000000
111111111111110000000000011111111111111111111111111111111111111111111111100000000000000000000000000000000000000000000000
111110000000000000000000000011111111111111111111111111111111111111111111100000000000000000000000000000000000000000000000
111111110000000000000000000011111111111111111111111111111111111111111111100000000000000000000000000000000000000000000000
111111111111000000000111111111111111111111111111111111111111111111111111100000000000000000000000000000000000000000000000
111111111111100000000111111111111111111111111111111111111111111111111111100000000000000000000000000000000000000000000000
111111111111110000000000111111111111111111111111111111111111111111111111100000000000000000000000000000000000000000000000
111111111111111100001111111111111111111111111111111111111111111111111111100000000000000000000000000000000000000000000000
111111111111111111111111111111111111111111111111111111111111111111111111100000000000000000000000000000000000000000000000
111111111111111111111111111111111111111111111111111111111111111111111111100000000000000000000000000000000000000000000000
111111111111111111111111111111111111111111111111111111111111111111111111100000000000000000000000000000000000000000000000
111111111111111111111111111111111111111111111111111111111111111111111111100000000000000000000000000000000000000000000000
111111111111111111111111111111111111111111111111111111111111111111111111100000000000000000000000000000000000100000000000
111111111111111111111111111111111111111111111111111111111111111111111111100000000000000000000000000000000001111111100000
111111111111111111111111111111111111111111111111111111111111111111111111100000000000000000000000000000000011111111111000
111111111111111111111111111111111111111111111111111111111111111111111111100000000000000000000000000000000111111111111100
111111111111111111111111111111111111111111111111111111111111111111111111100000000000000000000000000000001111111111110000
111111111111111111111111111111111111111111111111111111111111111111111111100000000000000000000000000000011111111111100000
111111111111111111111111111111111111111111111111111111111111111111111111100000000000000000000000000001111111111111100000
111111111111111111111111111111111111111111111111111111111111111111111111100000000000000000000000001111111111111111111111
111111111111111111111111111111111111111111111111111111111111111111111111100000000000000000000000011111111111111111111111
111111111111111111111111111111111111111111111111111111111111111111111111100000000000000000000000111111111111111111111111
111111111111111111111111111111111111111111111111111111111111111111111111100000000000000000000001111111111111111111111110
111111111111111111111111111111111111111111111111111111111111111111111111100000000000000000000001111111111111111111111110
111111111111111111111111111111111111111111111111111111111111111111111111100000000000000000000001111111111111111111111110
111111111111111111111111111111111111111111111111111111111111111111111111100000000000000000000000000011111111111111111111
111111111111111111111111111111111111111111111111111111111111111111111111100000000000000000000000000011111111111111111111
111111111111111111111111111111111111111111111111111111111111111111111111100000000000000000000000000011111101111111111111
