000000000000000000000000000000000000000000000000000000000000000000000000000000000000000000000000000000000000000000000000
000000000000000000000000000000000000000000000000000000000000000000000000000000000000000000000000000000000000000000000000
000000000000000000000000000000000000000000000000000000000000000000000000000000000000000000000000000000000000000000000000
000000000000000000000000000000000000000000000000000000000000000000000000000000000000000000000000000000000000000000000000
000000000000000000000000000000000000000000000000000000000000000000000000000000000000000000000000000000000000000000000000
000000000000000000000000000000000000000000000000000000000000000000000000000000000000000000000000000000000000000000000000
000000000000000000000000000000000000000000000000000000000000000000000000000000000000000000000000000000000000000000000000
000000000000000000000000000000000000000000000000000000000000000000000000000000000000000000000000000000000000000000000000
000000000000000000000000000000000000000000000000000000000000000011100000001111100000000000000000000000000000000000000000
000000000000000000000000000000000000000000000000000000000000000011110000111110000000000000000000000000000000000000000000
000000000000000000000000000000000000000000000000000000000000000011110000111000000000000000000000000000000000000000000000
000000000000000000000000000000000000000000000000000000000000000001111000111000000000000000000000000000000000000000000000
000000000000000000000000000000000000000000000000000000000000000000111000111100000000000000000000000000000000000000000000
000000000000000000000000000000000000000000000000000000000000000000011111111110000000111100000000000000000000000000000000
000000000000000000000000000000000000000000000000000000000000000000011111111111100000111110000000000000000000000000000000
000000000000000000000000000000000000000000000000000000000000000000111111111111100011111110000000000000000000000000000000
000000000000000000000000000000000000000000000000000000000000000000111111111111100111111100000000000000000000000000000000
000000000000000000000000000000000000000000000000000000000000000000111111111111111111111000000000000000000000000000000000
000000000000000000000000000000000000000000000000000000000000000001111111111111111111110000000000000000000000000000000000
000000000000000000000000000000000000000000000000000000000000000001111111111111111100000000000000000000000000000000000000
000000000000000000000000000000000000000000000000000000000000000001111111111111110000000000000000000000000000000000000000
000000000000000000000000000000000000000000000000000000000000000011111111111111111000000000000000000000000000000000000000
000000000000000000000000000000000000000000000000000000000000000011111111111111111000000000000000000000000000000000000000
000000000000000000000000000000000000000000000000000000000000000111111111111111111100000000000000000000000000000000000000
000000000000000000000000000000000000000000000000000000000000001111111111111111111110000000000000000000000000000000000000
000000000000000000000000000000000000000000000000000000000000011111111111111111111101000000000000000000000000000000000000
000000000000000000000000000000000000000000000000000000000000111111111111111111111100000000000000000000000000000000000000
000000000000000000000000000000000000000000000000000000000001111111111111111111111100000000000000000000000000000000000000
000000000000000000000000000000000000000000000000000000000011111111111111111111111100000000000000000000000000000000000000
000000000000000000000000000000000000000000000000000000000011111111111111111111111100000000000000000000000000000000000000
000000000000000000000000000000000000000000000000000000000111111111111111111111111100000000000000000000000000000000000000
000000000000000000000000000000000000000000000000000000000111111111111111111111111000000000000000000000000000000000000000
000000000000000000000000000000000000000000000000000000000011111111111111111111111100000000000000000000000000000000000000
000000000000000000000000000000000000000000000000000000000011111111111111111111100000000000000000000000000000000000000000
000000000000000000000000000000000000000000000000000000000000011111000001111111100000000000000000000000000000000000000000
000000000000000000000000000000000000000000000000000000000000000000000001111111100000000000000000000000000000000000000000
000000000000000000000000000000000000000000000000000000000000000000000000111111100000000000000000000000000000000000000000
000000000000000000000000000000000000000000000000000000000000000000000000111111110000000000000000000000000000000000000000
000000000000000000000000000000000000000000000000000000000000000000000000111111110000000000000000000000000000000000000000
000000000000000000000000000000000000000000000000000000000000000000000001111111110000000000000000000000000000000000000000
