000000000000000000000000000000000000000000000000000000000000000000000000000001111111111111111111110000000000000000000000
000000000000000000000000000000000000000000000000000000000000000000000001111111111111111111111111111111100000000000000000
000000000000000000000000000000011110000000000000000000000000000000001111111111111111111111111111111111111100000000000000
000000000000000000000000000001111111000000000000000000000000000001111111111111111111111111111111111111111111100000000000
000000000000000000000000000111111111000000000000000000000000000011111111111111111111111111111111111111111111111100000000
000000000000000000000000001111111111111111111000000000000000001111111111111111111111111111111111111111111111111111110000
000000000000000000000000011111111111111111111110000000000000011111111111111111111111111111111111111111111111111111111111
000000000000000000000000001111111111111111111100000000000001111111111111111111111111111111111111110000000000111111111111
000000000000000000000000000011111111111111111000001111111111111111111111111111111111111111111111110000000000000001111111
000000000000000000000000000000011111111111111111111111111111111111111111111111111111111111111111111000000000000000000000
000000000000000000000000000000000011111111111111111111111111111111111111111111111111111111111111111000000000000000000000
000000000000000000000000111111111111111111111111111111111111111111111111111111111111111111111111111000000000000000000000
000000000000000000000001111111111111111111111111111111111111111111111111111111111111111111111111111111111111000000000000
000000000000000000000000111111111111111111111111111111111111111111111111111111111111111111111111111111111111111111111110
000000000000000000000000000111111111111111111111111111111111111111111111111111111111111111111111111111111111111111111111
000000000000000000000000000000000111111111111111111111111111111111111111111111111111111111111111111111111111111111111111
000000000000000000000000000000000000001111111111111111111111111111111111111111111111111111111111111111111111111111111111
000000000000000000000000000000000000000000000001111111111111111111111111111111111111111111111111111111111111111111111111
000000000000000000000000000000000000000000000000000001111111111111111111111111111111111111111111111111111111111111111111
000000000000000000000000000000000000000000000000000000001110011111111111111111111111111111111111111111111111111111111111
000000000000000000000000000000000000000000000000000000000000001111111111111111111111111111111111111111111111111111111111
000000000000000000000000000000000000000000000000000000000000011111111111111111111111111111111111111111111111111111111111
000000000000000000000000000000000000000000000000000000000101111111111111111111111111111111111111111111111111111111111111
000000000000000000000000000000000000000000000000000000000111111111111111111111111111111111111111111111111111111111111111
000000000000000000000000000000000000000000000000000000011111111111111111100111111111111111111111111111111111111111111111
000000000000000000000000000000000000000000000000000001111111111111111111100111111111111111111111111111111111111111111111
000000000000000000000000000000000000000000000000000000111111111111111111100011111111111111111111111111111111111111111111
000000000000000000000000000000000000000000000000000000111111111111111111100011111111111111111111111111111111111111111111
000000000000000000000000000000000000000000000000000000001111111111111111111111111111111111111111111111111111111111111111
000000000000000000000000000000000000000000000000000000000011111111111111111111111111111111111111111111111111111111111111
000000000000000000000000000000000000000000000000000000000000000000011111111111111111111111111111111111111111111111110111
000000000000000000000000000000000000000000000000000000000000000000000011111111111111111111111111111111111110011111111000
000000000000000000000000000000000000000000000000000000000000000000000011111111111111111111111111111111111111100001111000
000000000000000000000000000000000000000000000000000000000000000000000011111111111111111111111111111111111111110000000010
000000000000000000000000000000000000000000000000000000000000000000000011111111111111111111111111111111111111111000000000
000000000000000000000000000000000000000000000000000000000000000000000011111111111111111111111111111111111111111100000001
000000000000000000000000000000000000000000000000000000000000000000000001111111111111111111111111111111111111111110000011
000000000000000000000000000000000000000000000000000000000000000000000001111111111111111111111111111111111111111111000011
000000000000000000000000000000000000000000000000000000000000000000000000111111111111111111111111111111111111111111100011
000000000000000000000000000000000000000000000000000000000000000000000000111111111111111111111111111111111111111111110011
