000000000000011111111111111111111000000000000000000000000000000000000000000000000000000000000000000000000000000000000000
000000000011111111111111111111111111000000000000000000000000000000000000000000000000000000000000000000000000000000000000
000000001111111111111111111111111111111110000000000000000000000000000000000000000000000000000000000000000000000000000000
000000011111111111111111111111111111111111111100000000000000000000000000000000000000000000000000000000000000000000000000
000001111111111111111111111111111111111111111111110000000000000000000000000000000000000000000000000000000000000000000000
000001111111111111111111111111111111111111111111110000000000000000000000000000000000000000000000000000000000000000000000
111111111111111111111111111111111111111111111111110000000000000000000000000000000000000000000000000000000000000000000000
111111111111111111111111111111111111111111111111110000000000000000000000000000001000000000000000000000000000000000000000
111111111111111111111111111111111111111111111111111100000000000000000000000000000000000000000000000000000000000000000000
111111111111111111111111111111111111111111111111111000000000000000000000000000000000000000000000000000000000000000000000
111111111111111111111111111111111111111111111111111000000000000000000000000000000000000000000000000000000000000000000000
111111111111111111111111111111111111111111111111111100000000010000000000000000000000000000000000000000000000000000000000
111111111111111111111111111111111111111111111111111000000010000000000000000000000000000000000000000000000000000000000000
111111111111111111111111111111111111111111111111111000011111111000000000000000000000000000000000000000000000000000000000
111111111111111111111111111111111111111111111111111001110000000000000000000000000000000000000000000000000000000000000000
111111111111111111111111111111111111111111111111111111010111000000000000000000000000000000000000000000000000000000000000
111111111111111111111111111111111111111111111111110000000011001100000000000000000000000000000000000000000000000000000000
111111111111111111111111111111111111111111111111111000000011110000000000000000000000000000000000000000000000000000000000
111111111111111111111111111111111111111111111111111110000110000000000000000000000000000000000000000000000000000000000000
111111111111111111111111111111111111111111111111111111110000000000000000000000000000000000000000000000000000000000000000
111111111111111111111111111111111111111111111111111111111000010000000000000000000000000000000000000000000000000000000000
111111111111111111111111111111111111111111111111111111111101110000000000000000100000000000000000000000000000000000000000
111111111111111111111111111111111111111111111111111111111110000000000111100101111110100000000000000000000000000000000000
111111111111111111111111111111111111111111111111111111111100000000000000001111111111000000000000000000100000000000000000
111111111111111111111111111111111111111111111111111111111100000000000001111111111000000000000000000000000000000000000000
111111111111111111111111111111111111111111111111111111111110000001111111111111100000000000000000000000000000000000000000
111111111111111111111111111111111111111111111111111111111111110000011111111110000000000000000000000000000000000000000000
111111111111111111111111111111111111111111111111111111111111001111111000000000000000000000000000000000000000000000000000
111111111111111111111111111111111111111111111111111111111110110000000000001100000000000000000000000000000000000000000000
111111111111111111111111111111111111111111111111111111111110000000000000000000000000000000000000000000000000000000000000
111111111111111111111111111111111111111111111111111111111100000000000000000000000000000000000000000000000000000000000000
111111111111111111111111111111111111111111111111111111111000000000000000000000000000000000000000000000000000000000000000
111111111111111111111111111111111111111111111111111111000000000000000000000000000000000000000000000000000000000000000000
111111111111111111111111111111111111111111111111110000000000000000000000000000000000000000000000000000000000000000000000
111111111111111111111111111111111111111111111100000000000000000000000000000000000000000000000000000000000000000000000000
111111111111111111111111111111111111111110000000000000000000000000000000000000000000000000000000000000000000000000000000
000111111111111111111111100000111111111111000000000000000000000000000000000000000000000000000000000000000000000000000000
000111111111111111111111100000001111111111000000000000000000000000000000000000000000000000000000000000000000000000000000
001111111111111111111111100000011111111111000000000000000000000000000000000000000000000000000000000000000000000000000000
001111111111111111111111110000111111111111100000000000000000000000000000000000000000000000000000000000000000000000000000
