000000000000000000000000000000000000000000000000000000000000000000000000000000000000000001111111111111111111111111111111
000000000000000000000000000000000000000000000000000000000000000000000000000000000000000000001111111111111111111111111111
000000000000000000000000000000000000000000000000000000000000000000000000000000000000000000000011111111111111111111111111
000000000000000000000000000000000000000000000000000000000000000000000000000000000000000000000000001100111110000000000000
000000000000000000000000000000000000000000000000000000000000000000000000000000000000000000000000000000000000000000000000
000000000000000000000000000000000000000000000000000000000000000000000000000000000000000000000000000000000000000000000000
000000000000000000000000000000000000000000000000000000000000000000000000000000000000000000000000000000000000000000000000
000000000000000000000000000000000000000000000000000000000000000000000000000000000000000000000000000000000000000000000000
000000000000000000000000000000000000000000000000000000000000000000000000000000000000000000000000000000000000000000000000
000000000000000000000000000000000000000000000000000000000000000000000000000000000000000000000000000000000000000000000000
000000000000000000000000000000000000000000000000000000000000000000000000000000000000000000000000000000000000001111111111
000000000000000000000000000000000000000000000000000000000000000000000000000000000000000000000000000000000001111111111111
000000000000000000000000000000000000000000000000000000000000000000000000000000000000000000000000000000000011111111111111
000000000000000000000000000000000000000000000000000000000011110000000000000000000000000000000000000000001111111111111111
000000000000000000000000000000000000000000000000000011111111111111110000000000000000000000000000000011111111111111111111
000000000000000000000000000000000000000000000000111111111111111111111111110000000000000000000000011111111111111111111111
000000000000000000000000000000000000000000000111111111111111111111111111111111110000000000011111111111111111111111111111
000000000000000000000000000000000000000000011111111100111111000111111111111111111111001111111111111111111111111111111111
000000000000000000000000000000000000000001111111111000011100000000111111111111111111111111111111111111111111111111111111
000000000000000000000000000000000000000001111110111101111000000000000111111111111111111111111111111111111111111111111111
000000000000000000000000000000000000000001111110000111100000000000000001111111111111111111111111111111111111111111111111
000000000000000000000000000000000000000000110110011111111000000000000000001111111111111111111111111100001111111111111111
000000000000000000000000000000000000000000000001011111110000000000000000000001111111111111100000000000000000000000111111
000000000000000000000000000000000000000000000000011111110000000000000000000000000000000000000000000000000000000000000000
000000000000000000000000000000000000000000000000011111110000000000000000000000000000000000000000000000000000000000000000
000000000000000000000000000000000000000000000000001111100000000000000000000000000000000000000000000000000000000000000000
000000000000000000000000000000000000000000000000001111110000000000000000000000000000000000000000000000000000000000000000
000000000000000000000000000000000000000000000000011111111000000000000000000000000000000000000000000000000000000000000000
000000000000000000000000000000000000000000000000000000000000000000000000000000000000000000000000000000000000000000000000
000000000000000000000000000000000000000000000000000000000000000000000000000000000000000000000000000000000000000000000000
000000000000000000000000000000000000000000000000000000000000000000000000000000000000000000000000000000000000000000000000
000000000000000000000000000000000000000000000000000000000000000000000000000000000000000000000000000000000000000000000000
000000000000000000000000000000000000000000000000000000000000000000000000000000000000000000000000000000000000000000000000
000000000000000000000000000000000000000000000000000000000000000000000000000000000000000000000000000000000000000000000000
000000000000000000000000000000000000000000000000000000000000000000000000000000000000000000000000000000000000000000000000
000000000000000000000000000000000000000000000000000000000000000000000000000000000000000000000000000000000000000000000000
000000000000000000000000000000000000000000000000000000000000000000000000000000000000000000000000000000000000000000000000
000000000000000000000000000000000000000000000000000000000000000000000000000000000000000000000000000000000000000000000000
000000000000000000000000000000000000000000000000000000000000000000000000000000000000000000000000000000000000000000000000
000000000000000000000000000000000000000000000000000000000000000000000000000000000000000000000000000000000000000000000000
