111111111111111111111111111111111111000000000000000000000000000000000000000000000000000000000000000000111111111111111111
111111111111111111111111111111111111110000000000000000000000000000000000000000000000000000000000000011111111111111111111
111111111111111111111111111111111111111110000000000000000000000000000000000000000000000100000000000111111111111111111111
111111111111111111111111111111111111111000000000000000000000000000000000000000000000011100000000000111111111111111111111
111111111111111111111111111111111111111110000000000000000000000000000000000000000000111100000000000011111111111111111111
111111111111111111111111111111111111111110000000000000000000000000000000000000000001111100000000000011111111111111111111
111111111111111111111111111111111111111111100000000000000000000000000000000000000001111100000000000011111111111111111111
111111111111111111111111111111111111111111110000000000000000000000000000000000000111111000000000000001111111111111111111
000011111111111111111111111111111111111111111101000000000000000000000000000000000111111000000000000001111111111111100000
000000001111111111111111111111111111111111111111110000000000000000000000000000111111111000000000000001111111111000000000
100000000000111111111111111111111111111111111111111010000000000000000010000111111111111100000000000011111110000000100000
000000111100000011111111111111111111111111111111111110000000000000101111001111111111111100000000000011100000011111000000
000000011111100000000000000000000000011111111111110000000000000000001111111111111100000000000000000000000001111110000000
000000001111100000000000000000000000000111111000000000000000000000000000001111111000000000000000000110000001111100000000
000000001111000000011111111110000110000010000000000000000000000000000000000001100000010000000000001110000000011100000000
000000001110000000001111111000000011100000000000000000000000000000000000000000000001110000000000011100000000011100000000
000000001100000000000111110000000001100000000000000000000000000000000000000000000011100000000001111000000000001110000000
100000001110000000001111100000000000000000000000000000000000000000000000000000000000000000000011111100000000011110000001
110000011111000000001111110000000000000000000000000000000000000000000000000000000000000000000011111100000000111110000011
111000011111000000001111110000000000000000000000000000000000000000000000000000000000000000000111111100000001111111000111
111100011111100000011111111000000000000000000000000000000000000000111111111111111111111111111111111111111111111111111111
111100111111110000111111111111111111111111111111111111111111111111111111111111111111111111111111111111111111111111111111
111111111111111111111111111111111111111111111111111111111111111111111111111111111111111111111111111111111111111111111111
111111111111111111111111111111111111111111111111111111111111111111111111111111111111111111111111111111111111111111111111
111111111111111111111111111111111111111111111111111111111111111111111111000000000000001100111111111111111111111111111111
111111111111111111111111111111000000000000000000000000000000000000000000000000000000000100111111111111111111111111111111
111111111111111111111111111111000000000000000000000000000000000000000000000000000000000011111111111111111111111111111111
111111111111111111111111111111000000000000000000000000000000000000000000000000000000000001111111111111111111111111111111
111111111111111111111111111110000000000000000000000000000000000000000000000000000000000001111111111111111111111111111111
111111111111111111111111111110000000000010000000000000000000000000000000000000000000000000111111111111111111111111111111
111111111111111111111111111100000000000110000000000000000000000000000000000000000000000000111111111111111111111111111111
111111111111111111111111111100000000000110000000000000000000000000000000000000010000000000011111111111111111111111111111
111111111111111111111111111000000000001110000000000000000000000000000000000000010000000000011111111111111111111111111111
111111111111111111111111000000000000011110000000000000000000000000000000000000011000000000000011111111111111111111111111
111111111111111111110000000000000000111110000000000000000000000000000000000000011100000000000000000111111111111111111111
111111111111111110000000000000000001111110000000000000000000000000000000000000011110000000000000000000011111111111111111
111111111111100000000000000000000011111110000000000000000000000000000000000000011111100000000000000000000011111111111111
111111111000000000000000000000001111111100000000000000000000000000000000000000011111111000000000000000000000001111111110
001111000000000000000000000011111111111110000000000000000000000000000000000000011111111111000000000000000000000000111100
000000000000000000000000011111111111111100000000000000000000000000000000000000011111111111111100000000000000000000000000
