111111111111111111111111111111111111110000000000000000000000000000000000000000000000000000000000001111111111111111111111
111111111111111111111111111111111111100000000000000000000000000000000000000000000000000000000000001111111111111111111111
111111111111111111111111111111111111000000000000000000000000000000000000000000000000000000000000001111111111111111111111
111111111111111111111111111111111111110000000000000000000000000000000000000000000000000000000000011111111111111111111111
111111111111111111111111111111111111111100000000000000000000000000000000000000000000000000000000111111111111111111111111
111111111111111111111111111111111111111111100000000000000000000000000000000000000000000000000001111111111111111111111111
111111111111111111111111111111111111111111000000000000000000000000000000000000000011000000000001111111111111111111111111
111111111111111111111111111111111111111111100000000000000000000000000000000000000111000000000001111111111111111111111111
111111111111111111111111111111111111111111100000000000000000000000000000000000001111000000000011111111111111111111111111
111111111111111111111111111111111111111111111000000000000000000000000000000000001111000000000001111111111111111111100001
000000001111111111111111111111111111111111111110000000000000000000000000000000011111000000000001111111111111110000000000
001100000000011111111111111111111111111111111111010000000000000000000000000010011111000000000001111111111100000000011111
111111110000000001111111111111111111111111111111111101000000000010000100001111111111000000000001111111000000000001111111
011111100000111000000111111111111111111111111111111111000000000001011100111111111111000000000011110000001110000000111110
000111000000001111000000000000000000000011111111111110000000000000111111111111100000000000000000000001111100000000111000
000011000000000111100000111010000000000001111110000000000000000000000000111111000000000000000111000000111000000000111000
000011100000000111000000111111110000010000010000000000000000000000000000000110000110000000001110000000011000000001110000
000001110000000110000000011111100000001100000000000000000000000000000000000000011100000000011100000000011100000011110000
000001111000000110000000001111000000000100000000000000000000000000000000000000000000000000111100000000011100000111110000
100001111100000111000000011111000000000000000000000000000000000000000000000000000000000001111110000000111100001111110001
110001111110001111100000011111100000000000000000000000000000000000000000000000000000000011111110000001111100111111110011
111101111111001111110000011111110000000000000000000000000000000000000000000000000000000011111110000011111101111111111111
111111111111111111111000011111111000000000000000000000000000000000000000000000000000000111111110000111111111111111111111
111111111111111111111100011111111000000000000000000000000000000000000000000000000000001111111110001111111111111111111111
111111111111111111111110111111111100000000000000000000000000000000000000000000000000011111111111011111111111111111111111
111111111111111111111111111111111110000000000000000000000000000000000000000000000000011111111111111111111111111111111111
111111111111111111111111111111111110000000000000000000000000000000000000000000000000111111111111111111111111111111111111
111111111111111111111111111111111100000000000000000000000000000000000000000000000000011111111111111111111111111111111111
111111111111111111111111111111111000000000000000000000000000000000000000000000000000011111111111111111111111111111111111
111111111111111111111111111111111000000000010000000000000000000000000000000000000000001111111111111111111111111111111111
111111111111111111111111111111110000000000100000000000000000000000000000000000000000001111111111111111111111111111111111
111111111111111111111111111111110000000001100000000000000000000000000000000010000000000111111111111111111111111111111111
111111111111111111111111111111100000000011110000000000000000000000000000000011000000000011111111111111111111111111111111
111111111111111111111111111000000000000011110000000000000000000000000000000011100000000000001111111111111111111111100011
100000111111111111111110000000000000000111110000000000000000000000000000000011110000000000000000111111111111111110000011
110000001111111111110000000000000000011111100000000000000000000000000000000011111000000000000000000011111111111100000111
000000000011111100000000000000000001111111100000000000000000000000000000000001111110000000000000000000001111100000000001
000000000000000000000000000000001111111111100000000000000000000000000000000011111111111000000000000000000000000000000000
000000000000000000000000000011111111111111100000000000000000000000000000000001111111111111100000000000000000000000000000
000000000000000000000000111111111111111111000000000000000000000000000000000000111111111111111110000000000000000000000000
