000000000000000000000000000000000000011111111111111111111111111111111111111111000000000000000000001111111111111111111111
000000000000000000000000000000000000111111111111111111111111111111111111100000000000000000000000000011111111111111111111
000000000000000000000000000000000011111111111111111111111111111111100000000000000000000000000000000000011111111111111111
000000000000000000000000000000000011111111111111111111111110000000000000000000000000000000000000000000000011111111111111
000000000000000000000000000000000000011111111111111111111100000000000000000000000000000000000000000000000000001111111111
000000000000000000000000000000000000000111111111111111111100000000000000000000000000000000000000000000000000000000011111
000000000000000000000000000000000000000001111111111111111110000000000000000000000000000000000000000000000000000000000000
000000000000000000000000000000000000000000111111111111111110000000000000000000000000000000000000000000000000000000000000
000000000000000000000000000000000000000011111111111111111111000000000000000000000000000000000000000000000000000000000000
000000000000000000000000000000000000111111111111111111111111100000000000000000000000000000000000000000000000000000000000
000000000000000000000000000000000011111111111111111111111111111000000000000000000000000000000000000000000000000000000000
000000000000000000000000000000000001111111111111111111111111111100000000000000000000000000000000000000000000000000000011
000000000000000000000000000000000001111111111111111111111111111111000000000000000000100000000000000000000000000000001111
000000000000000000000000000000000000111111111111111111111111111111110000000000000000110000000000000000000000000000011111
000000100000000000000000000000000000011111111111111111111111111111111110000000000001110000000000000000000000000011111111
100111111000000000000111110000000000011111111111111111111111111111111111111000000011110000000000000000000000011111111111
111111111111000000011111111111110000111111111111111111111111111111111111111111111111111000000000000000001111111111111111
111111111111110000111111111111111111111111111111111111111111111111111111111111111111111111111111111111111111111111111111
111111111111111111111111111111111111111111111111111111111111111111111111111111111111111111111111111111111111111111111111
111111111111111111111111111111111111111111111111111111111111111111111111111111111111111111111111111111111111111111111111
111111111101111111111111111111111111111111111111111111111111111111111111111111111111111111101111111111111111111111111111
111111111000011111111111111111111111111111111111111111111111111111111111111111111111111110000000111111111111111111111111
111111110000000111111111111111111111111111111111111111111111111111111111111111111111111100000000000111111110000111111111
111111100000000001111111111111111111111111110000000001111111111111111111111111111111111000000000000000011000000001111111
111111000000000000011111111111111111000000000000000111111111111111100000000000000011110000000000000000000000000000011111
111111000000000000001111111111100000000000000000001111111111111111100000000000000000000000000000000000000000000000001111
111111000000000000000111111000000000000000000000011111111111111111110000000000000000000000000000000000000000000000000000
111111000000000000000011100000000000000000000001111111111111111111111000000000000000000000000000000000000000000000000000
111111100000000000000110000000000000000000000011111111111111111111111110000000000000000000000000000000000000000000000000
000011110000000000000000000000000000000000000111111111111111111111111111000000000000000000000000000000000000000000000000
000000001100000000000000000000000000000000011111111111111111111111111111100000000000000000000000000000000000000000000000
000000000000000000000000000000000000000001111111111111111111111111111111110000000000000000000000000000000000000000000000
000000000000000000000000000000000000011111111111111111111111111111111110000000000000000000000000000000000000000000000000
000000000000000000000000000000000111111111111111111111111111111111110000000000000000000000000000000000000000000000000000
111000000000000000000000000000000000111111111111111111111111111110000000000000000000000000000000000000000000000000000000
111111100000000000000000000000000000000111111111111111111111111111000000000000000000000000000000000000000000000000000000
111110000000000000000000000000000000000000111111111111111111111111110000000000000000000000000000000010011110000000000000
100000000010000000000000000000000000000000001111111111111111111111111110000000000000000000000000011111111111100000000000
000001111110000000000001000000000000000000000011111111111111111111111111110000000000000000000000001111111111111000000000
011111111110000000000000110000000000000000000000111111111111111111111111111110000000000000000000111111111111111110000000
