000000000000000000000000000000000000000000000000000000000000000000000000000000000000000000000000000000000000000000000000
000000000000000000000000000000000000000000000000000000000001111111111111110000000000000000000000000000000000000000000000
000000000000000000000000000000000000000000000000000000111111111111111111111100000000000000000000000000000000000000000000
000000000000000000000000000000000000000000000000000111111111111111111111111110000000000000000000000000000000000000000000
000000000000000000000000000000000000000000000000001111111111111111111111111111111111111000000000000000000000000000000000
000000000000000000000000000000000000000000000000001111111111111111111111111111111111111111000000000000000000000000000000
000000000000000000000000000000000000000000000000011111111111111111111111111111111111111100000000000000000000000000000000
000000000000000000000000000000000000000000000000111111111111111111111111111111111110000000000000000000000000000000000000
000000000000000000000000000000000000000000001111111111111111111111111111111111111100000000000000000000000000000000000000
000000000000000000000000000000000000000000111111111111111111111111111111111111111110000000000000000000000000000000000000
000000000000000000000000000000000000000000111111111111111111111111111111111111111111000000000000000000000000000000000000
000000000000000000000000000000000000000000000111111111111111111111111111111111111110000000000000000000000000000000000000
000000000000000000000000000000000000000000001111111111111111111111111111111111111100000000000000000000000000000000000000
000001111111111111111111111111000000000000111111111111111111111111111111111110000000000000000000000000000000000000000000
111111111111111111111111111111111111111001111111111111111111111111111111111111000000000000000000000000000000000000000000
111111111111111111111111111111111111111111111111111111111111111111111111111110000000000000000000000000000000000000000000
111110000000000000000000000011111111111111111111111111111111111111111111111000000000000000000000000000000000000000000000
000000000000000000000000000000000000011111111111111111111111111111111111111000000000000000000000000000000000000000000000
000000000000000000000000000000000000000000001111111111111111111111111111111000000000000000000000000000000000000000000000
000000000000000000000000000000000000000000000001111111111111111111111111110000000000000000000000000000000000000000000000
000000000000000000000000000000000000000000000000000011111111111111111111100000000000000000000000000000000000000000000000
000000000000000000000000000000000000000000000000000011111111111111111111110000000000000000000000000000000000000000000000
000000000000000000000000000000000000000000000000000111111111111111111111111111000000000000000000000000000000000000000000
000000000000000000000000000000000000000000000000000111111111111111111111111111111111100000000000000000000000000000000000
000000000000000000000000000000000000000000000000001111111111111111111111111111111111111100000000000000000000000000000000
000000000000000000000000000000000000000000000000001011111111111111111111111111111111111111100000000000000000000000000000
000000000000000000000000000000000000000000000000000011111111111111111111111100111111111111111100000000000000000000000000
000000000000000000000000000000000000000000000000000011111111111111111111111110111111111111111100000000000000000000000000
000000000000000000000000000000000000000000000000000011111111111111111111111110111111111111111111100000000000000000000000
000000000000000000000000000000000000000000000000000011111111111111111111111111111111111111111111111100000000000000000000
000000000000000000000000000000000000000000000000000011111111111111111111111111111111111111011111111111000000000000000000
000000000000000000000000000000000000000000000000000011111111111111111111111111111111111111000011111111111100000000000000
000000000000000000000000000000000000000000000000000011111111111111111111111111111111111111110000011111111111100000000000
000000000000000000000000000000000000000000000000000011111111111111111111111111111111111111100000001111111111111000000000
000000000000000000000000000000000000000000000000000011111111111111111111111111111111111111011111111111111111111100000000
000000000000000000000000000000000000000000000000000011111111111111111111111111111111111111111111111111111111111110000000
000000000000000000000000000000000000000000000000000011111111111111111111111111111111111111111111111111111111111111000000
000000000000000000000000000000000000000000000000000011111111111111111111111111111111111111111111111111111000111111110000
000000000000000000000000000000000000000000000000000001111111111111111111111111000001111111111111111111100000011111111100
000000000000000000000000000000000000000000000000000001111111111111111111111110000000000000011111111111000000000111111110
