000000000000000000000000000000000000000000000000000000000000000000000000000000000000000000000000000000000000000000000000
000000000000000000000000000000000000000000000000000000000000000000000000000000000000000000000000000000000000000000000000
000000000000000000000000000000000000000000000000011111111111111111111100000000000000000000000000000000000000000000000000
000000000000000000000000000000000000000000000001111111111111111111111111100000000000000000000000000000000000000000000000
000000000000000000000000000000000000000000000011111111111111111111111111110000000000000000000000000000000000000000000000
000000000000000000000000000000000000000000000111111111111111111111111111111111111000000000000000000000000000000000000000
000000000000000000000000000000000000000000000111111111111111111111111111111111111110000000000000000000000000000000000000
000000000000000000000000000000000000000000000111111111111111111111111111111111111111000000000000000000000000000000000000
000000000000000000000000000000000000000000000111111111111111111111111111111111111111100000000000000000000000000000000000
000000000000000000000000000000000000000000001111111111111111111111111111111111111111100000000000000000000000000000000000
000000000000000000000000000000000000000000111111111111111111111111111111111111111110000000000000000000000000000000000000
000000000000000000000000000000000000000001111111111111111111111111111111110011111110000000000000000000000000000000000000
000000000000000000000000000000000000000000001011111111111111111111111111110011111111000000000000000000000000000000000000
000000000000000000000000000000000000000000000111111111111111111111111111110011111111100000000000000000000000000000000000
000000000000000000000000000000000000000000000000111111111111111111111111010011111111100000000000000000000000000000000000
000000000000000000000000000000000000000000000000011111111111111111111100000011111111110000000000000000000001111000000000
000000011111110000000000000000000000000000000000010110011111111100010000000001111111100000000000000000001111111111000000
000111111101111111000000000000000000000000000000000000011111111100000000000001111111100000000000000011111111000111111100
111111110000001111111100000000000000000000000000000001111111111111100000000000111111000000000000011111111000000011111111
111111111000001111101111100000000000000000000000111111111111111111111100000000001110000000000111110001111100000111111011
000111111100011111100001111111100000011110000001111111111111111111111111100000111111111111111111000011111110001111111000
000111111100011111100000111111111111111111111111111111111111111111111111111111111111111000011111000011111110001111111000
000111111000011111100001111110000011111000111111111111111111111111111111111110000111110000011111100001111100000111110000
000011111000001111000001111110000111111000111111111111111111111111111111111111001111110000111111100001111100000111110000
000001110000001111000001111110000111111100011111111111111111111111111111111100001111110000011111100000111000000011100000
000001110000000110000001111110000111111001111111111111111111111111111111111110001111110000011111000000111000000011000000
000000100000000110000000111100000011111000011111111111111111111111111111111100000111100000001110000000010000000001000000
000000000000000000000000011100000011110000111111111111111111111111111111111110000011100000001110000000000000000000000000
000000000000000000000000011000000001110001111111111111111111111111111111111111000011000000000100000000000000000000000000
000000000000000000000000001000000001100001111111111111111111111111111111111111000001000000000000000000000000000000000000
000000000000000000000000000000000000000011111111111111111111111111111111111111000000000000000000000000000000000000000000
000000000000000001111000000000000000001111111110111111111111111111111110111111111000000000000000001111000000000000000000
000000001000000000001111100000000111111111111000111111111111111111111110011111111111111100000111111100000000001100000000
000000001111111111111111111111111111111111110000111111111111111111111111000111111111111111111111111111111111111100000000
000000000111111111111111111111111111111100000000111111111111111111111111000000111111111111111111111111111111110000000000
000000000001111111111111111111111100000000000000111111111111111111111111000000000000001111111111111111111111100000000000
000000000000000000111111100000000000000000000001111111111111111111111111100000000000000000000000000011111100000000000000
000000000000000000000000000000000000000000000011111111111111111111111111110000000000000000000000000000000000000000000000
000000000000000000000000000000000000000000000111111111111111111111111111111000000000000000000000000000000000000000000000
000000000000000000000000000000000000000000001111111111111111111111111111111100000000000000000000000000000000000000000000
