000000000000000000000000000000000000000000110000000000000000000000000000000000000000000000000000000000000000000000000000
000000000000000000000000000000000000000000011000000000000000000000000000000000000000000000000000000000000000000000000000
000000000000000000000000000000000000000000011000000000000000000000000000000000000000000000000000000000000000000000000000
000000000000000000000000000000000000000000001100000000000000000000000000000000000000000000000000000000000000000000000000
000000000000000000000000000000000000000000000100000000000000000000000000000000000000000000000000000000000000000000000000
000000000000000000000000000000000000000000000110000000000000000000000000000000000000000000000000000000000000000000000000
000000000000000000000000000000000000000000000011000000000000000000000000000000000000000000000000000000000000000000000000
000000000000000000000000000000000000000000000011000111110000000000000000000000000000000000000000000000000000000000000000
000000000000000000000000000000000000000000000001111111111111110000000000000000000000000000000000000000000000000000000000
000000000000000000000000000000000000000000000000111111111111100000000000000000000000000000000000000000000000000000000000
000000000000000000000000000000000000000000111001111111111111110000000000000000000000000000000000000000000000000000000000
000000000000000000000000000000000000000000000011111111111111111111111000000000000000000000000000000000000000000000000000
000000000000000000000000000000000000000000000011111111111111111111111111110000000000000000000000000000000000000000000000
000000000000000000000000000000000000000000000000001111111111111111111111111100000000000000000000000000000000000000000000
000000000000000000000000000000000000000000000000011111111111111111111111111100000000000000000000000000000000000000000000
000000000000000000000000000000000000000000000001111111111111000000111111110000000000000000000000000000000000000000000000
000000000000000000000000000000000000000000000011111111111110000000001110000000000000000000000000000000000000000000000000
000000000000000000000000000000000000000000000011111111111111000000000000000000000000000000000000000000000000000000000000
111111111111111111111111111111111111111111111111111111111111111111111111111111111111111111111111111111111111111111111111
000000000000000000000000000000000000000000001111111111111111111100000000000000000000000000000000000000000000000000000000
000000000000000000000000000000000000000011111111111111111111111100000000000000000000000000000000000000000000000000000000
000000000000000000000000000000000001111111111111111111111111110000000000000000000000000000000000000000000000000000000000
000000000000000000000000000000000111111111111111111111111111100000000000000000000000000000000000000000000000000000000000
000000000000000000000000000000001111111111111111111111111111110000000000000000000000000000000000000000000000000000000000
000000000000000000000000000000011111111111111111111111111111111100000000000000000000000000000000000000000000000000000000
000000000000000000000000000000011111111111111111111111111111111110000000000000000000000000000000000000000000000000000000
000000000000000000000000000000011111111111111111111111111111111111000000000000000000000000000000000000000000000000000000
000000000000000000000000000000011111111111111111111111111111111110000000000000000000000000000000000000000000000000000000
000000000000000000000000000000011111111111111111111111111111111100000000000000000000000000000000000000000000000000000000
000000000000000000000000000000001111111111111111111111111111110000000000000000000000000000000000000000000000000000000000
000000000000000000000000000000000011111111111111111111111111110000000000000000000000000000000000000000000000000000000000
000000000000000000000000000000000000000111111111111111111110011000000000000000000000000000000000000000000000000000000000
000000000000000000000000000000000000000000011111000001111110001100000000000000000000000000000000000000000000000000000000
000000000000000000000000000000000000000000011111000000011000001100000000000000000000000000000000000000000000000000000000
000000000000000000000000000000000000000000001111000000000000000110000000000000000000000000000000000000000000000000000000
000000000000000000000000000000000000000000000000000000000000000010000000000000000000000000000000000000000000000000000000
000000000000000000000000000000000000000000000000000000000000000001000000000000000000000000000000000000000000000000000000
000000000000000000000000000000000000000000000000000000000000000000000000000000000000000000000000000000000000000000000000
000000000000000000000000000000000000000000000000000000000000000000000000000000000000000000000000000000000000000000000000
000000000000000000000000000000000000000000000000000000000000000000000000000000000000000000000000000000000000000000000000
