111111111111111111111111111111100000000000000000000000000000000000000000000000000000000001111111111111111111111111111111
111111111111111111111111111100000000000000000000000000000000000000000000000000000000000000000111111111111111111111111111
111111111111111111111111110000000000000000000000000000000000000000000000000000000000000000000001111111111111111111111111
111111111111111111111111000011111111111111111111100000000000000000000000000000000000000000000000011111111111111111111111
111111111111111111111110111111111111111111111111111110000000000000000000000000000000000000000000000111111111111111111111
111111111111111111111111111111111111111111111111111111110000000000000000000000000000000000000000000001111111111111111111
111111111111111111111111111111111111111111111111111111111100000000000000000000000000000000000000000000011111111111111111
111111111111111111111111111111111111111111111111111111111111000000000000000000000000000000000000000000001111111111111111
111111111111111111111111111111111111111111111111111111111111100000000000000000000000000000000000000000000011111111111111
111111111111110111111111111111111111111111111111111111111111110000000000000000000000000000000000000000000001111111111111
111111111111011111111111111111111111111111111111111111111111111000000000000000000000000000000000000000000000111111111111
111111111100111111111111111111111111100011111111111111111111111100000000000000000000000000000000000000000000011111111111
111111111001111111111111111111111000000000011111111111111111111100000000000000000000000000000000000000000000001111111111
111111100011111111111111111111110000000000000111111111111111111100000000000000000000000000000000000000000000001111111111
111111000011111111111111111111110000000000000111111111111111111100000000000000000000000000000000000000000000000111111111
111100000111111111111111111111110000000000000111111111111111111100000000000000000000000000000000000000000000000111111111
111000000111111111111111111111111100000000011111111111111111111100000000000000000000000000000000000000000000000011111111
110000001111111111111111111111111111111111111111111111111111111000000000000000000000000000000000000000000000000011111111
100000001111111111111111111111111111111111111111111111111111110000000000000000000000000000000000000000000000000011111111
000000001111111111111111111111111111111111111111111111111111100000000000000000000000000000000000000000000000000011111111
000000001111111111111111111111111111111111111111111111111110000000000000000000000000000000000000000000000000000011111111
000000001111111111111111111111111111111111111111111111111100000000000000000000000000000000000000000000000000000011111110
000000001111111111111111111111111111111111111111111111111000000000000000000000000000000000000000000000000000000111111100
000000001111111111111111111111111111111111111111111111110000000000000000000000111111000000000000000000000000000111111000
000000000111111111111111111111111111111111111111111111110000000000000000000111111111110000000000000000000000001111110000
000000000111111111111111111111111111111111111111111111110000000000000000001111111111111000000000000000000000001111100000
000000000111111111111111111111111111111111111111111111100000000000000000001111111111111000000000000000000000011110000000
000000000011111111111111111111111111111111111111111111100000000000000000000111111111110000000000000000000000011100000000
000000000001111111111111111111111111111111111111111111110000000000000000000000111111000000000000000000000000110000000000
000000000001111111111111111111111111111111111111111111110000000000000000000000000000000000000000000000000001100000000000
000000000000111111111111111111111111111111111111111111111000000000000000000000000000000000000000000000000010000000000000
000000000000011111111111111111111111111111111111111111111100000000000000000000000000000000000000000000000000000000000000
000000000000000111111111111111111111111111111111111111111110000000000000000000000000000000000000000000000000000000000000
000000000000000011111111111111111111111111111111111111111111100000000000000000000000000000000000000000000000000000000000
000000000000000000111111111111111111111111111111111111111111110000000000000000000000000000000000000000000000000000000000
000000000000000000011111111111111111111111111111111111111111111110000000000000000000000000000000000000000000000000000000
000000000000000000000111111111111111111111111111111111111111111111110000000000000000000000000000000000000000000000000000
000000000000000000000000111111111111111111111111111111111111111111111111100000000000000000111100000000000000000000000000
000000000000000000000000000111111111111111111111111111111111111111111111111111111111111111110000000000000000000000000000
000000000000000000000000000000111111111111111111111111111111111111111111111111111111111111000000000000000000000000000000
