111111111000000000000011111111111111111111111111111111111111000000000000000000000000000000000000000000000000000000000000
111111111000000000000000001111111111111111111111111111111111000000000000000000000000000000000000000000000000000000000000
111111111000000000000000001111111111111111111111111111111111000000000000000000000000000000000000000000000000000000000000
111111111000000000000000111111111111111111111111111111111111000000000000000000000000000000000000000000000000000000000000
111111111000000000000011111111111111111111111111111111111111000000000000000000000000000000000000000000000000000000000000
111111111000000000001111111111111111111111111111111111111111000000000000000000000000000000000000000000000000000000000000
111111111100000000111111111111111111111111111111111111111111000000000000000000000000000000000000000000000000000000000000
111111111100000000111111111111111111111111111111111111111111000000000000000000000000000000000000000000000000000000000000
111111111100000000000011111111111111111111111111111111111111000000000000000000000000000000000000000000000000000000000000
111111110000000000000011111111111111111111111111111111111111000000000000000000000000000000000000000000000000000000000000
111111000000000000000011111111111111111111111111111111111111000000000000000000000000000000000000000000000000000000000000
111111000100000000000111111111111111111111111111111111111111000000000000000000000000000000000000000000000000000000000000
111111111110000000001111111111111111111111111111111111111111000000000000000000000000000000000000000000000000000000000000
111111111110000000000011111111111111111111111111111111111111000000000000000000000000000000000000000000000000000000000000
111111111110000000001111111111111111111111111111111111111111000000000000000000000000000000000000000000000000000000000000
111111000000000000111111111111111111111111111111111111111111000000000000000000000000000000000000000000000000000000000000
111111111001000000011111111111111111111111111111111111111111000000000000000000000000000000000000000000000000000000000000
111111111111110000011111111111111111111111111111111111111111000000000000000000000000000000000000000000000000000000000000
111111111111111111111111111111111111111111111111111111111111000000000000000000000000000000000000000000000000000000000000
111111111111111111111111111111111111111111111111111111111111000000000000000000000000000000000000000000000000000000000000
111111111111111111111111111111111111111111111111111111111111000000000000000000000000000000000000000000000000000000000000
111111111111111111111111111111111111111111111111111111111111000000000000000000000000000000000000000000000000000000000000
111111111111111111111111111111111111111111111111111111111111000000000000000000000000000000000000000000000000000000000000
111111111111111111111111111111111111111111111111111111111111000000000000000000000000000000000000000000000011100000000000
111111111111111111111111111111111111111111111111111111111111000000000000000000000000000000000000000000001111111000000000
111111111111111111111111111111111111111111111111111111111111000000000000000000000000000000000000000000011111111100000000
111111111111111111111111111111111111111111111111111111111111000000000000000000000000000000000000000001111111110000000000
111111111111111111111111111111111111111111111111111111111111000000000000000000000000000000000000000111111111100000000000
111111111111111111111111111111111111111111111111111111111111000000000000000000000000000000000000011111111111111000000000
111111111111111111111111111111111111111111111111111111111111000000000000000000000000000000000001111111111111111101100000
111111111111111111111111111111111111111111111111111111111111000000000000000000000000000000000001111111111111111111100000
111111111111111111111111111111111111111111111111111111111111000000000000000000000000000000000001111111111111111111110000
111111111111111111111111111111111111111111111111111111111111000000000000000000000000000000000000000111111111111111100000
111111111111111111111111111111111111111111111111111111111111000000000000000000000000000000000000000111101111111110000000
111111111111111111111111111111111111111111111111111111111111000000000000000000000000000000000000000000001111111000000000
111111111111111111111111111111111111111111111111111111111111000000000000000000000000000000000000000000011111111000000000
111111111111111111111111111111111111111111111111111111111111000000000000000000000000000000000000000000011111111100000000
111111111111111111111111111111111111111111111111111111111111000000000000000000000000000000000000000000011111111110000000
111111111111111111111111111111111111111111111111111111111111000000000000000000000000000000000000000000111111111111000000
111111111111111111111111111111111111111111111111111111111111000000000000000000000000000000000000000001111111111111000000
