000000000000000000000000000000000000000000000000000000000000000000000111111111111111111111111111111111111110000000000000
000000000000000000000000000000000000000000000000000000000000000000000000000011111111111111111111111111111100000000000000
000000000000000000000000000000000000000000000000000000000000000000000000000001111111111111111111111111111100000000000000
000000000000000000000000000000000000000000000000000000000000000000000000000011111111111111111111111111111000000000000000
000000000000000000000000000000000000000000000000000000000000000000000000000001111111111111111111111111000000000000000000
000000000000000000000000000000000000000000000000000000000000000000000000000001111111111111111111111111111110000000000000
000000000000000000000000000000000000000000000000000000000000000000000000011111111111111111111111111111111111000000000000
000000000000000000000000000000000000000000000000000000000000000000000000111111111111111111111111111111111111000000000000
000000000000000000000000000000000000000000000000000000000000000000000000111111111111111111111111111111111111100000000000
000000000000000000000000000000000000000000000000000000000000000000000000011111111111111111111111111111111111111000000000
000000000000000000000000000000000000000000000000000000000000000000000000001111111111111111111111111111111111111100000000
000000000000000000000000000000000000000000000000000000000000000000000000001111111111111111111111111111111111111100000000
000000000000000000000000000000000000000000000000000000000000000000000000001111111111111111111111111111111111111000000000
000000000000000000000000000000000000000000000000000000000000000000000000000111111111111111111111111111111111111000000000
000000000000000000000000000000000000000000000000000000000000000000000000000011111111011111111111111111111111111000000000
000000000000000000000000000000000000000000000000000000000000000000000000000011111111011111111111111111111111111100000000
000000000000000000000000000000000000000000000000000000000000000000000000000011111110001111111111111111111111111100000000
000000000000000000000000000000000000000000000000000000000000000000000000000011111110000011111111111111111111111100000000
000000000000000000000000000000000000000000000000000000000000000000000000000011111110000011111111111111111111111110000000
000000000000000000000000000000000000000000000000000000000000000000000000000011111110000111111111111111111111111110000000
000000000000000000000000000000000000000000000000000000000000000000000000000111111110001111111111111111111111111100000000
000000000000000000000001111111111111111111111111111111100000000000000000001111111100001111111111111111111111111000000000
000000000000000001111111111111111111111111111111111111111111111111000000011111111000011111111111111111111111111100000000
000000000000001111111111000000000000000000000000000011111111111111111111111111110000111111111111111111111111111110000000
000001111111111111000000000000000000000000000000000000000000000111111111111111111000111111111111111111111111111111000000
111111111111111100000000000000000000000000000000000000000000000000000011111111111111111111111111111111111111111111100000
111111111111000000000000000000000000000000000000000000000000000000000001111111111111111111111111111111111111111111110000
111111110000000000000000000000000000000000000000000000000000000000000000000000000001111111111111111111111111111111111100
111111110000000000000000000000000000000000000000000000000000000000000000000000000001111111111111111111111111111111111110
111111111000000000000000000000000000000000000000000000000000000000000000000000000001111111111111111111111111111111111111
111111111000000000000000000000000000000000000000000000000000000000000000000000000011111111111111111111111111111111111111
111111111000000000000000000000000000000000000000000000000000000000000000000000000011111111111111111111111111111111111111
111111111100000000000000000000000000000000000000000000000000000000000000000000000111111111111111111111111111111111111111
111111111110000000000000000000000000000000000000000000000000000000000000000000000111111111111111111111111111111111111111
111111111110000000000000000000000000000000000000000000000000000000000000000000000111111111111111111111111111111111111111
111111111111000000000000000000000000000000000000000000000000000000000000000000001111111111111111111111111111111111111111
111111111111000000000000000000000000000000000000000000000000000000000000000000001111111111111111111111111111111111111111
111111111111100000000000000000000000000000000000000000000000000000000000000000001111111111111111111111111111111111111111
111111111111100000000000000000000000000000000000000000000000000000000000000000001111111111111111111111111111111111111111
011111111111110000000000000000000000000000000000000000000000000000000000000000001111111111111111111111111111111111111111
