000000000000000000000000000000000000000000000000000000000000000000000000011111111111111111111111111111111111111111000000
000000000000000000000000000000000000000000000000000000000000000000000001111111111111111111111111111111111111110000000000
000000000000000000000000000000000000000000000000000000000000000000001111111111111111111111111111111111111111100000000000
000000000000000000000000000000000000000000000000000000000000000001111111111111111111111111111111111111111111100000000000
000000000000000000000000000000000000000000000000000000000000000011111111111111111111111111111111111111111111110000000000
000000000000000000000000000000000000000000000000000000000000000000111111111111111111111111111111111111111111110000000000
000000000000000000000000000000000000000000000000000000000000000000001111111111111111111111111111111111111111100000000000
111100000000000000000000000000011111111111111111111110000000000000111111111111111111111111111111111111111100000000000000
111111111111111111111111111111111111111111111111111111111111111111111111111111111111111111111111111111100000000000000000
111111111111111111111111111111111111111111111111111111111111111111111111111111111111111111111111111111110000000000000000
111111111111111111111111111111111111110000011111111111111111111111111111111111111111111111111111111111110000000000000000
111111111111111111111111111100000000000000000000000000000111111111111111111111111111111111111111111111110000000000000000
111111111111111111111100000000000000000000000000000000000000000001111111111111111111111111111111111111110000000000000000
111111111000000000000000000000000000000000000000000000000000000000011111111111111111111111111111111111100000000000000000
111111111000000000000000000000000000000000000000000000000000000000000111111111111111111111111111111111000000000000000000
111111110000000000000000000000000000000000000000000000000000000000000000000111111111111111111111111100000000000000000000
111111110000000000000000000000000000000000000000000000000000000000000000000111111111111111111111111111100000000000000000
111111100000000000000000000000000000000000000000000000000000000000000000001111111111111111111111111111111100000000000000
111111000000000000000000000000000000000000000000000000000000000000000000011111111111111111111111111111111111110000000000
111111000000000000000000000000000000000000000000000000000000000000000000011111111111111111111111111111111111111111110000
111111000000000000000000000000000000000000000000000000000000000000000000111111111111111111111111111111111111111111111110
111110000000000000000000000000000000000000000000000000000000000000000000011111111111111111111111111111100111111111111111
111110000000000000000000000000000000000000000000000000000000000000000000000111111111111111111111111111100000111111111111
111110000000000000000000000000000000000000000000000000000000000000000000001111111111111111111111111111110000111111111111
111100000000000000000000000000000000000000000000000000000000000000000000001111111111111111111111111111110000011111111111
111100000000000000000000000000000000000000000000000000000000000000000000001111111111111111111111111111111000111111111111
111100000000000000000000000000000000000000000000000000000000000000000000001111111111111111111111111111111011111111111111
111000000000000000000000000000000000000000000000000000000000000000000000001111111111111111111111111111111111111111111111
111000000000000000000000000000000000000000000000000000000000000000000000001111111111111111111111111111111111111111111111
111000000000000000000000000000000000000000000000000000000000000000000000000111111111111111111111111111111111111111111111
110000000000000000000000000000000000000000000000000000000000000000000000000111111111111111111111111111111111111111111111
110000000000000000000000000000000000000000000000000000000000000000000000000111111111111111111111111111111111111111111111
110000000000000000000000000000000000000000000000000000000000000000000000000111111111111111111111111111111111111111111111
100000000000000000000000000000000000000000000000000000000000000000000000000111111111111111111111111111111111111111111111
100000000000000000000000000000000000000000000000000000000000000000000000000111111111111111111111111111111111111111111111
100000000000000000000000000000000000000000000000000000000000000000000000000111111111111111111111111111111111111111111111
100000000000000000000000000000000000000000000000000000000000000000000000000111111111111111111111111111111110000000001111
000000000000000000000000000000000000000000000000000000000000000000000000001111111111111111111111111111111000000000000000
000000000000000000000000000000000000000000000000000000000000000000000000011111111111111111111111111111100000000000000000
000000000000000000000000000000000000000000000000000000000000000000000000111111111111111111111111111110000000000000000000
