000000000000000000000000000000000000000000000000000000000000000000000000000000000000000000000011111111111110000000000000
000000000000000000000000000000000000000000000000000000000000000000000000000000000000000000001111111111111100000000000000
000000000000000000000000000000000000000000000000000000000000000000000000000000000000000000011111111111111110000000000000
000000000000000000000000000000000000000000000000000000000000000000000000000000000000000000111111111111111110000000000000
000000000000000000000000000000000000000000000000000000000000000000000000000000000000000011111111111111111111000000000000
000000000000000000000000000000000000000000000000000000000000000000000000000000000011111111111111111111111111111111111111
000000000000000000000000000000000000000000000000000000000000000000000000000000001111111111111111111111111111111111111111
000000000000000000000000000000000000000000000000000000000000000000000000000001111111111111111111111111111111111111111111
000000000000000000000000000000000000000000000000000000000000000000000000000000111111111111111111111111111111111111111111
000000000000000000000000000000000000000000000000000000000000000000000000000000000000000001111111111111111111111111111111
000000000000000000000000000000000000000000000000000000000000000000000000000000000000000001111111111111111111111111111111
000000000000000000000000000000000000000000000000000000000000000000000000000000000000000000111111111111111111111111111100
000000000000000000000000000000000000000000000000000000000000000000000000000000000000001111111111111111111111111111100000
000000000000000000000000000000000000000000000000000000000000000000000000011100000001111111111111111111111111111000000000
000000000000000000000000000000000000000000000000000000000000000000000011111111000111111111111111111111111111110000000000
000000000000000000000000000000000000000000000000000000000000000000000111111111111111111111111111111111111111110000000000
000000000000000000000000000000000000000000000000000000000000000000000011011111111111111111111111111111111111110000000111
000000000000000000000000000000000000000000000000000000000000000000000000011111000000000000011111111111111111100001111111
000000000000000000000000000000000000000000000000000000000000000000000000011100000000000000011111111111111111111111111111
000000000000000000000000000000000000000000000000000000000000000000000000000000000000000000001111111111111111111111111111
000000000000000000000000000000000000000000000000000000000000000000000000000000000000000000000111111111111111111111111111
000000000000000000000000000000000000000000000000000000000000000000000000000000000000000000000111111111111111111111111111
000000000000000000000000000000000000000000000000000000000000000000000000000000000000000000000011111111111111111111111111
000000000000000000000000000000000000000000000000000000000000000000000000000000000000000000000111111111111111111111111111
000000000000000000000000000000000000000000000000000000000000000000000000000000000000000000001111111111111111111111111111
000000000000000000000000000000000000000000000000000000000000000000000000000000000000000000001111111111111111111111111111
000000000000000000000000000000000000000000000000000000000000000000000000000000000000000001111111111111111111111111111111
000000000000000000000000000000000000000000000000000000000000000000000000000000000000001111111111111111111111111111111111
000000000000000000000000000000000000000000000000000000000000000000000000000000000001111111111111111111111111111111111111
000000000000000000000000000000000000000000000000000000000000000000000000000000001111111111111111111111111111111111111111
000000000000000000000000000000000000000000000000000000000000000000000000000000000111111111111111111111111111111111111111
000000000000000000000000000000000000000000000000000000000000000000000000000000000011111111111111111111111111111111111111
000000000000000000000000000000000000000000000000000000000000000000000000000000000001111111111111111111111111111111111111
000000000000000000000000000000000000000000000000000000000000000000000000000000000001111111111111111111111111111111111111
000000000000000000000000000000000000000000000000000000000000000000000000000000000000111111111111111111111110001111111111
000000000000000000000000000000000000000000000000000000000000000000000000000000000000011111111111111111111100000111111111
000000000000000000000000000000000000000000000000000000000000000000000000000000000000000000000111111111110000000111111111
000000000000000000000000000000000000000000000000000000000000000000000000000000000000000000000011111111100000000011111111
000000000000000000000000000000000000000000000000000000000000000000000000000000000000000000000011111111000000000011111111
000000000000000000000000000000000000000000000000000000000000000000000000000000000000000000000001111111000000000001111111
