000000000000000000000000000000000000000000000000000000000000111111111111111111111111111111111111111111111111111111111111
000000000000000000000000000000000000000000000000000000000000111111111111111111111111111111111111111111111111111111111111
000000000000000000000000000000000000000000000000000000000000111111111111111111111111111111111111111111111111111111111111
000000000000000000000000000000000000000000000000010000000000111111111111111111111111111111111111111111111111111111111111
000000000000000000000000000000000000000000000000111100000000111111111111111111111111111111111111111111111111111111111111
000000000000000000000000000000000000000000000000111110000000111111111111111111111111111111111111111111111111111111111111
000000000000000000000000000000000000000000000000111110000000111111111111111111111111111111111111111111111111111111111111
000000000000000000000000000000000000000000000000111111000000111111111111111111111111111111111111111111111111111111111111
000000000000000000000000000000000000000000000000011111000000111111111111111111111111111111111111111111111111111111111111
000000000000000000000000000000000000000000000000001111000000111111111111111111111111111111111111111111111111111111111111
000000000000000000000000000000000000000000000000001111100000111111111111111111111111111111111111111111111111111111111111
000000000000000000000000000000000000000000000000000111100000111111111111111111111111111111111111111111111111111111111111
000000000000000000000000000000000000000000000000000111110000111111111111111111111111111111111111111111111111111111111111
000000000000000000000000000000000000000000000000000011110000111111111111111111111111111111111111111111111111111111111111
000000000000000000000000000000000000000000000000000011110000111111111111111111111111111111111111111111111111111111111111
000000000000000000000000000000000000000000000000000001111000111111111111111111111111111111111111111111111111111111111111
000000000000000000000000000000000000000000000000000001111100111111111111111111111111111111111111111111111111111111111111
000000000000000000000000000000000000000000000000000001111110111111111111111111111111111111111111111111111111111111111111
000000000000000000000000000000000000000000000000000011111110111111111111111111111111111111111111111111111111111111111111
000000000000000000000000000000000000000000000000000011111100111111111111111111111111111111111111111111111111111111111111
000000000000000000000000000000000000000000000000001111111110111111111111111111111111111111111111111111111111111111111111
000000000000000000000000000000000000000000000000001111111111111111111111111111111111111111111111111111111111111111111111
000000000000000000000000000000000000000000000000001111110111111111111111111111111111111111111111111111111111111111111111
000000000000000000000000000000000000000000000000001111110111111111111111111111111111111111111111111111111111111111111111
000000000000000000000000000000000000000000000000001111111111000011111111111111111111111111111111111111111111111111111111
000000000000000000000000000000000000000000000000111111111111000000011111111111111111111111111111111111111111111111111111
000000000000000000000000000000000000000000000001111111111111000000001111111111111111111111111111111111111111111111111111
000000000000000000000000000000000000000000000011111111111111000000000011111111111111111111111111111111111111111111111111
000000000000000000000000000000000000000000000111111111111111000000000011111111111111111111111111111111111111111111111111
000000000000000000000000000000000000000000000011111111111111000000000001111111111111111111111111111111111111111111111111
000000000000000000000000000000000000000000000011111111111111000000000111111111111111111111111111111111111111111111111111
000000000000000000000000000000000000000000000001111111111111000000000111111111111111111111111111111111111111111111111111
000000000000000000000000000000000000000000000011111111111111000000001111111111111111111111111111111111111111111111111111
000000000000000000000000000000000000000000000011111111111111000000001111111111111111111111111111111111111111111111111111
000000000000000000000000000000000000000000000100111111111111000000000111111111111111111111111111111111111111111111111111
000000000000000000000000000000000000000000001000001111111111000000000111111111111111111111111111111111111111111111111111
000000000000000000000000000000000000000000000110001111111111000000000111111111111111111111111111111111111111111111111111
000000000000000000000000000000000000000000000001111111111111000000000011111111111111111111111111111111111111111111111111
000000000000000000000000000000000000000000000000001111111111000000000000111111111111111111111111111111111111111111111111
000000000000000000000000000000000000000000000000001111111111000000000000000011111111111111111111111111111111111111111111
