111111111111111111111111111111111111111111111111111111100000000000000000000000000000000000000000000000000000000000111111
111111111111111111111111111111111111111111111111111111111000000000000000000000000000000000000000000000000000000000001111
111111111111111111111111111111111111111111111111111111111110000000000000000000000000000000000000000000000000000000000011
111111111111111111111111111111111111111111111111111111111111000000000000000000000000000000000000000000000000000000000001
111111111111111111111111111111111111111111111111111111111111100000000000000000000000000000000000000000000000000000000000
111111111111111111111111111111111111111111111111111111111111111000000000000000000000000000000000000000000000000000000000
111111111111111111111111111111111111111111111111111111111111111000000000000000000000000000000000000000000000000000000000
111111111111111111111111111111111111111111111111111111111111111100000000000000000000000000000000000000000000000000000000
111111111111111111111111111000000000000111111111111111111111111100000000000000000000000000000000000000000000000000000000
111111111111111111111111100000000000000001111111111111111111111110000000000000000000000000000000000000000000000000000000
111111111111111111111111000000000000000000111111111111111111111110000000000000000000000000000000000000000000000000000000
111111111111111111111111000000000000000000111111111111111111111110000000000000000000000000000000000000000000000000000000
111111111111111111111111000000000000000000111111111111111111111110000000000000000000000000000000000000000000000000000000
111111111111111111111111000000000000000001111111111111111111111110000000000000000000000000000000000000000000000000000000
111111111111111111111111110000000000000011111111111111111111111110000000000000000000000000000000000000000000000000000000
111111111111111111111111111110000000011111111111111111111111111100000000000000000000000000000000000000000000000000000000
111111111111111111111111111111111111111111111111111111111111111000000000000000000000000000000000000000000000000000000000
111111111111111111111111111111111111111111111111111111111111111000000000000000000000000000000000000000000000000000000000
111111111111111111111111111111111111111111111111111111111111110000000000000000000000000000000000000000000000000000000000
111111111111111111111111111111111111111111111111111111111111000000000000000000000000000000000000000000000000000000000000
111111111111111111111111111111111111111111111111111111111110000000000000000000000000000000000000000000000000000000000000
111111111111111111111111111111111111111111111111111111111100000000000000000000000000000000000000000000000000000000000000
111111111111111111111111111111111111111111111111111111111000000000000000000000000000000000000000000000000000000000000000
111111111111111111111111111111111111111111111111111111110000000000000000000000000000000000000000000000000000000000000000
111111111111111111111111111111111111111111111111111111100000000000000000000000000000000000000000000000000000000000000000
111111111111111111111111111111111111111111111111111111100000000000000000000000000011111111111000000000000000000000000000
111111111111111111111111111111111111111111111111111111000000000000000000000000001111111111111110000000000000000000000000
111111111111111111111111111111111111111111111111111111000000000000000000000000011111111111111111000000000000000000000000
111111111111111111111111111111111111111111111111111111000000000000000000000000011111111111111111000000000000000000000000
111111111111111111111111111111111111111111111111111111000000000000000000000000001111111111111110000000000000000000000000
111111111111111111111111111111111111111111111111111111000000000000000000000000000111111111111100000000000000000000000000
111111111111111111111111111111111111111111111111111111000000000000000000000000000001111111110000000000000000000000000000
111111111111111111111111111111111111111111111111111111100000000000000000000000000000000000000000000000000000000000000000
111111111111111111111111111111111111111111111111111111100000000000000000000000000000000000000000000000000000000000000000
111111111111111111111111111111111111111111111111111111110000000000000000000000000000000000000000000000000000000000000000
111111111111111111111111111111111111111111111111111111111000000000000000000000000000000000000000000000000000000000000000
111111111111111111111111111111111111111111111111111111111100000000000000000000000000000000000000000000000000000000000000
001111111111111111111111111111111111111111111111111111111111000000000000000000000000000000000000000000000000000000000000
000111111111111111111111111111111111111111111111111111111111110000000000000000000000000000000000000000000000000000000000
000001111111111111111111111111111111111111111111111111111111111100000000000000000000000000000000000000000000000000000000
