111111111111111111111111111111111111111111111111111111111111111111111111111111111111111111111111111111111111111111111111
111111111111111111111111111111111111111111111111111111111111111111111111111111111111111111111111111111111111111111111111
111111111111111111111111111111111111111111111111111111111111111111111111111111111111111111111111111111111111111111111111
111111111111111111111111111111111111111111111111111111111111111111111111111111111111111111111111111111111111111111111111
111111111111111111111111111111111111111111111111111111111111111111111111111111111111111111111111111111111111111111111111
111111111111111111111111111111111111111111111111111111111111111111111111111111111111111111111111111111111111111111111111
111111111111111111111111111111111111111111111111111111111111111111111111111111111111111111111111111111111111111111111111
111111111111111111111111111111111111111111111111111111111111111111111111111111111111111111111111111111111111111111111111
111111111111111111111111111111111111111111111111111111111111111111111111111111111111111111111111111111111111111111111111
111111111111111111111111111111111111111111111101111111111111111111111111111111111111111111111111111111111111111111111111
111111111111111111111111111111111111111111111110111111111111111111111111111111111111111111111111111111111111111111111111
111111111111111111111111111111111111111111111111011111111111111111111111111111111111111111111111111111111111111111111111
111111111111111111111111111111111111111111111111001111111100000111111111111111111111111111111111111111111111111111111111
111111111111111111111111111111111111111111111111100111110000000001111111111111111111111111111111111111111111111111111111
111111111111111111111111111111111111111111111111110011110000000001111111111111111111111111111111111111111111111111111111
111111111111111111111111111111111111111111111111110000010000000001111111111111111111111111111111111111111111111111111111
111111111111111111111111111111111111111111111111110000000000000001111111111111111111111111111111111111111111111111111111
111111111111111111111111111111111111111111111111111000000000000001111111111111111111111111111111111111111111111111111111
111111111111111111111111111111111111111111111111111110110000000001111111111111111111111111111111111111111111111111111111
111111111111111111111111111111111111111111111111111111011000000001111111111111111111111111111111111111111111111111111111
111111111111111111111111111111111111111111111111111111000000000001111111111111111111111111111111111111111111111111111111
111111111111111111111111111111111111111111111111111111100000000001111111111111111111111111111111111111111111111111111111
111111111111111111111111111111111111111111111111111111110000000001111111111111111111111111111111111111111111111111111111
111111111111111111111111111111111111111111111111111111100000000001111111111111111111111111111111111111111111111111111111
111111111111111111111111111111111111111111111111111111100000000001111111111111111111111111111111111111111111111111111111
111111111111111111111111111111111111111111111111111111000000000000111111111111111111111111111111111111111111111111111111
111111111111111111111111111111111111111111111111111111100000000000011111111111111111111111111111111111111111111111111111
111111111111111111111111111111111111111111111111111110000000000000011111111111111111111111111111111111111111111111111111
111111111111111111111111111111111111111111111111111111100000000000111111111111111111111111111111111111111111111111111111
111111111111111111111111111111111111111111111111111111110000000000011111111111111111111111111111111111111111111111111111
111111111111111111111111111111111111111111111111111111111000000000011111111111111111111111111111111111111111111111111111
111111111111111111111111111111111111111111111111111111111100000000011111111111111111111111111111111111111111111111111111
111111111111111111111111111111111111111111111111111111111111000000001111111111111111111111111111111111111111111111111111
111111111111111111111111111111111111111111111111111111111111000000000011111111111111111111111111111111111111111111111111
111111111111111111111111111111111111111111111111111111111111000000000001111111111111111111111111111111111111111111111111
111111111111111111111111111111111111111111111111111111111111000000000001111111111111111111111111111111111111111111111111
111111111111111111111111111111111111111111111111111111111111100000000001111111111111111111111111111111111111111111111111
111111111111111111111111111111111111111111111111111111111111111000000011111111111111111111111111111111111111111111111111
111111111111111111111111111111111111111111111111111111111111111111111111111111111111111111111111111111111111111111111111
111111111111111111111111111111111111111111111111111111111111111111111111111111111111111111111111111111111111111111111111
