000000000000000000000000000000000000000000000000000000000000000000000000000000000000000000000000000000000000000000000000
000000000000000000000000000000000000000000000000000000000000000011111110000000000000000000000000000000000000000000000000
000000000000000000000000000000000000000000000000000000011111111111111111111111111000000000000000000000000000000000000000
000000000000000000000000000000000000000000000000001111111111111111111111111111111111100000000000000000000000000000000000
000000000000000000000000000110000000000000000001111111111111111111111111111111111111111110000000000000000000000000000000
000000000000000000000000000000000000000000001111111111111111111111111111111111111111111111100000000000000000000000000000
000000000000000000000000000000000000000000111111111111111111111111111111111111111111111111111000000000000000000000000000
000000000000000000000000000000000000000001111111111111111111111111111111111111111111111111111110000000000000000000000000
000000000000000000000000000000000000000011111111111111111111111111111111111111111111111111111111000000000000000000000000
000000000000000000000000000000000000000001011111111111111111111111111111111111111111111111111111000000000000000000000000
000000000000000000000000000000000000000000000111111111111111111111111111111111111111111111111100000000000000000000000000
000000000000000000000000000000000000000000000111111111111111111111111111111111111100111100000000000000000000000000000000
000000000000000000000000000000000000000000001111111111111111000000010000000000000000000000000000000000000000000000000000
000000000000000000000000000000000000000000011111111111111000000000010000000000000000000000000000000000000000000000000000
000000000000000000000000000000000000000000001111111111110000000000010000000000000000000001100000000000000000000000000000
000000000000000000000000000000000000000000000001111111110000000000010000000000000000000000000000000000000000000000000000
000000000000000000000000000000000000000000000001111111111100000000010000000000000000000000000000000000000000000000000000
000000000000000000000000000000000000000000000001111111111111100000110000000000000000000000000000000000000000000000000000
000000000000000000000000000000000000000000000000111111111111111110110000000000000000000000000000000000000000000000000000
000000000000000000000000000000000000000000000000011111111111111111110000000000000000000000000000000000000000000000000000
000000000000000000000000000000000000000000000000011111111111111001100000000000000000000000000000000000000000000000000000
000000000000000000000000000000000000000000000000011111111111100000100000000000000000000000000000000000000000000000000000
000000000000000000000000000000000000000000000000011111111111111111110000000000000000000000000000000000000000000000000000
000000000000000000000000000000000000000000000000001111111111111111110001000000000000000000000000000000000000000000000000
000000000000000000000000000000000000000000000000000111111111110001100001100000000000000000000000000000000000000000000000
000000000000000000000000000000000000000000000000011111111111100000111111000000000000000000000000000000000000000000000000
000000000000000000000000000000000000000000000001111111111111110000000000000000000000000000000000000000000000000000000000
000000000000000000000000000000000000000000000111111111111111110000000000000000000000000000000000000000000000000000000011
000000000000000000000000000000000000000000111111111111111111110000000000000000000000000000000000000000000000000000000000
000000000000000000000000000000000000001111111111111111111111111000000000000000000000000000000000000000000000000000000000
000001000000000000000000000000001111111111111111111111111111111000000000000000000000000000000000000000000000000000000000
000000000000000000000000111111111111111111111111111111111111111000000000000000000000000000000000000000000000000000000000
000000000000000000000111111111111111111111111111111111111111111000000000000000000000000000000000000000000000000000000000
000000000000000000001111111111111111111111111111111111111111111000000000000000000000000000000000000000000000000000000000
000000000000000000011111111111111111111111111111111111111111111100000000000000000000000000000000000000000000000000000000
000000000000000000000011111111111111111111111111111111111111111100000000000000000000000000000000000000000000000000000000
000000000000000000000000011111111111111111111111111111111111111100000000000000000000000000000000000000000000000000000000
000000000000000000000000000001111111111111111111111111111111111100000000000000000000000000000000000000000000000000000000
000000000000000000000000000000001111111111111111111111111111111100000000000000000000000000000000000000000000000000000000
000000000000000000000000000000000111111111111111111111111111111100000000000000000000000000000000000000000000000000000000
