111111111111111111111111111111111111111111111111111111111111111111111111111111111111111111111111111111111111111111111111
111111111111111111111111111111111111111111111111111111111111111111111111111111111111111111111111111111111111111111111111
111111111111111111111111111111111111111111111111111111111111111111111111111111111111111111111111111111111111111111111111
111111111111111111111111111111111111111111111111111111111111111111111111111111111111111111111111111111111111111111111111
111111111111111111111111111111111111111111111111111111111111111111111111111111111111111111111111111111111111111111111111
111111111111111111111111111111111111111111111111111111111111111111111111111111111111111111111111111111111111111111111111
111111111111111111111111111111111111111111111111111111111111111111111111111111111111111111111111111111111111111111111111
111111111111111111111111111111111111111111111111111111111111111111111111111111000000000011111111111111111111111111111111
111111111111111111111111111111111111111111111111111111111111111111111111100000000000000000000011111111111111111111111111
111111111111111111111111111111111111111111111111111111111111111111111110000000000000000000000000011111111111111111111111
111111111111111111111111111111111111111111111111111111111100000011111000000000000000000000000000001111111111111111111111
111111111111111111111111111111111100101111111111111111111110000111110000000000000000000000000000000111111111111111111111
111111111111111111111111111111111100000111111111111111111110000111110000000000000000000000000000000011111111111111111111
111111111111111111111111111111111001001111111111111111111110000111110000000000000000000000000000000001111111111111111111
111111111111111111111111111111111111111111111111111111111110001111111000000000000000000000000000000000111111111111111111
111111111111111111111111111111111111111111111111111111111100001111111100000000000000000000000000000000111111111111111111
111111111111111111111111111111111111111111111111111111111100001111111000000000000000000000000000000000011111111111111111
111111111111111111111111111111111111111111111111111111111100001111111100000000000000000000000000000000011111111111111111
111111111111111111111111111111111111111111111111111111111100001111111100000000000000000000000000000000011111111111111111
111111111111111111111111111111110000111111111111111111111100001111111110000000000000000000000000000000011111111111111111
111111111111111111111111111111100000001111111111111111111100001111111111110000000000000000000000000000011111111111111111
111111111111111111111111111111110000000000011111111111111100001111111111100000000000000000000000000000111111111111111111
111111111111111111111111111111111000000000001111111111111000001111111111100000000000000000000000000000111111111111111111
111111111111111111111111111111111111000000000011111111111000001111111111000000000000000000000000000000111111111111111111
111111111111111111111111111111111111111110000000000111111000011111111000000000000000000000000000000001111111111111111111
111111111111111111111111111111111111111111000000000011111000011111110000000000000000000000000000000001111111111111111111
111111111111111111111111111111111111111100000000000000110000000000000000000000000000000000000000000011111111111111111111
111111111111111111111111111111111111110000000000000000010000000000000000000000000000000000000000000011111111111111111111
111111111111111111111111111111111111100000000000000000000000000000000000000000000000000000000000000011111111111111111111
111111111111111111111111111111111111100000000000000000000000000000000000000000000000000000000000000001111111111111111111
111111111111111111111111111111111111000000000000000000000000000000000000000000000000000000000000000001111111111111111111
111111111111111111111111111111111111000000000000000000000000000000000000000000000000000000000000000001111111111111111111
111111111111111111111111111111111111000000000000000000000000000000000000000000000000000000000000000001111111111111111111
111111111111111111111111111111111111100000000000000000000000000000000000000000000000000000000000000000111111111111111111
111111111111111111111111111111111111100000000000000000000000011000000000000000000000000000000000000000111111111111111111
111111111111111111111111111111111111110000000000000000000000111110000000000000000000000000000000000000111111111111111111
111111111111111111111111111111111111110000000000000000000011111111000000000000000000000000000000000000111111111111111111
111111111111111111111111111111111111111000000000000000000011111111100000000000000000000000000000000000111111111111111111
111111111111111111111111111111111111111110000000000000000011111111100000000000000000000000000000000000011111111111111111
111111111111111111111111111111111111111111100000000000000011111111100000000000000000000000000000000000011111111111111111
