000000000000000000000000000000000000000000000000000000000000000000000000000000000000000000000000000000000000000000000000
000000000000000000000000000000000000000000000000000000000000000000000000000000000000000000000000000000000000000000000000
000000000000000000000000000000000000000000000000000000000000000000000000000000000000000000000000000000000000000000000000
000000000000000000000000000000000000000000000000000000000000000000000000000000000000000000000000000000000000000000000000
000000000000000000000000000000000000000000000000011111111111111111111000000000000000000000000000000000000000000000000000
000000000000000000000000000000000000000000000001111111111111111111111110000000000000000000000000000000000000000000000000
000000000000000000000000000000000000000000000011111111111111111111111111111110000000000000000000000000000000000000000000
000000000000000000000000000000000000000000000011111111111111111111111111111111100000000000000000000000000000000000000000
000000000000000000000000000000000000000000000011111111111111111111111111111111110000000000000000000000000000000000000000
000000000000000000000000000000000000000000000011111111111111111111111111111111111000000000000000000000000000000000000000
000000000000000000000000000000000000000000000111111111111111111111111111111111110000000000000000000000000000000000000000
000000000000000000000000000000000000000000011111111111111111111111111111011111100000000000000000000000000000000000000000
000000000000000000000000000000000000000000000101111111111111111111111110011111100000000000000000000000000000000000000000
000000000000000000000000000000000000000000000001111111111111111111111110111111110000000000000000000000000000000000000000
000000000000000000000000000000000000000000000000011111111111111111110000111111110000000000000000000000000000000000000000
000000000000000000000000000000000000000000000000001110111111111111100000111111110000000000000000000000000000000000000000
000000000000000000000000000000000000000000000000000010011111111001000000011111110000000000000000000000000000000000000000
000000000000000000000000000000000000000000000000000000111111111111000000001111100000000000000000000011111100000000000000
000000000000111111000000000000000000000000000000001111111111111111111000000111000000000000000000111111000111000000000000
000000000011100001111111000000000000000000000000111111111111111111111110000000000000000000001111111000000011111000000000
000000011111000000011111111100000000000000000001111111111111111111111111000011000000000111110011111000011111011111100000
000011111011111000011111100011111111111111111111111111111111111111111111111111111111111111000111111000111111000011111110
011111100011111100011111100001111000001111001111111111111111111111111111100111111000111111000111110000111111000001111011
111110000001111110000111110001111110001111111111111111111111111111111111111111110001111111000111000000111100000111111000
001111110000011110000001110001111110000111111111111111111111111111111111111111000001111100001110000000111000000111111000
001111110000000110000000010000001111000001111111111111111111111111111111111000000011110000001000000000110000000111110000
000011111000000001000000000000000011000000011111111111111111111111111111110000000011000000000000000000000000000111100000
000000111000000000000000000000000000100000001111111111111111111111111111110000000000000000000000000000000000000110000000
000000001100000000000000000000000000000000111111101111111111111111111111111000000000000000000000000000000000000100000000
100000000000000000000000000000000000000111111111001111111111111111111111111000000000000000000000000000000000000000000000
100000000000000000000000000000000000011111111100001111111111111111111111111100000000000000000000000000000000000000000000
000000000000000000000000000000000011111111000000001111111111111111111101111110000000000000000000000000000000000000000000
000000000000000000000000011111111111111000000000011111111111111111111110111110000000000000000000000000000000000000000000
000000000000000000000000111111111110000000000000111111111111111111111111011111000000000000000000000000000000000000000000
000000000000000000011111111110000000000000000000111111111111111111111111111111000000000000000000000000000000000000000000
000000000000000000000000000000000000000000000001111111111111111111111111101111100000000000000000000000000000000000000000
000000000000000000000000000000000000000000000011111111111111111111111111110111100000000000000000000000000000000000000000
000000000000000000000000000000000000000000000011111111111111111111111111110011110000000000000000000000000000000000000000
000000000000000000000000000000000000000000000111111111111111111111111111111111110000000000000000000000000000000000000000
000000000000000000000000000000000000000000001111111111111111111111111111111111111000000000000000000000000000000000000000
