111111111111111111111111111111111111111111111111111111111111111111111111111111111111111111111111111111111111111111111111
111111111111111111111111111111111111111111111111111111111111111111111111111111111111111111111111111111111111111111111111
111111111111111111111111111111111111111111111111111111111111111111111111111111111111111111111111111111111111111111111111
111111111111111111111111111111111111111111111111111111100000000000000000011111111111111110000011111111111111111111111111
111111111111111111111111111111111111111111111111111100000000000000000000000001111110000000000001111111111111111111111111
111111111111111111111111111111111111111111111111111000000000000000000000000000000000000000000011111111111111111111111111
111111111111111111111111111111111111111111111111110000000000000000000000000000000000000000000001111111111111111111111111
111111111111111111111111111111111111111111111111100000000000000000000000000000000000000000000000111111111111111111111111
111111111111111111111111111111111111111111111111100000000000000000000000000000000000000000000000011111111111111111111111
111111111111111111111111111111111111111111111110000000000000000000000000000000000000000000000000001111111111111111111111
111111111111111111111111111111111111111111000000000000000000000000000000000000000000000000000111111111111111111111111111
111111111111111111111111111111111111111110000000000000000000000000000000000000000000000000000111111111111111111111111111
111111111111111111111111111111111111111111000000000000000000000000000000000000001111100000011111111111111111111111111111
111111111111111111111111111111111111111111111100000000000000000000000000000000001111111111111111111111111111111111111111
111111111111111111111111111111111111111111111111000000000000000000000000000000001111111111111111111111111111111111111111
111111111111111111111111111111111111111111111111110000000000000000000000000000001111111111111111111111111111111111111111
111111111111111111111111111111111111111111111111110000000000000000000000000000011111111111111111111111111111111111111111
111111111111111111111111111111110011111111111111110000000000000000000000000000011111111111111111111111111111111111111111
111111111111111111111111111111000001111111111111110000000000000000000000000000011111111111111111111111111111111111111111
111111111111111111111111111100000000011111111111111111110000000000000000000011011111111111111111111111111111111111111111
111111111111111111111111110000000000001111111111111111111110000000000011100111111111111111111111111111111111111111111111
111111111111111111111111000000000000000111111111100000000000000000000011111111111111111111111111111111111111111111111111
111111111111111111111000000000000000000011111110000000000000000000000000001111111111111111111111111111111111111111111111
111111111111111111100000000000000000000000111000000000000000000000000000000000111111111111111111111111111111111111111111
111111111111111111111100000000000000000000000000000000000000000000000000000000011111111111111111111111111111111111000000
111111111111111111111111001000000000000000000000000000000000000000000000000000001111111111111111111111111111100000000000
111111111111111111111111111110000000000000000000000000000000000000000000000000001111111111111111111111111100000000000000
111111111111111111111111110000000000000000000000000000000000000000000000000000000011110000001111111100000000000000000000
111111111111111111111111111000000000000000000000000000000000000000000000000000000000000000000000000000000000000000000000
111111111111111111111111111111100000000000000000000000000000000000000000000000010000000000000000000000000000000000000000
111111111111111111111111111111111111000000000000000000000000000000000000000001111111000000000000000000000000000000000000
111111111111111111111111111111111111000000000000000000000000000000000000000011111111111100000000000000000000000000000000
111111111111111111111111111111111111000000000000000000000000000000000000000111111111111111100000000000000000000000000000
111111111111111111111111111111111111100000000000000000000000000000000000111111111111111111111100000111111100000000011111
111111111111111111111111111111111111110000000000000000000000000000000001111111111111111111111111111111111111100011111111
111111111111111111111111111111111111111111110000000000000000000000000011111111111111111111111111111111111111111111111111
111111111111111111111111111111111111111111110000000000000000000000000011111111111111111111111111111111111111111111111111
111111111111111111111111111111111111111111100000000000000000000000000111111111111111111111111111111111111111111111111111
111111111111111111111111111111111111111111100000000000000000000000001111111111111111111111111111111111111111111111111111
111111111111111111111111111111111111111110000000000000000000000000001111111111111111111111111111111111111111111111111111
