000000000000000000000000000000000000000000000000000000000000000000000000000000000000000000000000000000000000000000000000
000000000000000000000000000000000000000000000000000000000000000000000000000000000000000000000000000000000000000000000000
000000000000000000000000000000000000000000000000000000000000000000000000000000000000000000000000000111100000000000000000
000000000000000000001111000000000000000000000000000000000000000000000000000000000000000000000001101100000000000000000000
000000000000000000000000111111100000000000000000000000000000000000000000000000000000000000011011111000000000000000000000
000000000000000000000011111111000000000000000000000000000000000000000000000000000000000111111111111000000000000000000000
000000000000000000000011111111111111000000000000000000000000000000000000000000000000001111111111111100000000000000000000
000000000000000000000000111111111111100000000000000000000000000000000000000000000000000111111111111110000000000000000000
000000000000000000000001111111111111100000000000000000000000000000000000000000000000001111111111111110000000000000000000
000000000000000000000011111111111111100000000000000000000000000000000000000000000000000111111111111111000000000000000000
000000000000000000000011111111111111100000000000000000000000000000000000000000000000000011111111111111000000000000000000
000000000000000000000111111111111110000000000000000000000000000000000000000000000000001111111111111111100000000000000000
000000000000000000001111111111111111100000000000000000000000000000000000000000000000111111111111111111111000000000000000
000000000000000000111111111111111111111000000000000000000000000000000000000000000011111111111111111111111100000000000000
000000000000000111111111111111111111111110000000000000000000000000000000000000001111111111111111111111111111000000000000
000000000000011111111111111111111111111111100000000000000000000000000000000000011111111111111111111111111111100000000000
000000000001111111111111111111111111111111110000000000000000000000000000000000001111111111111111111111111111111000000000
000000000011111111111111111111111111111111100000000000000000000000000000000000000111111111111111111111111111111100000000
000000000111111111111110011111111111111111100000000000000000000000000000000000000111111111111111111111111111111100000000
000000001111111111111000111101111111111111100000000000000000000000000000000000000111111111001111111111111111111110000000
000000001111111111000000111111110111111111100000000000000000000000000000000000000111111111111111111111111001111111000000
000000011111111110000001111111001111111111100000000000000000000000000000000000001111111111111111111111110000001110000000
000000000000000000000001111111011111111111100000000000000000000000000000000000001111111111111111111111110000000000000000
000000000000000000000011111111111111111111110000000000000000000000000000000000001111111111111111111111110000000000000000
000000000000000000000111111011111111111111110000000000000000000000000000000000001111111111111111111111111000000000000000
000000000000000000001111001111111111111111111000000000000000000000000000000000011111111111111111111111111000000000000000
000000000000000000011110011111111111111111111100000000000000000000000000000000011111111111111111111111111110000000000000
000000000000000000000000111111111111111111111100000000000000000000000000000000011111111111111111111111111111100000000000
000000000000000000000011111111111111111111111110000000000000000000000000000000111111111111111111111111111111110000000000
000000000000000000001111111111111111111111111110000000000000000000000000000000111111111111111111111111111111111000000000
000000000000000000111111111111111111111111111111000000000000000000000000000000111111111111111111111111111111111000000000
000000000000000111111111111111111111111111111111000000000000000000000000000000111111111111111111111111111111111000000000
000000000000001111111111111111111111111111111111000000000000000000000000000000111111111111111111111111111111111100000000
000000000000111111111111111111111111111111111111100000000000000000000000000000111111111111111111111111111111111100000000
000000000001111111111111111111111111111111111111000000000000000000000000000000111111111111111111111111111111111000000000
000000000001111111111111111111111111111111111111000000000000000000000000000000111111111111111111111111111000000000000000
000000000000000000001111111111111111111111111111000000000000000000000000000000000111111111111111111111000000000000000000
000000000000000000000011111111111111111111111100000000000000000000000000000000000000001111111111100000000000000000000000
000000000000000000000000001111111111100000110000000000000000000000000000000000000000000111100111110000000000000000000000
000000000000000000000000001111000111000000000000000000000000000000000000000000000000000011110011110000000000000000000000
