000000000000000000000000000000000000000000000000000000000000000001111111111111111111111111111111111111111110000000000000
000000000000000000000000000000000000000000000000000000000000000000000001111111111111111111111111111111111111000000000000
100000000000000000000000000000000000000000000000000000000000000000000000000011111111111111111111111111111111000000000000
111000000000000000000000000000000000000000000000000000000000000000000000000000001111111111111111111111111111000000000000
111111000000000000000000000000000000000000000000000000000000000000000000000000000011111111111111111111111111000000000000
111111110000000000000000000000000000000000000000000000000000000000000000000000000000111111111111111111111111000000000000
111111111100000000000000000000000000000000000000000000000000000000000000000000000000001111111111111111111111000000000000
111111111111100000000000000000000000000000000000000000000000000000000000000000000000000111111111111111111111000000000000
111111111111111000000000000000000000000000000000000000000000000000000000000000000000000011111111111111111111000000000000
111111111111111110000000000000000000000000000000000000000000000000000000000000000000000001111111111111111111000000000000
111111111111111111110000000000000000000000000000000000000000000000000000000000000000000000011111111111111110000000000000
111111111111111111111100000000000000000000000000000000000000000000000000000000000000000000001111111111111100000000000000
111111111111111111111111111100000000000000000000000000000000000000000000000000000000000000000111111111111100000000000000
111111111111111111111111111111111111111111111111110000000000000000000000000000000000000000000011111111111000000000000000
111111111111111111111111111111111111111111111111111111111111111111111111100000000000000000000011111111110000000000000000
111111111111111111111111111111111111111111111111111111111111111111111111110000000000000000000001111111000000000000000000
111111111111111111111111111111111111111111111111111111111111111111111111110000000000000000000011111110000000000000000000
111111111111111111111111111111111111111111111111111111111111111111111111100000000000000000000011111000000000000000000000
111111111111111111111111111111111111111111111111111111111111111111111111000000000000000000000111100000000000000000000000
111111111111111111111111111111111111111111111111111100000111111111100000000000000000000000000100000000000000000000000000
111111111111111111111111111111111111111111111111111110000000000100000000000000000000000000000000000000000000000000000000
111111111111111111111110001111111111111111111111111111110000000000000000000000000000000000000000000000000000000000000000
111111111111111111111000111111111111111111111111111111111000000000000000000000000000000000000000000000000000000000000000
111111111111111111100001111111111111111111111111111111110000000000000000000000000000000000000000000000000000000000000000
111111111111111111000001111111111111111111000000000000000000000000000000000000000000000000000000000000000000000000000000
111111111111111100000011111111111111111110000000000000000000000000000000000000000000000000000000000000000000000000000000
111111111111111000000011111111111111111110000000000000000000000000000000000000000000000000000000000000000000000000000000
111111111111111000000001111111111111111111100000000000000011100000000000000001111111111000000000000000000000000000000000
111111111111110000000001111111111111111111110001111111111111111111111111111111111111111111111100000000000000000000000000
111111111111100000000000111111111111111111111111111111111111111111111111111111111111111111111111110000000000000000000000
111111111111100000000000011111111111111111111111111111111111111111111111111111111111111111111111111111100000000000000000
111111111111000000000000001111111111111111111111111111111111111111111111111111111111111111111111111111111111000000000000
111111111111000000000000000111111111111111111111111111111111111111111111111111111111111111111111111111111111111110000000
111111111111000000000000000011111111111111111111111111111111111111111111111111111111111111111111111111111111111111111100
111111111111000000000000000001111111111111111111111111111111111111111111111111111111111111111111111111111111111111111111
111111111111000000000000000000111111111111111111111111111111111111111111111111111111111111111111111111111111111111111111
111111111111000000000000000000001111111111111111111111111111111111111111111111111111111111111111111111111111111111111111
111111111111000000000000000000000111111111111111111111111111111111111111111111111111111111111111111111111111111111111111
111111111111100000000000000000000001111111111111111111111111111111111111111111111111111111111111111111111111111111111111
111111111111100000000000000000000000011111111111111111111111111111111111111111111111111111111111111111111111111111111111
