111111111111111111111111111111111111111111111111111111111111111111111111111111111111111111111111111111111111111111111111
111111111111111111111111111111111111111111111111111100000000000000000011111111111111111111111111111111111111111111111111
111111111111111111111111111111111111111111111111110000000000000000000000001111111111111111111111111111111111111111111111
111111111111111111111111111111111111111111111111100000000000000000000000000011111111111111111111111111111111111111111111
111111111111111111111111111111111111111111111111000000000000000000000000000000111111111111111111111111111111111111111111
111111111111111111111111111111111111111111111111000000000000000000000000000000111111111111111111111111111111111111111111
111111111111111111111111111111111111111111111110000000000000000000000000000000000000000111111111111111111111111111111111
111111111111111111111111111111111111111111000000000000000000000000000000000000000000000011111111111111111111111111111111
111111111111111111111111111111111111111110000000000000000000000000000000000000000000000011111111111111111111111111111111
111111111111111111111111111111111111111111100000000000000000000000000000000000000000000011111111111111111111111111111111
111111111111111111111111111111111111111111111110000000000000000000000000000000000000000111111111111111111111111111111111
111111111111111111111111111111111111111111111100000000000000000000000000000001000000001111111111111111111111111111111111
111111111111111111111111111111111111111111111100000000000000000000000000000111000000001111111111111111111111111111111111
111111111111111111111111111111111111111111111111000000000000000000000000000111000000001111111111111111000000111111111111
111111111111000001111111111111111111111111111111100000000000000000000000001111000000001111111111110000000110000011111111
111111110000011000000011111111111111111111111111111000000000000000000000101111000000001111111100000000111111100000000111
111000000001111110000000001111111111111111111111111111100000000000100011111111000000001111000001111000001111100000000000
000000000001111000000111100000011111111111011111111111100000000011111111111000000000000000001111110000000111100000001100
001100000001110000000111111000000000000000000111110000000000000000000111110000000000011110000011111000000111110000000110
011100000001110000000111100000111111100001100000000000000000000000000000000011000000111110000001111100000011111100000111
111000000111110000001111000000011111000000110000000000000000000000000000000110000000111110000000111111000011111111000011
111000011111110000111111000000111110000000000000000000000000000000000000000000000000111111000000111111100011111111110011
111001111111110001111111000000111110000000000000000000000000000000000000000000000001111111100001111111110011111111111111
110011111111110011111111000001111111000000000000000000000000000000000000000001100001111111110001111111111111111111111111
111111111111111111111111100011111111000000000000000000000000000000000000000000000001111111111001111111111111111111111111
111111111111111111111111100111111111100010000000000000000000000000000000000000110001111111111101111111111111111111111111
111111111111111111111111101111111111100110000000000000000000000000000000000000111011111111111111111111111111111111111111
111111111111111111111111111111111111111100000000000000000000000000000000000000011111111111111111111111111111111111111111
111111111111111111111111111111111111111000000000000000000000000000000000000000011111111111111111111111111111111111111111
111111111111111111111111111111111111111000000000000000000000000000000000000000001111111111111111111111111111111111111111
111111111111111111111111111111111111110000000010000000000000000000000000000000000111111111111111111111111111111111111111
111111111111111111111111111111111111110000000110000000000000000000000000110000000111111111111111111111111111111111111111
111111111111111111111111111111111100000000001110000000000000000000000000111000000000011111111111111110011111111111111111
111111011111111100001111111111100000000000011110000000000000000000000000011100000000000001111111111000111111111100111111
111110000111100100000001111000000000000000111110000000000000000000000000011111000000000000001111100000000000000000011111
111111000000000000000000000000000000001111111110000000000000000000000000011111111000000000000000000000000000000000111111
111111100000000000000000000000000001111111111110000000000000000000000000011111111111100000000000000000000000000001111111
111111111000000000000000000000011111111111111100000000000000000000000000001111111111111110000000000000000000000011111111
111111111111111111111110001111111111111111111000000000000000000000000000000111111111111111111100000011111110011111111111
111111111111111111111111111111111111111111110000000000000000000000000000000011111111111111111111111111111111111111111111
