000000000000000000000000000000000000000000000000000000000000000000000000000000000000000000000000000000000000000000000000
000000000000000000000000000000000000000000000000000000000000000000000000000000000000000000000000000000000000000000000000
000000000000000000000000000000000000000000000000000000000000000000000000000000000000000000000000000000000000000000000000
000000000000000000000000000000000000000000000011111100000000000000000011110000000000000000000000000000000000000000000000
000000000000000000000000000000000000000000000011111111111000000011111111110000000000000000000000000000000000000000000000
000000000000000000000000000000000000000000000111111111111111111111111111110000000000000000000000000000000000000000000000
000000000000000000000000000000000000000000000111111111111111111111111111110000000000000000000000000000000000000000000000
000000000000000000000000000000000000001110000000011111111111111111111111110000000000000000000000000000000000000000000000
000000000000000000000000000000000001100111000000001111111111111111111100000000000000000000000000000000000000000000000000
000000000000000000000000000000000011100111000000001111111111111111111100000000000000000000000000000000000000000000000000
000000000000000000000000000000000001111111110000011111111111111111111100000000111111000000000000000000000000000000000000
000000000000000000000000000000000001111111111100011111111111111111111100000000111111111110000000000000000000000000000000
000000000000000000000000000000000011111111111000011111111111111111111110000001111111111110000000000000000000000000000000
000000000000000000000000000000000111111111110000011111111111111111111110000001111111111110000000000000000000000000000000
000000000000000000000000000000000111111111110000011111111111111111111110000000111111111110000000000000000000000000000000
000000000000000000000000000000000011111111100000011111111111111111111110000001111111111100000000000000000000000000000000
000000000000000000000000000000000000111111000000011111111111111111111110000000111111111100000000000000000000000000000000
000000000000000000000000000000111111100000001111111111111111111111111111111000011111110000000000000000000000000000000000
000000000000000000000000000000011111111100001111111111111111111111111111111000000011111111000000000000000000000000000000
000000000000000000000000000000001111111111101111111111111111111111111111111000011111111110000000000000000000000000000000
000000000000000000000000000000000001111111101111111111111111111111111111111101111111111100000000000000000000000000000000
000000000000000000000000000000000001111111111111111111111111111111111111111111111111100000000000000000000000000000000000
000000000000000000000000000000000000011111111111111111111111111111111111111111111111000000000000000000000000000000000000
000000000000000000000000000000000000001111111111111111111111111111111111111111111110000000000000000000000000000000000000
000000000000000000000000000000000000000111111111111111111111111111111111111111111100000000000000000000000000000000000000
000000000000000000000000000000000000000011111000111111111111111111111111101111111000000000000000000000000000000000000000
000000000000000000000000000000000000000000000000111111111111111111111101100111110000000000000000000000000000000000000000
000000000000000000000000000000000000000000000111111111111111111111111111111100000000000000000000000000000000000000000000
000000000000000000000000000000000000000000000010011111111111111111111101000000000000000000000000000000000000000000000000
000000000000000000000000000000000000000000000000011111111111111111111101000000000000000000000000000000000000000000000000
000000000000000000000000000000000000000000000000001111111111111111111100000000000000000000000000000000000000000000000000
000000000000000000000000000000000000000000000000001111111111111111111100000000000000000000000000000000000000000000000000
000000000000000000000000000000000000000000000000011111111111111111111110000000000000000000000000000000000000000000000000
000000000000000000000000000000000000000000000000111111111111111111111111000000000000000000000000000000000000000000000000
000000000000000000000000000000000000000000000001111111111111111111111111100000000000000000000000000000000000000000000000
000000000000000000000000000000000000000000000011111111111111111111111111110000000000000000000000000000000000000000000000
000000000000000000000000000000000000000000000111111111111111111111111111111000000000000000000000000000000000000000000000
000000000000000000000000000000000000000000000111111111111111111111111111111000000000000000000000000000000000000000000000
000000000000000000000000000000000000000000001111111111111111111111111111111100000000000000000000000000000000000000000000
000000000000000000000000000000000000000000001111111111111111111111111111111110000000000000000000000000000000000000000000
