000000000000000000000000000000000000000000000000000000000000000000000000000000000000000000000000000000000000000000000000
000000000000000000000000000000000000000000000000000000000000000000000000000000000000000000000000000000000000000000000000
000000000000000000000000000000000000000000000000000000000000000000000000000000000000000000000000000000000000000000000000
000000000000000000000000000000000000000000000000000000000000000000000000000000000000000000001111111110000000000000000000
000000000000000000000000000000000000000000000000000000000000000000000000000000000000000000111111111111100000000000000000
000000000000000000000000000000000000000000000000000000000000000000000000000000000000000011111111111111111000000000000000
000000000000000000000000000000000000000000000000000000000000000000000000000000000000000011111111111111111111100000000000
000000000000000000000000000000000000000000000000000000000000000000000000000000000000000011111111111111111111111110000000
000000000000000000000000000000000000000000000000000000000000000000000000000000000000000001111111111111111111111111110000
000000000000000000000000000000000000000000000000000000000000000000000000000000000000000000011111111111100011111111111100
000000000000000000000000000000000000000000000000000000000000000000000000000000000000000000011111111111111111111111111110
000000000000000000000000000000000000000000000000000000000000000000000000000000000000000000000000000000000000000000011100
000000000000000000000000000000000000000000000000000000000000000000000000000000000000000000000000000000000000000000000000
000000000000000000000000000000000000000000000000000000000000000000000000000000000000000000000000000000000000000000000000
000000000000000000000000000000000000000000000000000000000000000000000000000000011100000000000000000000000000000000000000
000011111000000000000000000000000000000000000000000000000000000000000000111111111100000000000000000000000000000000000000
000111111100000000000000000000000000000000000000000000000000000010001111111111111111000000000000000000000000000000000000
000111111100000000000000111111111111111111111111111111111111111111111111111111111111000000000000000000000000000000000000
000111111100000000000111100000000000000000000000000000000000000000011111111111111111100000000000000000000000000000000000
001111111100000000000000000000000000000000000000000000000000000000001111111111111111000000000000000000000000000000000000
111111111110000000000000000000000000000000000000000000000000000000000000111111111111100000000000000000000000000000000000
111111111111100000000000000000000000000000000000000000000000000000000000111111111111110000000000000000000000000000000000
111111111111100000000000000000000000000000000000000000000000000000000000111111111111110000000000000000000000000000000000
111111111100000000000000000000000000000000000000000000000000000000000000011111111111000000000000000000000000000000000000
011111111100000000000000000000000000000000000000000000000000000000000000011111111111000000000000000000000000000000000000
001111111100000000000000000000000000000000000000000000000000000000000000111111111111000000000000000000000000000000000000
001111111110000000000000000000000000000000000000000000000000000000000000011111111111000000000000000000000000000000000000
001111111110000000000000000000000000000000000000000000000000000000000000111111111111000000000000000000000000000000000000
011111111110000000000000000000000000000000000000000001111000000000000000111111111111000000001111111000000000000000000000
000111111000000000000000000000000000000000000000000000000011110011000000111111111111101111111111100000000000000000000000
111111111000000000000000000000000000000000000000000000000000001111111111111111111111111111100000000000000000000000000000
000000000000000000000000000000000000000000000000000000000000000000011111111111111111100000000000000000000000000000000000
000000000000000000000000000000000000000000000000000000000000000000111111111111111111000000000000000000000000000000000000
000000000000000000000000000000000000000000000000000001100000001111111111111111111111111000000000000000000000000000000000
000000000000000000000000000000000000000000000000000001111111111111111111111111111111111111111100000000000000000000000000
000000000000000000000000000000000000000000000000111111111100011111111111111111111111111000001111111110000000000000000000
000000000000000000000000000000000000000000000000000000000001111111111111111111111111111110000000000111110000000000000000
000000000000000000000000000000000000000000000000000000000111111111111111111111111111111111100000000000000000000000000000
000000000000000000000000000000000000000000000000000000001111111111111111111111111111111111111000000000000000000000000000
000000000000000000000000000000000000000000000000000000111111111111111111111111111111111111111100000000000000000000000000
