000000000000000000000000000000000000000000000000000000000000000000000001000000000000000000000000000000000000000000000000
000000000000000000000000000000000000000000000000000000000000000000000000000000000000000000000000000000000000000000000000
000000000000000000000000000000000000000000000000000000000000000000000000000000000000000000000000000000000000000000000000
000000000000000000000000000000000000000000000000000000000000000000000000000000000000000000000000000000000000000000000000
000000000000000000000000000000000000000000000000000000000001111111111111111111111100000000000000000000000000000000000000
000000000000000000000000000000000000000000000000000000111111111111111111111111111111110000000000000000000000000000000000
000000000000000000000000000000000000000000000000000011111111111111111111111111111111111111000000000000000000000000000000
000000000000000000000000000000000000000000000000001111111111111111111111111111111111111111111000000000000000000000000000
000000000000000000000000000000000000000000000000011111111111111111111111111111111111111111111110000000000000000000000000
000000000000000000000000000000000000000000000000111111111111111111111111111111111111111111111111100000000000000000000000
000000000000000000000000000000000000000000000000111111111111111111111111111111111111111111111111110000000000000000000000
000000000000000000000000000000000000000000000001111111111111111111111111111111111111111111111111111000000000000000000000
000000000000000000000000000000000000000000000111111111111111111111111111111111111111111111111111111100000000000000000000
000000000000000000000000000000000000000000001111111111111111111111111111111111111111111111111111111100000000000000000000
000000000000000000000000000000000000000000001111111111111011111111111111111111111111111111111111111100000000000000000000
000000000000000000000000000000000000000000000001111111111000111111111111111111111111111111111111111000000000000000000000
000000000000000000000000000000000000000000000001111111111111111110111111111111111111111111111111100000000000000000000011
000000000000000000000000000000000000000000000001111111111111111111111110000111111111111111111100000000000000000000000011
000000000000000000000000000000000000000000000000111111111111111100001100000000000000000000000000000000000000000000000000
000000000000000000000000000000000000000000000000011111111111111000001100000000000000000000000000000000000000000000000000
000000000000000000000000000000000000000000000000011111111111110000001000000000000000000000000000000000000000000000000000
000000000000000000000000000000000000000000000000011111111111110000010000000000000000000000000000000000000000000000000000
000000000000000000000000000000000000000000000000001111111111110000110000000000000000000000000000000000000000000000000000
000000000000000000000000000000000000000000000000001111111111111111110000000000000000000000000000000000000000000000000000
000000000000000000000000000000000000000000000000000011111111111111100000000000000000000000000000000000000000000000000000
000000000000000000000000000000000000000000000000000111111111111011000001000000000000000000000000000000000000000000000000
000000000000000000000000000000000000000000000000011111111111111001100011000000000000000000000000000000000000000000000000
000000000000000000000000000000000000000000000001111111111111111000011100000000000000000000000000000000000000000000000000
000000000000000000000000000000000000000000000011111111111111111100000000000000000000000000000000000000000000000000000000
000000000000000000000000000000000000000000001111111111111111111100000000000000000000000000000000000000000000000000000000
000000000000000000000000000000000000000001111111111111111111111100000000000000000000000000000000000000000000000000000000
000000000000000000000000000000000000011111111111111111111111111110000000000000000000000000000000000000000000000000000000
000000000000000000000000000000000111111111111111111111111111111110000000000000000000000000000000000000000000000000000000
000000000000000000000000000011111111111111111111111111111111111110000000000000000000000000000000000000000000000000000000
000000000000000000000000000111111111111111111111111111111111111111000000000000000000000000000000000000000000000000000000
000000000000000000000000011111111111111111111111111111111111111111000000000000000000000000000000000000000000000000000000
000000000000000000000000011111111111111111111111111111111111111111100000000000000000000000000000000000000000000000000000
000000000000000000000000000011111111111111111111111111111111111111110000000000000000000000000000000000000000000000000000
000000000000000000000000000000111111111111111111111111111111111111110000000000000000000000000000000000000000000000000000
000000000000000000000000000000001111111111111111111111111111111111111000000000000000000000000000000000000000000000000000
