000000000000000000000000000000000000000000000000000000000000000000000000000000000000000000000000000000000000000000000000
000000000000000000000000000000000000000000000000000011111111111111111111100000000000000000000000000000000000000000000000
000000000000000000000000000000000000000000000001111111111111111111111111111111000000000000000000000000000000000000000000
000000000000000000000000000000000000000000011111111111111111111111111111111111111000000000000000000000000000000000000000
000000000000000000000000000000000000000011111111111111111111111111111111111111111110000000000000000001100000000000000000
000000000000000000000000000000000000001111111111111111111111111111111111111111111110000000000000000000000000000000000000
000000000000000000000000000000000000111111111111111111111111111111111111111111111000000000000000000000000000000000000000
000000000000000000000000000000000011111111111111111111111111111111111111111100000000000000000000000000000001000000000000
000000000000000000000000000010000111111111111111111111111111111111111110000000000000000000000000000000000000000000000000
000000000000000000000000000000001111111111111111111111111111111111110000000000000000000000000000000000000000000000000000
000000000000000000000000000000011111111111111111111111111111100000000000000000000000000000000000000000000000000000000000
000000000000000000000000000000111111111111111111111111111111000000000000000000000000000000000000000000000000000000000000
000000000000000000000000000000111111111111111111111111111111000000000000000000000000000000000000000000000000000000000000
000000000000000000000000000000000000000000011111111111111000000000000000000000000000000000000000000000000000000000000000
000000000000000000000000000000000000000000001111111111100000000000000000000000000000000000000000000000000000000000000000
000000000000000000001000000000000000000000000001111111100000010000000000000000000000000000000000000000000000000000000000
000000000000000000000000000000000000000000000001111111111000001000000000000000000000000000000000000001000000000000000000
000000000000000000000000000000000000000000000001111111111111001100000000000000000000000000000000000000000000000000000000
000000000000000000000000000000000000000000000000111111111111110100000000000000000000000000000000000000000000000000000000
000000000000000000000000000000000000000000000001111111111111110010000000000000000000000000000000000000000000000000000000
000000000000000000000000000000000000000000000001111111111111100011000000000000000000000000000000000000000000000000000000
000000000000000000000000000000000000000000000011111111111111000011100000000000000000000000000000000000000000000000000000
000000000000000000000000000000000000000000000011111111111111111111110001100000000000000000000000000000000000000000000000
000000000000000000000000000000000000000000000000111111111111111111110000100000000000000000000000000000000000000000000000
000000000000000000000000000000000000000000000000000111111111110000001111000000000000000000000000000000000000000000000000
000000000000000000000000000000000000000000000000011111111111100000000000000000000000000000000000000000000000000000000000
000000000000000000000000000000000000000000000011111111111111100000000000000000000000000000000000000000000000000000000000
000000000000000000000000000000000000000000001111111111111111100000000000000000000000000000000000000000000000000000000000
000000000000000000000000000000000000000001111111111111111111110000000000000000000000000000000000000000000000000000000000
000000000000000000000000000000000000011111111111111111111111110000000000000000000000000000000000000000000000000000000000
000000000000000000000000000000111111111111111111111111111111110000000000000000000000000000000000000000000000000000000000
000000000010000000000001111111111111111111111111111111111111110000000000000000000000000000000000000000000000000000000000
000000000000000000001111111111111111111111111111111111111111110000000000000000000000000000000000000000000010000000000000
000000000000000000011111111111111111111111111111111111111111110000000000000000000000000000000000000000000000000000000000
000000000000000001111111111111111111111111111111111111111111110000000000000000000000000000000000000000000000000000000000
000000000000000000011111111111111111111111111111111111111111110000000000000000000000000000000000000000000000000000000000
000000000000000000000000111111111111111111111111111111111111111110000000000000000000000000000000000000000000000000000000
000000000000000000000000000001111111111111111111111111111111111000000000000000000000000000000000000000000000000000000000
000000000000000000000000000000111111111111111111111111111111111000000000000000000000000000000000000000000000000000000000
000000000000000000000000000000011111111111111111111111111111111000000000000000000000000000000000000000000000000000000000
