000000000000000000000000000000000000000000000000000000000000000000000000000000000000000000000000000000000000000000000000
000000000000000000000000000000000000000000000000000000000100000000000000000000000000000000000000000000000000000000000000
000000000000000000000000000000000000000000000000000000000000000000000000000000000000000000000000000000000000000000000000
000000000000000000000000000000000000000000000000000000000000000000000000000000000000000000000000000000000000000000000000
000000000000000000000000000000000000000000000000000000000000000000000000000000000000000000000000000000000000000000000000
000000000000000000000000000000000000000000000000000000000000000000000000000000000000000000000000000000000000000000000000
000000000000000000000000000000000000000000000000000000000000000000000000000000000000000000000000000000000000000000000000
000000000000000000000000000000000000000000000000000000000000000000000000000000000000000000000000000000000000000000000000
000000000000000000000000000000000000000000000000000000000000000000000000000000000000000000000000000000000000000000000000
000000000000000000000000000000000000000000000000000000000000000000000000000000000000000000000000000000000000000000000000
000000000000000000000000000000000000000000000000000000000000000000000000000000100000000000000000000000000000000000000000
000001111111111111100000000000000000000000000000000000000000000000000000000000000000000000000000000000000000000000000000
111111111111111111111100000000110000000000000000000000000000000000000000000000000000000000000000000000000000000000000000
111111111111111111111110000000000000000000000000000000000000000000000000000000000000000000000000000000000000000000000000
111111111111111111111111000000000000000000000000000000000000000000000000000000000000000000000000000000000000000000000000
111111111111111111111111000000000000000000000000000000000000000000000000000000000000000000000000000000000000000000000000
111111111111111111111111000000000000000000000000000000000000000000000000000000000000000000000000000000000000000000000000
111111111111111111111110000000000000000000000000000000000000000000000000000000000000000000000000000000000000000000000000
111111111111111111111110000000000000000000000000000000000000000000000000000000000000000000000000000000000000000000000000
111111111111111111111000000000000000000000000000000000000000000000000000000000000000000000000000000000000000000000000000
111111111111111111100000000000000000000000000000000000000000000000000000000000000000000000000000000000000000000000000000
111111111111111111000000000000000000001100000000000000000000000000000000000000000000000000000000000000000000000000000000
111111111111111111110000000000000000000000000000000000000000000000000000000001000000000000000000000000000000000000001000
111111111111111111111000000000000000000000000000000000000000000000000000000000000110000000000000000001111000000000000000
111111111111111111100000000000000000000000000000000000000000000000000000000000000111000000000000000000000000000000000000
111111111111111000000000000000000000000000000000000000000000000000000000000000000000000000000000000000000000000000000000
001001111111111100000000000000000000000000000000000000000000000000000000000000000000000000000000000000000000000000000000
000011111111111100000000000000000000000000000000000000000000000000000000000000000000000000000000000000000000000000000000
001111111111111110000000000000000000000000000000000000000000000001000000000000000000000000000000000000000000000000000000
111111111111111110000000000000000000000000000000000000000000000000000100000000000000000000000000000000000000000000000000
111111111111111110000000000000000000000000000000000000000000000000000000000000000000000000000000000000000100000000000000
111111111111111110000000000000000000000000000000000000000000000000000000000000000000000000000000000000000000000000000000
111111111111111110000000000000000000000000000000000000000000000000000000000000000000000000000000000000000000000000000000
111111111111111110000000000000000000000000000000000000000000000000000000000000000000000000000000000000000000000000000000
111111111111111100000000000000000000000111000000000000000000000000000000000000000000000000000000000000000000000000000000
111111111111111110000000000000000000000001000000000000000000000000000000000000000000000000000000000000000000000000000000
001111111111111110000000000000000000000000000000000000000000000000000000000000000000000000000000100000000000000000000000
000000011100011100000000000000000000000000000000000000000001000000000000000000000000000000000000000000000000000000000000
000000011100011100000000000000000000000000000000000000000000000000000000000000000000000000010000000000000000000000000000
000000011100011000000000000000000001000000000000000000000000000000000000000000000000000000110000000000000000000000000000
