000000000000000000000000000000000000000000000000000000000000000000000000000000000000000000000000000000000000000000000000
000000000000000000000000000000000000000000000000000000000000000000000000000000000000000000000000000000000000000000000000
000000000000000000000000000000000000000000000000000000000000000000000000000000000000000000000000000000000000000000000000
000000000000000000000000000000000000000000000000000000000000000000000000000000000000000000000000000000000000000000000000
000000000000000000000000000000000000000000000000000000000000000000000000000000000000000000000000000000000000000000000000
000000000000000000000000000000000000000000000000000000000000000000000000000000000000000000000000000000000000000000000000
000000000000000000000000000000000000000000000000000000000000000000000000000000000000000000000000000000000000000000000000
000000000000000000000000000000000000000000000000000000000000000000000000000000000000000000000000000000000000000000000000
000000000000000000000000000000000000000000000000000000000000000000000000000000000000000000000000000000000000000000000000
000000000000000000000000000000000000000000000000000000000000000000000000000000000000000000000000000000000000000000000000
000000000000000000000000000000000000000000000000000000000000000000000000000000000000000000000001000111111111111000000000
000000000000000000000000000000000000000000000000000000000000000000000000000000000000000001111111111111111111111111100000
000000000000000000000000000000000000000000000000000000000000000000000000000000000000000011111111111111111111111111111100
000000000000000000000000000000000000000000000000000000000000000000000000000000000000000111111111111111111111111111111111
000000000000000000000000000000000000000000000000000000000000000000000000000000000000011111111111111111111111111111111111
000000000000000000000000000000000000000000000000000000000000000000000000000000000000011111111111111111111111111111111111
000000000000000000000000000000000000000000000000000000000000000000000000000000000000111111111111111111111111111111111111
000000000000000000000000000000000000000000000000000000000000000000000000000000000001111111111111111111111111111111111111
000000000000000000000000000000000000000000000000000000000000000000000000000000000000111111111111111111111111111111111111
000000000000000000000000000000000000000000000000000000000000000000000000000000000000011111111111111111111111111111111111
000000000000000000000000000000000000000000000000000000000000000000000000000000000000000001111111111111111111111111111111
000000000000000000000000000000000000000000000000000000000000000000000000000000000000000000111111111111111111111111111111
000000000000000000000000000000000000000000000000000000000000000000000000000000000000000000111111111111111111111111111111
000000000000000000000000000000000000000000000000000000000000000000000000000000000000000000111111111111111111111111111111
000000000000000000000000000000000000000000000000000000000000000000000000000000000000000000000111111111111111111111111111
000000000000000000000000000000000000000000000000000000000000000000000000000000000000000000000000000111111111111111111111
000000000000000000000000000000000000000000000000000000000000000000000000000000000000000000000000000000011111111111111111
000000000000000000000000000000000000000000000000000000000000000000000000000000000000000000000000000000011111111111111111
000000000000000000000000000000000000000000000000000000000000000000000000000000000000000000000000000000011111111111111111
000000000000000000000000000000000000000000000000000000000000000000000000000000000000000000000000000000111111111111111111
000000000000000000000000000000000000000000000000000000000000000000000000000000000000000000000000000000011111111111111111
000000000000000000000000000000000000000000000000000000000000000000000000000000000000000000000000000000001111111111111111
000000000000000000000000000000000000000000000000000000000000000000000000000000000000000000000000000000001111111111111111
000000000000000000000000000000000000000000000000000000000000000000000000000000000000000000000000000000000111111111111111
000000000000000000000000000000000000000000000000000000000000000000000000000000000000000000000000000000000011111111111111
000000000000000000000000000000000000000000000000000000000000000000000000000000000000000000000000000000000001111111111111
000000000000000000000000000000000000000000000000000000000000000000000000000000000000000000000000000000000000111111111111
000000000000000000000000000000000000000000000000000000000000000000000000000000000000000000000000000000000000001111111111
000000000000000000000000000000000000000000000000000000000000000000000000000000000000000000000000000000000000000011111111
000000000000000000000000000000000000000000000000000000000000000000000000000000000000000000000000000000000000000000011111
