000000000000000000000000000000000000000000000000000000000000000000000000000000000000000000000000000000000000000000000000
000000000000000000000000000000000000000000000000000000000000111111111111000000000000000000000000000000000000000000000000
000000000000000000000000000000000000000000000000000000111111111111111111110000000000000000000000000000000000000000000000
000000000000000000000000000000000000000000000000001111111111111111111111111100000000000000000000000000000000000000000000
000000000000000000000000000000000000000000000000011111111111111111111111111111000000000000000000000000000000000000000000
000000000000000000000000000000000000000000000000011111111111111111111111111111111111111100000000000000000000000000000000
000000000000000000000000000000000000000000000000111111111111111111111111111111111111111000000000000000000000000000000000
000000000000000000000000000000000000000000000001111111111111111111111111111111111110000000000000000000000000000000000000
000000000000000000000000000000000000000000001111111111111111111111111111111111111000000000000000000000000000000000000000
000000000000000000000000000000000000000001111111111111111111111111111111111111111100000000000000000000000000000000000000
000000000000000000000000000000000000000011111111111111111111111111111111111111111100000000000000000000000000000000000000
000000000000000000000000000000000000000000001111111111111111111111111111111111111100000000000000000000000000000000000000
000000000000000000000000000000000000000000001111111111111111111111111111111111111000000000000000000000000000000000000000
000001111111111111111111111000000000000001111111111111111111111111111111111100000000000000000000000000000000000000000000
111111111111111111111111111111111111100011111111111111111111111111111111111100000000000000000000000000000000000000000000
111111111111111111111111111111111111111111111111111111111111111111111111111110000000000000000000000000000000000000000000
111110000000000000000000001111111111111111111111111111111111111111111111110000000000000000000000000000000000000000000000
000000000000000000000000000000000001111111111111111111111111111111111111110000000000000000000000000000000000000000000000
000000000000000000000000000000000000000000111111111111111111111111111111110000000000000000000000000000000000000000000000
000000000000000000000000000000000000000000000011111111111111111111111111100000000000000000000000000000000000000000000000
000000000000000000000000000000000000000000000000000111111111111111111111000000000000000000000000000000000000000000000000
000000000000000000000000000000000000000000000000000111111111111111111111100000000000000000000000000000000000000000000000
000000000000000000000000000000000000000000000000001111111111111111111111111100000000000000000000000000000000000000000000
000000000000000000000000000000000000000000000000001111111111111111111111111111110110000000000000000000000000000000000000
000000000000000000000000000000000000000000000000011111111111111111111111111111111111110000000000000000000000000000000000
000000000000000000000000000000000000000000000000010111111111111111111111111111111111111110000000000000000000000000000000
000000000000000000000000000000000000000000000000000111111111111111111111111001111111111111110000000000000000000000000000
000000000000000000000000000000000000000000000000000111111111111111111111111101111111111111111000000000000000000000000000
000000000000000000000000000000000000000000000000000111111111111111111111111101111111111111111110000000000000000000000000
000000000000000000000000000000000000000000000000000111111111111111111111111111111111111111111111110000000000000000000000
000000000000000000000000000000000000000000000000000111111111111111111111111111111111111110111111111110000000000000000000
000000000000000000000000000000000000000000000000000111111111111111111111111111111111111100000111111111111000000000000000
000000000000000000000000000000000000000000000000000111111111111111111111111111111111111111000001111111111111000000000000
000000000000000000000000000000000000000000000000000111111111111111111111111111111111111111000000011111111111110000000000
000000000000000000000000000000000000000000000000000111111111111111111111111111111111111100000011111111111111110000000000
000000000000000000000000000000000000000000000000000111111111111111111111111111111111111111111111111111111111111000000000
000000000000000000000000000000000000000000000000000011111111111111111111111111111111111111111111111111111111111110000000
000000000000000000000000000000000000000000000000000011111111111111111111111111111111111111111111111111110011111111100000
000000000000000000000000000000000000000000000000000011111111111111111111111110000111111111111111111111000000111111110000
000000000000000000000000000000000000000000000000000011111111111111111111111100000000000000111111111110000000001111111100
