000000000000000000000000000000000000000000000000000000000000000000111111111111111110000000000000000000000000000000000000
000000000000000000000000000000000000000000000000000000000000000000011111111111111111000000000000000000000000000000000000
000000000000000000000000000000000000000000000000000000000000000000000000000001111111100000000000000000000000000000000000
000000000000000000000000000000000000000000000000000000000000000000000000000000111111110000000000000000000000000000000000
000000000000000000000000000000000000000000000000000000000000000000000000000000001111111100000000000000000000000000000000
000000000000000000000000000000000000000000000000000000000000000000000000000000000011111110000000000000000000000000000000
000000000000000000000000000000000000000000000000000000000000000000000000000000000000111111110000000000000000000000000000
000000000000000000000000000000000000000000000000000000000000000000000000000000000000001111111111100000000000000000000000
000000000000000000000000000000000000000000000000000000000000000000000000000000000000000000111111111110000000000000000000
000000000000000000000000000000000000000000000000000000000000000000000000000000000000000000000000000111100000000000000000
000000000000000000000000000000000000000000000000000000000000000000000000000000000000000000000000000000111111000000000000
000000000000000000000000000000000000000000000000000000000000000000000000000000000000000000000000000000001111000000000000
000000000000000000000000000000000000000000000000000000000000000000000000000000000000000000000000000000000000000000000000
000000000000000000000000000000000000000000000000000000000000000000000000000000000000000000000000000000000000000000000000
000000000000000000000000000000000000000000000000000000000000000000000000000000000000000000000000000000000000000000000000
000000000000001111100000000000000000000000000000000000000000000000001111111110000000000000000000000000000000000000000000
000000000000011111100000000000000000000000000000000111111111111111111111111111111000000000000000000000000000000000000000
000000000000011111100000000000111111111111111111111111111111111111111111111111110011000000000000000000000000000000000000
000000000000011111100000000000000000000000000000000000000000000111111111111111110011000000000000000000000000000000000000
000000000000111111100000000000000000000000000000000000000000000001111111111111110000000000000000000000000000000000000000
000000000001111111110000000000000000000000000000000000000000000000001111111111111000000000000000000000000000000000000000
000000000001111111111100000000000000000000000000000000000000000000011111111111110000000000000000000000000000000000000000
000000000001111111100000000000000000000000000000000000000000000000001111111111000000000000000000000000000000000000000000
000000000000111111100000000000000000000000000000000000000000000000001111111110000000000000000000000000000000000000000000
000000000000111111110000000000000000000000000000000000000000000000001111111110000000000000000000000000000000000000000000
000000000001111111110000000000000000000000000000000000000000000000011111111111000000000000000000000000000000000000000000
000000000001111111111000000000000000000000000000000000000000000000011111111111000000011111000000000000000000000000000000
000000000001111111100000000000000000000000000000000111100000000000011111111111001111111100000000000000000000000000000000
000000000000111011100000000000000000000000000000000000001111110001111111111111111100000000000000000000000000000000000000
011111111110000000000000000000000000000000000000000000000001111111111111111110000000000000000000000000000000000000000000
000000000000000000000000000000000000000000000000000000000000001111111111111111000000000000000000000000000000000000000000
000000000000000000000000000000000000000000000000000100000011111111111111111111111100000000000000000000000000000000000000
000000000000000000000000000000000000000000000000001111111111111111111111111111110011111111000000000000000000000000000000
000000000000000000000000000000000000000000000011111110000111111111111111111111111000000000000000000000000000000000000000
000000000000000000000000000000000000000000000000000000001111111111111111111111111110000000000000000000000000000000000000
000000000000000000000000000000000000000000000000000000111111111111111111111111111111100000000000000000000000000000000000
000000000000000000000000000000000000000000000000000011111111111111111111111111111111111000000000000000000000000000000000
000000000000000000000000000000000000000000000000000111111111111111111111111111111111111110000000000000000000000000000000
000000000000000000000000000000000000000000000000001111111111111111111111111111111111111100000000000000000000000000000000
000000000000000000000000000000000000000000000000011110001111111111111111111111111111110000000000000000000000000000000000
