111111111111111111111111111111111111111000000000000000000111110000000000000000000001111111111111111111111111111111111111
111111111111111111111111111111111111110000000000000000000000000000000000000000000000011111111111111111111111111111111111
111111111111111111111111111111111111110000000000000000000000000000000000000000000000000111111111111111111111111111111111
111111111111111111111111111111111111111000000000000000000000000000000000000000000000000011111111111111111111111111111111
111111111111111111111111111111111111111110000000000000000000000000000000000000000000000000111111111111111111111111111111
111111111111111111111111111111111111111111100000000000000000000000000000000000000000000000001111111111111111111111111111
111111111111111111111111111111111111111111111110000000000000000000000000000000000000000000000111111111111111111111111111
111111111111111111111111111111111111111111111111000000000000000000000000000000000000000000000001111111111111111111111111
111111111111111111111111111111111111111111111100000000000000000000000000000000000000000000000000111111111111111111111111
111111111111111111111111111111111111111111111000000000000000000000000000000000000000000000000000011111111111111111111111
111111111111111111111111111111111111111111111000000000000000000000000000000000000000000000000000011111111111111111111111
111111111111111111111111111111111111111111111000000000000000000000000000000000000000000000000000001111111111111111111111
111111111111111111111111111111111111111111111000000000000000000000000000000000000000000000000000000111111111111111111111
111111111111111111111111111111111111111111111000000000000000000000000000000000000000000000000000000011111111111111111111
111111111111111111111111111111111111111111111000000000000000000000000000000000000000000000000000000011111111111111111111
111111111111111111111111111111111111111111111000000000000000000000000000000000000000000000000000000001111111111111111111
111111111111111111111111111111111111111111111000000000000000000000000000000000000000000000000000000001111111111111111111
111111111111111111111111111111111111111111111110000000000000000000000000000000000000000000000000000000111111111111111111
111111111111111111111111111111111111111111111111110000000000000000000000000000000000000000000000000000011111111111111111
111111111111111111111111111111111111111111111111111111111110000000000000000000000000000000000000000000111111111111111111
111111111111111111111111111111111111111111111111111111111110000000000000000000000000000000000000000000011111111111111111
111111111111111111111111111111111111111111111111111111111110000000000000000000000000000000000000000000111111111111111111
111111111111111111111111111111111111111111111111111111111110000000000000010000000000000000000000000000011111111111111111
111111111111111111111111111111111111111111111111111111111110000000100000011100000000000000000000010000111111111111111111
111111111111111111111111111111111111111111111111111111111111000000110000001100000000000000000000011000011111111111111111
111111111111111111111111111111111111111111111111111111111111000000111100011000000000000000000000001110011111111111111111
111111111111111111111111111111111111111111111111111111111111000000111100000000000000000000000000000011111111111111111111
111111111111111111111111111111111111111111111111111111111111000000111110000000000000000000000000000011111111111111111111
111111111111111111111111111111111111111111111111111111111111110000111100000000000000000000000000000000111111111111111111
111111111111111111111111111111111111111111111111111111111111111000110000000000000000000000000000000000011111111111111111
111111111111111111111111111111111111111111111111111111111111111000110000000000000000000000000000000000001111111111111111
111111111111111111111111111111111111111111111111111111111111111100110000000000000000000000000000000000000111111111111111
111111111111111111111111111111111111111111111111111111111111111110100000000000000000000000000000000100000111111111111111
111111111111111111111111111111111111111111111111111111111111111111000000000000000000000000000000000010000011111111111111
111111111111111111111111111111111111111111111111111111111111111111000000000000000000000000000000000011000001111111111111
111111111111111111111111111111111111111111111111111111111111111111000000000000000000000000000000000001000000111111111111
111111111111111111111111100000000000011111111111111111111111111111000000000000000000000000000000000001100000111111111111
111111111111111111111110000000000000001111111111111111111111111111000000000000000000000000000000000001100000011111111111
111111111111111111111000000000000000000111111111111111111111111110000000000000000000000000000000000000110000011111111111
111111111111111111111000000000000000000111111111111111111111000000000000000000000000000000000000000000110000001111111111
