111111111100000011111111111111110001111111111111111111111111111000000111111111111111111111111111111111111111111111111110
111111111100000011111111111111111111111111111111111111111111111000000011111111111111111111111111111111111111111111111111
001111111100000011111111111111111111111111111111111111111111110000000001111111111111111111111111111111111111111111111111
000110000000000011111111111111111111111111111111111111111111110000000001111111111111111111111111111111111111111111111111
000000000110000111111111111111111111111111111111111111111111110000000011111111111111111111111111111111111111111111111111
000001111111111111111111111111111111111111111111111111111111111000001111111111111111111111111111111111111111111111111111
000011111111111111111111111111111111111111111111111111111111111000011111111111111111111111111111111111111111111111111111
000111111111111111111111111111111111111111111111111111111111111000111111111111111111111111111111111111111111111111111111
001111111111111111111111111111111111111111111111111111111111111000111111111111111111111111111111111111111111111111111111
001111111111111111111111111111111111111111111111111111111111111111111111111111111111111111111111111111111111111111111111
001111111111111111111111111111111111111111111111111111111111111111111111111111111111111111111111111111111111111111111111
011111111111111111111111111111111111111111111111111111111111111111111111111111111111111111111111111111111111111111111111
111111111111111111111111111111111111111111111111111111111111111111111111111111111111111111111111111111111111111111111111
111111111111111111111111111111111111111111111111111111111111111111111111111111111111111111111111111111111111111111111111
111111111111111111111111111111111111111111111111111111111111111111111111111111111111111111111111111111111111111111111111
111111111111111111111111111111111111111111111111111111111111111111111111111111111111111111111111111111111111111111111111
111111111111111111111111111111111111111111111111111111111111111111111111111111111111111111111111111111111111111111111111
111111111111111111111111111111111111111111111111111111111111111111111111111111111111111111111111111111111111111111111111
111111111111111111111111111111111111111111111111111111111111111111111111111111111111111111111111111111111111111111111111
111111111111111111111111111111111111111111111111111111111111111111111111111111111111111111111111111111111111111111111111
111111111111111111111111111111111111111111111111111111111111111111111111111111111111111111111111111111111111111111111111
111111111111111111111111111111111111111111111111111111111111111111111111111111111111111111111111111111111111111111111111
111111111111111111111111111111111111111111111111111111111111111111111111111111111111111111111111111111111111111111111111
111111111111111111111111111111111111111111111111111111111111111111111111111111111111111111111111111111111111111111111111
111111111111111111111111111111111111111111111111111111111111111111111111111111111111111111111111111111111111111111111111
111111111111111111111111111111111111111111111111111111111111111111111111111111111111111111111111111111111111111111111111
000111111111111111111111111111111111111111111111111111111111100001111111111111111111111111111111111111111111111111111111
000001111111111111111111111111111111111111111111111111111100000000111111111111111111111111111111111111111111111111111111
000000001111111111111111111111111111111111111111111111111000000000011111111111111111111111111111111111111111111111111111
000000000111111111111111111111111111111111111111111111110000000000000011111111111111111111111111111111111111111111111111
000000000011111111111111111111111111111111111111111111110000000000011111111111111111111111111111111111111111111111111111
000000000011111111111111111111111111111111111111111111111111111111111111111111111111111111111111111111111111111111111111
000000000011111111111111111111111111111111111111111111111111111111111111111111111111111111111111111111111111111111111111
000000000001111111111111111111111111111111111111111111111111111111111111111111111111111111111111111111111111111111111111
000000000000111111111111111111111111111111111111111111111111111111111111111111111111111111111111111111111111111111111000
000000000000001111111111111111111111111111111111111111111111111111111111111111111111111111111111111111111111111100000000
000000000000000000111111111111111111111111111111111111111111111111111111111111111111111111111111111111111111111000000000
000000000000000000000001111111111111111111111111111111111111111111111111111101111111111111111111111111111111110000000000
000000000000000000000000000000000000000000111111111111111111111111111111111100000000001111111111111111111111000000000000
000000000000000000000000000000000000000000111111111111111111111111111111111100000000000000011110000000000000000000000000
