000000000000000000000000000000000000000000000000000000000000000000000000000000000000000000000000000000000000000000000000
000000000000000000000000000000000000000000000000000000000000000000000000000000000000000000000000000000000000000000000000
000000000000000000000000000000000000000000000000000000000000000000000000000000000000000000000000000000000000000000000000
000000000000000000000000000000000000000000000000000000000000000000000000000000000000000000000000000000000000000000000000
000000000000000000000000000000000000000000000000000000000000000000000000000000000000000000000000000000000000000000000000
000000000000000000000000000000000000000000000000000000000000000000000000000000000000000000000000000000000000000000000000
000000000000000000000000000000000000000001110000000001111111111111111111110000000000000000000000000000000000000000000000
000000000000000000000000000000000000000000111100111111111111111111111111100000000000000000000000000000000000000000000000
000000000000000000000000000000000000000000111111111111111111111111111111000000000000000000000000000000000000000000000000
000000000000000000000000000000000000000000111111111111111111111111111111111111111100000000000000000000000000000000000000
000000000000000000000000000000000000000111111111111111111111111111111111111100000000000000000000000000000000000000000000
000000000000000000000000000000000000011111111111111111111111111111111111111100000000000000000000000000000000000000000000
000000111000000000000000000000000000011111111111111111111111111111111111110000000000000000000000000000000000000000000000
000011111110000000000000000000000000000111111111111111111111111111111110000000000000000000000000000000000000000000000000
000111110000000000000000000000000000000111111111111111111111111111111110000000000000000000000000000000000000000000000000
001111111110000000000000000000000000111111111111111111111111111111111110000000000000000000000000000000000000000000000000
011111111111100000000000000000000111111111000011111111111111111111111110000000000000000000000000000000000000000000000000
001111111111111000000000000000111111111100000011111111111111111111111111000000000000000000000000000000000000000000000000
000111111111111000000000000111111111100000000001111111111111111111111110000000000000000000000000000000000000000000000000
000000111111111100000000001111111110000000000000111111111111111111111110000000000000000000000000000000000000000000000000
000000001111111100000000111111110000000000000001111111111111111111111110000000000000000000000000000000000000000000000000
000000000111111110000001111111110000000000000011111111111111111111111110000000000000000000000000000000000000000000000000
000000000111111111000000111111111111100000111111111111111111111111111110000000000000000000000000000000000000000000000000
000000000111111111100000011111111111111111111111111111111111111111111111110000000000000000000000000000000000000000000000
000000000011111111100000000111111111111111111111111111111111111111111111111000000000000000000000000000000000000000000000
000000000011111111110000001111111111111111111111111111111111111111111111111110000000000000000000000000000000000000000000
000000000001111111111000111111111111111111111111111111111111111111111111111111000000000000000000000000000000000000000000
000000000001111111111111111111111111111111111111111111111111111111111111111111100000000000000000000000000000000000000000
000000000000111111111111111111111111111111011111111111111111111111111111111111100000000000000000000000000000000000000000
000000000000111111111111111111111100000000011111111111111111111111111111111111000000000000000000000000000000000000000000
000000000000011111111111110000000000000000111111111111111111111111111111111111000000000000000000000000000000000000000000
000000000000000111111000000000000000000001111111111111111111111111111111111111100000000000000000000000000000000000000000
000000000000000000000000000000000000000011111111111111111111111111111111111111100000000000000000000000000000000000000000
000000000000000000000000000000000000000010111111111111111111111111111111111111100000000000000000000000000000000000000000
000000000000000000000000000000000000000100111111111111111111111111111111111111100000000000000000000000000000000000000000
000000000000000000000000000000000000000000111111111111111111111111111111111111110000000000000000000000000000000000000000
000000000000000000000000000000000000000000111111111111111111111111111111111111111000000000000000000000000000000000000000
000000000000000000000000000000000000000000111111111111111111111111111111111111111100000000000000000000000000000000000000
000000000000000000000000000000000000111111111111111111111111111111111111111111111100000000000000000000000000000000000000
000000000000000000000000000000000000111111111111111111111111111111111111111111111110000000000000000000000000000000000000
