000000000000000000000000000000000000000000000000000000000000000000000000000000000000000000000000000000000000000000000000
000000000000000000000000000000000000000000000000000000000000000000000000000000000000000000000000000000000000000000000000
000000000000000000000000000000000000000000000000000000000000000000000000000000000000000000000000000000000000000000000000
000000000000000000000000000000000000101100000000000000000000000000000000000000000000000000000000000000000000000000000000
000000000000000000000000000000000000111111100000000000000000000000000000000000000000000000000000000000000000000000000000
000000000000000000000000000000000000011111110000000000000000000000000000000000000000000000000000000000000000000000000000
000000000000000000000000000000000000111111111000000000000000000000000000000000000000000000000000000000000000000000000000
000000000000000000000000000000000000000111111110000000000000000000000000000000000000000000000000000000000000000000000000
000000000000000000000000000000000000000011111111000000000000000000000000000000000000000000000000000000000000000000000000
000000000000000000000000000000000000000000011111100000000000000000000000000000000000000000000000000000000000000000000000
000000000000000000000000000000000000000000001111111000000000000000000000000000000000000000000000000000000000000000000000
000000000000000000000000000000000000000000000011111110000011111111100000000000000000000000000000000000000000000000000000
000000000000000000000000000000000000000000000000111111111111111111111000000000000000000000000000000000000000000000000000
000000000000000000000000000000000000000000000000011111111111111111111110000000000000000000000000000000000000000000000000
000000000000000000000000000000000000000000000000001111111111111111111110000000000000000000000000000000000000000000000000
000000000000000000000000000000000000000000000000111111111111111111111110000000000000000000000000000000000000000000000000
000000000000000000000000000000000000000000000111111111111111111111111100000000000000000000000000000000000000000000000000
000000000000000000000000000000000000000000011111111111111111111111111100000000000000000000000000000000000000000000000000
000000000000000000000000000000000000000000111111111111111111111111111110000000000000000000000000000000000000000000000000
000000000000000000000000000000000000000000111111111111111111111111111111110000000000000000000000000000000000000000000000
000000000000000000000000000000000000000000111111111111111111111111111111111000000000000000000000000000000000000000000000
000000000000000000000000000000000000000000111111111111111111111111111111111110000000000000000000000000000000000000000000
000000000000000000000000000000000000000000111111111111111111111111111111111111110000000000000000000000000000000000000000
000000000000000000000000000000000000000000011111111111111111111111111111011111111111000000000000000000000000000000000000
000000000000000000000000000000000000000000001111111111111111111111111111000011111111111100000000000000000000000000000000
000000000000000000000000000000000000000000000011111111111111111111111100100000011111111111110000000000000000000000000000
000000000000000000000000000000000000000000000000011111111111111111111000000000000011111111111111110000000000000000000000
000000000000000000000000000000000000000000000000000000111111111111100000000000000000011111111111110000000000000000000000
000000000000000000000000000000000000000000000000000000000001111000000000000000000000000111110000000000000000000000000000
000000000000000000000000000000000000000000000000000000000000000000000000000000000000000000000000000000000000000000000000
000000000000000000000000000000000000000000000000000000000000000000000000000000000000000000000000000000000000000000000000
000000000000000000000000000000000000000000000000000000000000000000000000000000000000000000000000000000000000000000000000
000000000000000000000000000000000000000000000000000000000000000000000000000000000000000000000000000000000000000000000000
000000000000000000000000000000000000000000000000000000000000000000000000000000000000000000000000000000000000000000000000
000000000000000000000000000000000000000000000000000000000000000000000000000000000000000000000000000000000000000000000000
000000000000000000000000000000000000000000000000000000000000000000000000000000000000000000000000000000000000000000000000
000000000000000000000000000000000000000000000000000000000000000000000000000000000000000000000000000000000000000000000000
000000000000000000000000000000000000000000000000000000000000000000000000000000000000000000000000000000000000000000000000
000000000000000000000000000000000000000000000000000000000000000000000000000000000000000000000000000000000000000000000000
000000000000000000000000000000000000000000000000000000000000000000000000000000000000000000000000000000000000000000000000
