111111111111111111111111111111111111111111111111111111111111111111111111111111111000000000000000000000000000000011111111
111111111111111111111111111111111111111111111111111111111111111111111111111110000000000000000000000000000000000000001111
111111111111111111111111111111111111111111111111111111111111111111111111111000000000000000000000000000000000000000000011
111111111111111111111111111111111111111111111111111111111111111111111111100000000000000000000000000000000000000000000000
111111111111111111111111111111111111111111111111111111111111111111111111000000000000000000000000000000000000000000000000
111111111111111111111111111111111111111111111111111111111111111111111111000000000000000000000000000000000000000000000000
111111111111111111111111111111111111111111111111111111111111111111111110000000000000000000000000000000000000000000000000
111111111111111111111111111111111111111111111111111111111111111111111110000000000000000000000000000000000000000000000000
111111111111111111111111111111111111111111111111111111111111111111000000000000000000000000000000000000000000000000000000
111111111111111111111111111111111111111111111111111111111111111100000000000000000000000000000000000000000000000000000000
111111111111111111111111111111111111111111111111111111111110000100000000000000000000000000000000000000000000000000000000
111111111111111111111111111111111111111111111111111111111100000000000000000000000000000000000000000000000000000000000000
111111111111111111111111111111111111111111111111111111111000000000000000000000000000000000000000000000000000000000000000
111111111111111111111111111111111111111111111111111111111111100000000000000000000000000000000000000000000000000000000000
111111111111111111111111111111111111111111111111111111111111111100000000000000000000000000000000000000000000000000000000
111111111111111111111111111111111111111111111111111111111111111110000000000000000000000000000000000000000000000000000000
111111111111111111111111111111111111111111111111111111111111000111111000000000000000000000000000000000000000000000000000
111111111111111111111111111111111111111111111111111111111110001111111100000000000000000000000000000000000000000000000000
111111111111111111111111111111111111111111111111111111111000011111111110000000000000000000000000000000000000000000000000
111111111111111111111111111111111111111111111111111111110000111111111111000000000000000000000000000000000000000000000000
111111111111111111111111111111111111111111111000000001100001111111111111000000000000000000000000000000000000000000000000
111111111111111111111111111111111111111111000000000000000011111111111111000000000000000000000000000000000000000000000000
111111111111111111111111111111111111111110000000000000000011111111111111000000000000000000000000000000000000000000000000
111111111111111111111111111111111111111111100000000000000111111111111111000000000000000000000000000000000000000000000000
111111111111111111111111111111111111111111000000000000000111111111111111000000000100000000000000000000000000000000000000
111111111111111111111111111111111111111111000000000000001111111111111111000000000110000000000000000000000000000000000000
111111111111111111111111111111111111111111000000000000011111111111111111000000000100000000000000000000000000000000000000
111111111111111111111111111111111111111111000000000000011111111111111111000000000000000000000000000000000000000000000000
111111111111111111111111111111111111111111100000000000001111111111111111000000000000000000000000000000000000000000000000
111111111111111111111111111111111111111111110000000000000111111111111111000000000000000000000000000000000000000000000000
111111111111111111111111111111111111111111111000000000000011111111111100000000000000000000000000000000000000000000000000
111111111111111111111111111111111111111111111100000000000000011111111000000000000000000000000000000000000000000000000000
111111111111111111111111111111111111111111111110000000000000000000000000000000000000000000000000000000000000000000000000
111111111111111111111111111111111111111111111111000000000000000000000000000000000000000000000000000000000000000000000000
111111111111111111111111111111111111111111111111100000000000000000000000000000000000000000000000000000000000000000000000
111111111111111111111111111111111111111111111111110000000000000000000000000000000000000000000000000000000000000000000000
111111111111111111111111111111111111111111111111100000000000000000000000000000000000000000000000000000000000000000000000
111111111111111111111111111111111111111111111111000000000000000000000000000000000000000000000000000000000000000000000000
111111111111111111111111111111111111111111111110000000000000000000000000000000000000000000000000000000000000000000000000
111111111111111111111111111111111111111111111100000000000000000000000000000000000000000000000000000000000000000000000000
