000000000000000000000000000000000000000000001100000000000000000000000000000000000000000000000000000000000000000000000000
000000000000000000000000000000000000000000111110000000000000000000000000000000000000000000000000000000000000000000000000
000000000000000000000000000000000000000011111110000000000000000000000000000000000000000000000000000000000000000000000000
000000000000000000000000111111111111111111111111000000000000000000000000000000000000000000000000000000000000000000000000
000000000000000000000111111111111111111111111111110000000000000000000000000000000000000000000000000000000000000000000000
000000000000000000111111111111111111111111111111111100000000000000000000000000000000000000000000000000000000000000000000
000000000000000001111111111111111111111111111111111110000000000000000000000000000000000000000000000000000000000000000000
000000000000000011111111111111111111111111111111111111000000000000000000000000000000000000000000000000000000000000000000
000000000000000111111111111111111111111111111111111111100000000000000000000000000000000000000000000000000000000000000000
000000000000000111111111111111111111111111111111111111100000000000000000000000000000000000000000000000000000000000000000
000000000000000111111111111111111111111111111111111111100000000000000000000000000000000000000000000000000000000000000000
000000000000000111111111111111111111111111111111111111111100000000000000000000000000000000000000000000000000000001000000
000000000000000011111111111111111111111111111111111111111100000000000000000000000000000000000000000000000000000000000000
000000000000011111111111111111111111111111111111111111111110000000000000000000000000000000000000000000000000000000000000
000000000000111111111111111111111111111111111111111111110110000000000000000000000000000000000000000000000000000000000000
000000000001111111111111111111111111111111111111111111110000000000000000000000000000000000000000000000000000000000000000
000000000000001111111111111111111111111111111111111111111000000000000000000000010000000000000000000000000000000000000000
000000000000000001111111111111111111111111111111111111111000000000000000000000100000000000000000000000000000000000000000
000000000000000001111111111111111111111111111111111111111100000000000000000000000000000000000000000000000000000000000000
000000000000000000111111111111111111111111111111111111111111000000000000000000000000000000000000000000000000000000000000
000000000000000000111111111111111111111111111111111111111111100000000000000000000000000000000000000000000000000000000000
000000000000000001111111111111111111111111111111111111111111001100000000000000000000000000000000000000000000000000000000
000000000000000000111111111111111111111111111100000100011000000000000000000000000000000000000000000000000000000000000000
000000000000000000011111111111111111111111101000000000000000000000000000000000000000000000000000000000000000000000000000
000000000000000000011111111111111111111111111111100000000000000000000000000000000000000000000000000000000000000000000000
000000000000000000011111111111111111111111111111111111100000000000000000000000000000000000000000000000000000000000000000
000000000000000000111111111111111111111111111111111111111000000000000000000000000000000000000000000000000000000000000000
000000000000000000011111111111111111111111111111111111111000000000000000000000000000000000000000000000000000000000000000
000000000000000000111111111111111111111111111111111111111100001111111111111100000000000000000000000000000000000000000000
000000000000000001111111111111111111111111111111111111111111111111111111111111111111000000000000000000000000000000000000
000000000000000011111111111111111111111111111111111111111111111111111111111111111111111100000000000000000000000000000000
000000000000000111111111111111111111111111111111111111111111111111111111111111111111111111110000000000000000000000000000
000000000000000011111111111111111111111111111111111111111111111111111111111111111111111111111110000000000000000000000000
000000000000000111111111111111111111111111111111111111111111111111111111111111111111111111111111100000000000000000000000
000000000000001111111111111111111111111111111111111111111111111111111111111111111111111111111111111100000000000000000000
000000000000001111111111111111111111111111111111111111111111111111111111111111111111111111111111111110000000000000000000
000000000000000111111111111111111111111111111111111111111111111111111111111111111111111111111111111111100000000000000000
000000000000001111111111111111111111111111111111111111111111111111111111111111111111111111111111111111110000000000000000
000000000000011111111111111111111111111111111111110011111111111111111111111111111111111111111111111111111100000000000000
000000000000111111111111111111111111111111111111100001111111111111111111111111111111111111111111111111111110000000000000
