000000000000000000000000000000000000000000000000000000000000000000000000000000000000000000000000000000000000000000000000
000000000000000000000000000000000000000000000000000000000000000000000000000000000000000000000000000000000000000000000000
000000000000000000000000000000000000000000000000000000000000000000000000000000000000000000000000000000000000000000000000
000000000000000000000000000000000000000000000000000000000000000000000000000000000000000000000000000000000000000000000000
000000000000000000000000000000000000000000000000001111111111111111111100000000000000000000000000000000000000000000000000
000000000000000000000000000000000000000000000000111111111111111111111111000000000000000000000000000000000000000000000000
000000000000000000000000000000000000000000000000111111111111111111111111111111000000000000000000000000000000000000000000
000000000000000000000000000000000000000000000001111111111111111111111111111111110000000000000000000000000000000000000000
000000000000000000000000000000000000000000000001111111111111111111111111111111111000000000000000000000000000000000000000
000000000000000000000000000000000000000000000000111111111111111111111111111111111100000000000000000000000000000000000000
000000000000000000000000000000000000000000000011111111111111111111111111111111111100000000000000000000000000000000000000
000000000000000000000000000000000000000000001111111111111111111111111111101111110000000000000000000000000000000000000000
000000000000000000000000000000000000000000000010111111111111111111111111001111111000000000000000000000000000000000000000
000000000000000000000000000000000000000000000000111111111111111111111111101111111000000000000000000000000000000000000000
000000000000000000000000000000000000000000000000001111111111111111111100001111111100000000000000000000000000000000000000
000000000000000000000000000000000000000000000000000111111111111111111000001111111100000000000000000000000000000000000000
000000000000000000000000000000000000000000000000000001000111111100100000000111111000000000000000000000000000000000000000
000000000000011100000000000000000000000000000000000000011111111110000000000111111000000000000000000000000000000000000000
000000000001111111111100000000000000000000000000000111111111111111111100000001100000000000000000000001111110000000000000
000000001111100000011111110000000000000000000000011111111111111111111111000000000000000000000000111111100011110000000000
000001111111100000111100001111000000000000000000111111111111111111111111110000000000000000001111001110000001111100000000
011111111111110001111110000001111111111111111111111111111111111111111111111111111111111111110000001111100011111111100000
111100011111100011111100000111110000001110000111111111111111111111111111111000011110000011110000001111110011111111111110
111110011111000011110000001111110000011111000111111111111111111111111111110000011111000011111100000111110001111110011111
111110011100000011100000001111100000011111000011111111111111111111111111110000011111000001111100000001111000011111011111
111100011000000010000000001111000000011110000111111111111111111111111111110000011111000000111110000000011000000111011111
110000000000000000000000001110000000001100000111111111111111111111111111111000001111000000011110000000001100000001100111
100000000000000000000000001000000000001100001111111111111111111111111111111000000111000000000110000000000000000000000000
000000000000000000000000000000000000000000011111101111111111111111111111111000000011000000000011000000000000000000000000
000000000000000000000000000000000000000011111111001111111111111111111111111100000000000000000000000000000000000000000000
000000000000000000000000000000000000011111111100001111111111111111111101111110000000000000000000000000000000000000000000
000000000000000000000000000000000011111111100000001111111111111111111101111110000000000000000000000000000000000000000000
000000000000000000000000011111111111111000000000001111111111111111111100111111000000000000000000000000000000000000000000
000000000000000000000000011111111111000000000000011111111111111111111110011111100000000000000000000000000000000000000000
000000000000000001111111111111000000000000000000111111111111111111111111001111100000000000000000000000000000000000000000
000000000000000000000000000000000000000000000001111111111111111111111111100111110000000000000000000000000000000000000000
000000000000000000000000000000000000000000000011111111111111111111111111110011110000000000000000000000000000000000000000
000000000000000000000000000000000000000000000011111111111111111111111111110011111000000000000000000000000000000000000000
000000000000000000000000000000000000000000000111111111111111111111111111111001111000000000000000000000000000000000000000
000000000000000000000000000000000000000000001111111111111111111111111111111101111100000000000000000000000000000000000000
