000000000000000000000000000000000000000000110000000000000000000000000000000000000000000000000000000000000000000000000000
000000000000000000000000000000000000000000011000000000000000000000000000000000000000000000000000000000000000000000000000
000000000000000000000000000000000000000000011000000000000000000000000000000000000000000000000000000000000000000000000000
000000000000000000000000000000000000000000001100000000000000000000000000000000000000000000000000000000000000000000000000
000000000000000000000000000000000000000000001110000000000000000000000000000000000000000000000000000000000000000000000000
000000000000000000000000000000000000000000000110000000000000000000000000000000000000000000000000000000000000000000000000
000000000000000000000000000000000000000000000011000000000000000000000000000000000000000000000000000000000000000000000000
000000000000000000000000000000000000000000000011000000000000000000000000000000000000000000000000000000000000000000000000
000000000000000000000000000000000000000000000001100000000000000000000000000000000000000000000000000000000000000000000000
000000000000000000000000000000000000000000000000110000011111000000000000000000000000000000000000000000000000000000000000
000000000000000000000000000000000000000000000000110111111111111111111111111100000000000000000000000000000000000000000000
000000000000000000000000000000000000000000000000111111111111111111111111111110000000000000000000000000000000000000000000
000000000000000000000000000000000000000000000001111111111111111111111111111111000000000000000000000000000000000000000000
000000000000000000000000000000000000000000000000001111111111111111111111111111000000000000000000000000000000000000000000
000000000000000000000000000000000000000000000000001111111111111111111111111110000000000000000000000000000000000000000000
000000000000000000000000000000000000000000000000001111111111111100010000000000000000000000000000000000000000000000000000
000000000000000000000000000000000000000000000000000111111111111100000000000000000000000000000000000000000000000000000000
000000000000000000000000000000000000000000000000001111111111111111000000000000000000000000000000000000000000000000000000
111111111111111111111111111111111111111111111111111111111111111111111111111111111111111111111111111111111111111111111111
000000000000000000000000000000000000000000000000111111111111111110000000000000000000000000000000000000000000000000000000
000000000000000000000000000000000000000000000111111111111111111110000000000000000000000000000000000000000000000000000000
000000000000000000000000000000000000000011111111111111111111111000000000000000000000000000000000000000000000000000000000
000000000000000000000000000000000000011111111111111111111111110000000000000000000000000000000000000000000000000000000000
000000000000000000000000000000000000111111111111111111111111111000000000000000000000000000000000000000000000000000000000
000000000000000000000000000000000001111111111111111111111111111111000000000000000000000000000000000000000000000000000000
000000000000000000000000000000000001111111111111111111111111111111100000000000000000000000000000000000000000000000000000
000000000000000000000000000000000001111111111111111111111111111111110000000000000000000000000000000000000000000000000000
000000000000000000000000000000000001111111111111111111111111111111110000000000000000000000000000000000000000000000000000
000000000000000000000000000000000001111111111111111111111111111111110000000000000000000000000000000000000000000000000000
000000000000000000000000000000000000111111111111111111111111111111100000000000000000000000000000000000000000000000000000
000000000000000000000000000000000000011111111111111111111111111111000000000000000000000000000000000000000000000000000000
000000000000000000000000000000000000000111111111111111111111111111100000000000000000000000000000000000000000000000000000
000000000000000000000000000000000000000000001111111111111111001101100000000000000000000000000000000000000000000000000000
000000000000000000000000000000000000000000000111000000111111001100110000000000000000000000000000000000000000000000000000
000000000000000000000000000000000000000000000000000000011110000110011000000000000000000000000000000000000000000000000000
000000000000000000000000000000000000000000000000000000000000000111001100000000000000000000000000000000000000000000000000
000000000000000000000000000000000000000000000000000000000000000011001110000000000000000000000000000000000000000000000000
000000000000000000000000000000000000000000000000000000000000000001100111000000000000000000000000000000000000000000000000
000000000000000000000000000000000000000000000000000000000000000001100011100000000000000000000000000000000000000000000000
000000000000000000000000000000000000000000000000000000000000000000110001110000000000000000000000000000000000000000000000
