111111111111111111111111111111111111111111111111111111111111111111111111111111111111111111111111111111111111111111111111
111111111111111111111111111111111111111111111111111111111111111111111111111111111111111111111111111111111111111111111111
111111111111111111111111111111111111111111111111111000000011111111111111111111111111111111111111111111111111111111111111
111111111111111111111111111111111111111111111111100000000000111111111111111111111111111111111111111111111111111111111111
111111111111111111111111111111111111111111111111000000000000000111111111111111111111111111111111111111111111111111111111
111111111111111111111111111111111111111111111111000000000000000000011111111111111111111111111111111111111111111111111111
111111111111111111111111111111111111111111111110000000000000000000000111111111111111111111111111111111111111111111111111
111111111111111111111111111111111111111111110000000000000000000000000001111111111111111111111111111111111111111111111111
111111111111111111111111111111111111111111100000000000000000000000000000111111111111111111111111111111111111111111111111
111111111111111111111111111111111111111111000000000000000000000000000000011111111111111111111111111111111111111111111111
111111111111111111111111111111111111111110000000000000000000000000000000011111111111111111111111111111111111111111111111
111111111111111111111111111111111111111110000000000000000000000000000000001111111111111111111111111111111111111111111111
111111111111111111111111111111111111111111000000000000000000000000000000000111111111111111111111111111111111111111111111
111111111111111111111111111111111111111111100000000000000000000000000000000011111111111111111111111111111111111111111111
111111111111111111111111111111111111111111111111000000000000000000000000000001111111111111111111111111111111111111111111
111111111111111111111111111111111111111111111111000000000000000000000000000001111110011111111111111111111111111111111111
111111111111111111111111111111111111111111111111100000000000000000000000000001111000001111111111111111111111111111111111
111111111111111111111111111111111111111111111111111000000000000000000000000111110000000011111111111111111111111111111111
111111111111111111111100111111111111111111111111111110000000000000000000011111000000000000111111111111111111111111111111
111111111111111100000000001111000001111111111111111111111000000000000011111100000000000000001111111111111111111111111111
111111111111111110000000000000000000000001111111111111100000000000001111100000000000000000000000111111111111111111111111
111111111111111111100000000000000000001111111111111000000000000000000110000000000000000000000000000000111111111111111111
111111111111111111110000000000000000000111111111100000000000000000000000000000000000000000000000000000000000000011111111
111111111111111111111000000000010000000011111111000000000000000000000000000000000000000000000000000000000000000000000111
111111111111111111111000000000001000000011111110000000000000000000000000000000000000000000000000000000000000000000000011
111111111111111111111100000000000100000001111110000000000000000000000000000000000000000000000000000000000000000000000000
111111111111111111111110000000000000000000111100000000000000000000000000000000000000000000000000000000000000000000000000
111111111111111111111110000000000000000000011000000000000000000000000000000000000000000000000000000000000000000000000000
111111111111111111111111100000000000000000000000000000000000000000000000000000010000000000000000000000000000000000000000
111111111111111111111111111110000000000000000000000000000000000000000000001111111000000000000000000000000000000000000000
111111111111111111111111111111110000000000000000000000000000000000010001111111110000000000000000000000000000000000000000
111111111111111111111111111111111100000000000000000000000000000000110001111111110000000000000000000000000000000000000000
111111111111111111111111111111111110000000000000000000000000000000110001111111111000000000000000000000000000000000000000
111111111111111111111111111111111111100000000000000000000000000000110011111111111000000000000000000000000000000000000000
111111111111111111111111111111111111111000000000000000000000000000110011111111111100000000000000000000000000000000000000
111111111111111111111111111111111111111111000000000000000000000000010011111111111100000000000000000000000000000000000000
111111111111111111111111111111111111111111100000000000000000000000000011111111111110000000000000000000000000000000000000
111111111111111111111111111111111111111111000000000000000000000000000011111111111111100000000000000000000000000000000000
111111111111111111111111111111111111111110000000000000000000000000000001111111111111110100000000000000000000000000000000
111111111111111111111111111111111111111110000000000000000000000000000000000111111111111100000000000000000000000000000000
