000000000000000000000000000000000000000000000000000000000000000000000000000000000000000000000000000000000000000000000000
000000000000000000000000000000000000000000000000000000000000000000000000000000000000000000000000000000000000000000000000
000000000000000000000000000000000000000000000000000000000000000000000000000000000000000000000000000000000000000000000000
000000000000000000000000000000000000000000000000000000000000000000000000000000000000000000000000000000000000000000000000
000000000000000000000000000000000000000000000000001111111111111111111100000000000000000000000000000000000000000000000000
000000000000000000000000000000000000000000000000111111111111111111111111000000000000000000000000000000000000000000000000
000000000000000000000000000000000000000000000001111111111111111111111111111111000000000000000000000000000000000000000000
000000000000000000000000000000000000000000000001111111111111111111111111111111110000000000000000000000000000000000000000
000000000000000000000000000000000000000000000001111111111111111111111111111111111000000000000000000000000000000000000000
000000000000000000000000000000000000000000000001111111111111111111111111111111111000000000000000000000000000000000000000
000000000000000000000000000000000000000000000011111111111111111111111111111111111000000000000000000000000000000000000000
000000000000000000000000000000000000000000001111111111111111111111111111101111110000000000000000000000000000000000000000
000000000000000000000000000000000000000000000010111111111111111111111111001111110000000000000000000000000000000000000000
000000000000000000000000000000000000000000000000111111111111111111111111011111111000000000000000000000000000000000000000
000000000000000000000000000000000000000000000000001111111111111111111000011111111000000000000000000000000000000000000000
000000000000000000000000000000000000000000000000000111111111111111110000001111111000000000000000000000000000000000000000
000000000000000000000000000000000000000000000000000100001111111001100000001111111000000000000000000000000000000000000000
000000000000001000000000000000000000000000000000000000011111111111000000000111110000000000000000000000011000000000000000
000000000001111111110000000000000000000000000000000111111111111111111100000011100000000000000000001111111111000000000000
000000000111100000011111100000000000000000000000011111111111111111111111000000000000000000000011111100000011110000000000
000000111111100000111110011111000000000000000001111111111111111111111111100000000000000000111100011111000011111110000000
000111111111110001111110000001111111111111111111111111111111111111111111111111111111111111100000011111100011111111111000
111110001111110001111100000011110000001111000111111111111111111111111111110000111100000111110000001111100011111100111111
111110000111100000111000000111111000001111100111111111111111111111111111110001111100000111111000000111100000111110111111
111111000111000000110000000011110000001111110111111111111111111111111111110011111100000011111000000011100000001110011111
111110000000000000000000000011100000000011110111111111111111111111111111110011111000000001111000000000110000000011001111
011100000000000000000000000001100000000001110111111111111111111111111111110011110000000000111000000000000000000000000001
011000000000000000000000000000000000000000001111111111111111111111111111111011000000000000010000000000000000000000000000
000000000000000000000000000000000000000000111111101111111111111111111111111000000000000000000000000000000000000000000000
000000000000000000000000000000000000000011111111001111111111111111111111111100000000000000000000000000000000000000000000
000000000000000000000000000000000000011111111100001111111111111111111101111100000000000000000000000000000000000000000000
000000000000000000000000000000000011111111100000001111111111111111111101111110000000000000000000000000000000000000000000
000000000000000000000000011111111111111000000000001111111111111111111110111110000000000000000000000000000000000000000000
000000000000000000000000011111111111000000000000011111111111111111111111111111000000000000000000000000000000000000000000
000000000000000000111111111111000000000000000000111111111111111111111111111111000000000000000000000000000000000000000000
000000000000000000000000000000000000000000000001111111111111111111111111101111100000000000000000000000000000000000000000
000000000000000000000000000000000000000000000011111111111111111111111111110111100000000000000000000000000000000000000000
000000000000000000000000000000000000000000000011111111111111111111111111111111110000000000000000000000000000000000000000
000000000000000000000000000000000000000000000111111111111111111111111111111111110000000000000000000000000000000000000000
000000000000000000000000000000000000000000001111111111111111111111111111111111110000000000000000000000000000000000000000
