000000000000000000000000000000000000000000000000000000000000000000000000011111111111111110000000000000000000000000000000
000000000000000000000000000000000000000000000000000000000000000000000000000111111000011111100000000000000000000000000000
000000000000000000000000000000000000000000000000000000000000000000000000000000000000000111110000000000000000000000000000
000000000000000000000000000000000000000000000000000000000000000000000000000000000000000001111111111100000000000000000000
000000000000000000000000000000000000000000000000000000000000000000000000000000000000000000000111000000000000000000000000
000000000000000000000000000000000000000000000000000000000000000100000000000000000000000000000000000000000000000000000000
000000000000000000000000000000000000000000000000000000000000001110000000000000000000000000000111100000000000000000000000
000000000000000000000000000000000000000000000000000011111100011100000000000000000000000000010000000000000000000000000000
000000000000000000000000000000000000000000000000001111111111111100000000000000000000000011000000000000000000000000000000
000000000000000000000000000000000000000000000000011111111111111000000000000000011111111000000000000000000000000000000000
000000000000000000000000000000000000000000000000111111111111110000000000111111111111111100000000000000000000000000000000
000000000000000000000000000000000000000000000000111111111111100111111111110000001110000000000000000000000000000000000000
000000000000000000000000000000000000000000000000000101111111111111111000000001100000000000000000000000000000000000000000
000000000000000000000000000000000000000000000000001111111111111111100000001110000000000000000000000000000000000000000000
000000000000000000000000000000000000000000000001111111111111100000000000110000000000000000000000000000000000000000000100
000000000000001111100000000000000000000000000011111111111111000000000111000000000000000000000000000000000000000000000000
000000000000001111110000000000000000000000000111111111111111100000111000000000000000000000000000000000000000000000000000
000000000000001111100000000000000000000000001111000111111111100011000000000000000000000000000000000000000000000000000000
000000000000011111100000000000000011100000011110001111111111111100000000000000000000000000000000000000000000000000000000
000000000000011111110000000000000000001110001110001111111111100000000000000000000000000000000000000000000000000000000000
000000000000111111111100000000000000000000111110001111111111000000000000000000000000000000000000000000000000000000000000
000000000000111111110000000000000000000000011111111111111111000000000000000000000000000000000000000000000000000000000000
000000000000011111110000000000000000000000001111111111111111100000000000000000000000000000000000000000000000000000000000
000000000000011111110000000000000000000000111111111111111111100000000000000000000000000000000000000000000000000000000000
000000000000011111111000000000000000001111101111111111111111111000000000000000000000000000000000000000000000000000000000
000000000000111111111100000000000011111000000111111111111111111111110000000000000000000000000000000000000000000000000000
000000000000111111110100000000111110000000001111111111111111111100011111000000000000000000000000000000000000000000000000
000000000000001101110010001111100000000000011111111111111111111111000000011000000000000000000000000000000000000000000000
000001111111111111111111111000000000000000111111111111111111111111100000000000000000000000000000000000000000000000000000
000000000000000001111100000000000000000000111111111111111111111111110000000000000000000000000000000000000000000000000000
000000000000000000000000000000000000000001111111111111111111111111111000000000000000000000000000000000000000000000000000
000000000000000000000000000000000000000000111111111111111111111111100000000000000000000000000000000000000000000000000000
000000000000000000000000000000000000000000000111111111111111111000000000000000000000000000000000000000000000000000000000
000000000000000000000000000000000000000000000111110000000001111000000000000000000000000000000000000000000000000000000000
000000000000000000000000000000000000000000000111100000000000111100000000000000000000000000000000000000000000000000000000
000000000000000000000000000000000000000000000111100000000000111110000000000000000000000000000000000000000000000000000000
000000000000000000000000000000000000000000001111100000000000011110000000000000000000000000000000000000000000000000000000
000000000000000000000000000000000000000000000111000000000000001110000000000000000000000000000000000000000000000000000000
000000000000000000000000000000000000000000000111000000000000001111000000000000000000000000000000000000000000000000000000
000000000000000000000000000000000000000000000111000000000000000111000000000000000000000000000000000000000000000000000000
