111111111111111111111111111111111111111111111111111111111111111111000000000000000111111111111111111111111111111111111111
111111111111111111111111111111111111111111111111111111111111111100000000000000000000111111111111111111111111111111111111
111111111111111111111111111111111111111111111111111111111111110000000000000000000000000111111111111111111111111111111111
111111111111111111111111111111111111111111111111111111111111111000000000000000000000000111111111111111111111111111111111
111111111111111111111111111111111111111111111111111100000111111000000000000000000000000111111111111111111111111111111111
110111111111111111111111111111111111111111111111111000000000011100000000000000000000000111111111111111111111111111111111
100011111111111111111111111111111111111111111111111000000000000000000000000000000000001111111111111111111111111111111111
000011111111111111111111111111111111111111111111111110000000000000000000000000000000000111111000000000111111111111111111
000000111111111111111111111111111111111111111111111111000000000000000000000000000000000000001111111111111111111111111111
000000001111111111111111111111111111111111111111111111111000000000000000000000000000001111111111111111111111111111111111
000000000000111111111111111111111111111111111111111111000000000000000000000000000000011111111111111111111111111111111111
000000000001111111111111111111111111111111111111111111000000000000000000000000000000111111111111111111111111111111111111
000000000011111111111111111111111100000011111100000000000000000000000000000000000001111111111111111111111111111111111111
000000000011111111111111111111110000000000000011111111111000000000000000000000000000011111111111111111111111111111111111
000000000001111111111111111111110000000000001111111110000000000000000000000000000000011111111111111111111111111111111111
000000000000011111111111111111111111100000000011111100000000000000000000000000000000001111111111111111111111111111111111
000000000000001111111111111111111111100000000001111000000000000000000000000000000000011111111111111111111111111111111111
000000000000011111111111111111111111111000000000100000000000000000000000000000000000111111111111111111111111111111111111
000000000000111111111111111111111111111110000000000000000111000000000000000000000011111111111111111111111111111111111111
000000000000111111111111111111111111111111000000000000011111000000000000000000000111111111111111111111111111111111111111
000000000001111111111111111111111111111111100000000001111110000000000000000000001111111111111111111111111111111111111111
000000000111111111111111111111111111111111111100111111111110000000000000000000001111111111111111111111111111111111111111
000000001111111111111111111111111111111111111111111111111110000000000000000000011111111111111111111111111111111111111111
000000001111111111111111111111111111111111111111111111111110000000000000000000011111111111111111111111111111111111111111
000000000111111111111111111111111111111111111111111111111110000000000000000000011111111111111111111111111111111111111111
000000000011111111111111111111111111111111111111111111111110000000000000000000111111111111111111111111111111111111111111
000000000001111111111111111111111111111111111111111111111111000000000000000000111111111111111111111111111111111111111111
000000000011111111111111111111111111111111111111111111111111000000000000000000001111111111111111111111111111111111111111
000000000011111111111111111111111111111111111111111111111110000000000000000000000111111111111111111111111111111111111111
000000000001111111111111111111111111111111111111111111111100000000000000000000000011111111111111111111111111111111111111
000000000000111111111111111111111111111111111111111111111100000000000000000000000001111111111111111111111111111111111111
000000000000011111111111111111111111111111111111111111111000000000000000000000000000111111111111111111111111111111111111
000000000000011111111111111111111111111111111111111111111000000000000000000000000000011111111111111111111111111111111111
000000000000001111111111111111111111111111111111111111111000000000000000000000000000001111111111111111111111111111111111
000000000000001111111111111111111111111111111111111111110000000000000000000000000000000111111111111111111111111111111111
000000000000000111111111111111111111111111111111111111110000000000000000000000000000000011111111111111111111111111111111
000000000000000111111111111111111111111111111111111111100000000000000000000000000000000001111111111111111111111111111111
000000000000000011111111111111111111111111111111111111100000000000000000000000000000000000011111111111111111111111111111
000000000000000001111111111111111111111111111111111111000000000000000000000000000000000000001111111111111111111111111111
000000000000000001111111111111111111111111111111111111000000000000000000000000000000000000000011111111111111111111111111
