000000000000000000000000000000000000000000000000000000000000000000000000000000000000000000000000000000000000000000000000
000000000000000000000000000000000000000000000000000000000000000000000000000000000000000000000000000000000000000000000000
000000000000000000000000000000000000000000000000000000000000000000000000000000000000000000000000000000000000000000000000
000000000000000000000000000000000000000000000000011111111111111111111110000000000000000000000000000000000000000000000000
000000000000000000000000000000000000000000000001111111111111111111111111100000000000000000000000000000000000000000000000
000000000000000000000000000000000000000000000011111111111111111111111111111111110000000000000000000000000000000000000000
000000000000000000000000000000000000000000000011111111111111111111111111111111111100000000000000000000000000000000000000
000000000000000000000000000000000000000000000011111111111111111111111111111111111110000000000000000000000000000000000000
000000000000000000000000000000000000000000000011111111111111111111111111111111111110000000000000000000000000000000000000
000000000000000000000000000000000000000000000011111111111111111111111111111111111111000000000000000000000000000000000000
000000000000000000000000000000000000000000001111111111111111111111111111111111111100000000000000000000000000000000000000
000000000000000000000000000000000000000000111111111111111111111111111111110111111100000000000000000000000000000000000000
000000000000000000000000000000000000000000000001111111111111111111111111100111111100000000000000000000000000000000000000
000000000000000000000000000000000000000000000001111111111111111111111111110111111110000000000000000000000000000000000000
000000000000000000000000000000000000000000000000001111111111111111111100000111111110000000000000000000000000000000000000
000000000000000000000000000000000000000000000000001111111111111111111000000111111111000000000000000000000000000000000000
000000000000000000000000000000000000000000000000000010001111111100110000000011111110000000000000000000000000000000000000
000000000001000000000000000000000000000000000000000000011111111110000000000011111110000000000000000000000000000000000000
000000001111111110000000000000000000000000000000000111111111111111111000000001111000000000000000000000000111111000000000
000000111100000111111100000000000000000000000000011111111111111111111110000000000000000000000000000011111110011110000000
000011111000000001110111110000000000000000000001111111111111111111111111100000000000000000000001111111100000001111100000
111111111110000011111000011111100000111111111111111111111111111111111111111011111100000000011111000111110000001111111100
111000111111000111111100000111100000111100111111111111111111111111111111111111111111111111111000000111111000111111011111
100000111111000011111000001111100000111110001111111111111111111111111111111100011111000001111100000111111000111111000001
111000011111000001111000011111100001111111011111111111111111111111111111111100111111000001111110000111110000111111000011
111100001110000001110000001111100000111110001111111111111111111111111111111000111111000001111110000011100000011110000111
111000000110000000110000000111100000011110001111111111111111111111111111111100111110000001111100000011100000011110000111
111000000110000000000000000111100000001110011111111111111111111111111111111100011100000001111000000001000000001100000011
111000000000000000000000000011000000000110011111111111111111111111111111111100011000000000110000000000000000000100000011
110000000000000000000000000000000000000111111111111111111111111111111111111111110000000000110000000000000000000000000001
010000000000000000000000000000000000001111111110011111111111111111111100111111111000000000000000000000000000000000000001
000000000000000000000000000000000001111111111000011111111111111111111100001111111111000000000000000000000000000000000000
000000000000000000000000000000000111111111000000011111111111111111111110000001111111111100000000000000000000000000000000
000000000000000000000011111110111111111000000000011111111111111111111110000000000111111111111111100000000000000000000000
000000000000000000000000111111111110000000000000111111111111111111111111000000000000011111111110000000000000000000000000
000000000000011001111111111111110000000000000001111111111111111111111111100000000000000000111111111100000000000000000000
000000000000000111111111110000000000000000000011111111111111111111111111110000000000000000000011111111110000000000000000
000000000000000000000000000000000000000000000111111111111111111111111111111000000000000000000000000000000000000000000000
000000000000000000000000000000000000000000000111111111111111111111111111111000000000000000000000000000000000000000000000
000000000000000000000000000000000000000000001111111111111111111111111111111100000000000000000000000000000000000000000000
