000000000000000000000000000000000000000000000000000000000000000000000000000000000000000000000000000000000000000000000000
000000000000000000000000000000000000000000000000000000000000000000000000000000000000000000000000000000000000000000000000
000000000000000000000000000000000000000000000000000000000000000000000000000000000000000000000000000000000000000000000000
000000000000000000000000000000000000000000000000000000000000000000000000000000000000000000000000000000000000000000000000
000000000000000000000000000000000000000000000000000000000000000000000000000000000000000000000000000000000000000000000000
000000000000000000000000000000000000000000000000000000000000000000000000000000000100000000000000000000000000000000000000
000000000000000000000000000000000000000000000000000000000000000000000000000000111111000000000000000000000000000000000000
000000000000000000000000000000000000000000000000000000000000000000000000000001111111100000000000000000000000000000000000
000000000000000000000000000000000000000000000000000000000000000000000000000011111111100000000000000000000000000000000000
000000000000000000000000000000000000000000000000000000000000000000000000111111111111111111110000000000000000000000000000
000000000000000000000000000000000000000000000000000000000000000000000111111111111111111111110000000000000000000000000000
000000000000000000000000000000000000000000000000000000000000000000000000000011111111111111100000000000000000000000000000
000000000000000000000000000000000000000000000000000000000000000000000000000011111111111110000000000000000000000000000000
000000000000000000000000000000000000000000000000000000000000000000000000001111111111111000000000000000000000000000000000
000000000000000000000000000000000000000000000000000000000000000000000000011111111111110000011100000000000000000000000000
000000000000000000000000000000000000000000000000000000000000000000000001111111111111111111111000000000000000000000000000
000000000000000000000000000000000000000000000000000000000000000000000000000011111111111111111111111110000000000000000000
000000000000000000000000000000000000000000000000000000000000000000000000000000111111111111111111111111110000000000000000
000000000000000000000000000000000000000000000000000000000000000000000000000000111111111111111111111111111100000000000000
000000000000000000000000000000000000000000000000000000000000000000000000000001111111111111111111111111111111000000000000
000000000000000000000000000000000000000000000000000000000000000000000000001111111111111111111111111111111111100000000000
000000000000000000000000000000000000000000000000000000000000000000000000111111111111111111111111111111111111100000000000
000000000000000000000000000000000000000000000000000000000000000000000011111111111111111111111111111111111111100000000000
000000000000000000000000000000000000000000000000000000000000000000000001111111111111111111111111111111111111110000000000
000000000000000000000000000000000000000000000000000000000000000000000000000001111110001111111111111111111110000000000000
000000000000000000000000000000000000000000000000000000000000000000000000000000111100000111110011111101111100000000000000
000000000000000000000000000000000000000000000000000000000000000000000000000000011000000111110000011000000000000000000000
000001100000000000000000000000000000000000000000000000000000000000000000000000000000000000000000000000000000000000000000
000001100000000000000000000000000000000000000000000000000000000000000000000000000000000000000000000000000000000000000000
001111111100000000000000000000000000000000000000000000000000000000000000000000000000000000000000000000000000000000000000
001111111100000000000000000000000000000000000000000000000000000000000000000000000000000000000000000000000000000000000000
001111111100000000000000000000000000000000000000000000000000000000000000000000000000000000000000000000000000000000000000
111111111111000000000000000000000000000000000000000000000000000000000000000000000000000000000000000000000000000000000000
111111111111111000000000000000000000000000000000000000000000000000000000000000000000000000000000000000000000000000000000
111111111111111100000000000000000000000000000000000000000111000000000000000000000000000000000000000000000000000000000000
111111111111111100000000000000000000000000000000000000001111110000000000000000000000000000000000000000000000000000000000
111111111111111000000000000000000000000000000000000000011111110000000000000000000000000000000000000000000000000000000000
111111111111111000000000000000000000000000000000000000011111111000000000000000000000000000000000000000000000000000000000
111111111111111110000000000000000000000000000000000000011111110000000000000000000000000000000000000000000000000000000000
111111111111111111000000000000000000000000000000000000011111110000000000000000000000000000000000000000000000000000000000
