000000000000000000000000000000000000000000000000000000000000000000000000000000000000000000000000000000000000000000000000
000000000000000000000000000000000000000000000000000000000000000000000000000000000000000000000000000000000000000000000000
000000000000000000000000000000000000000000000000000000000000000000000000000000000000000000000000000000000000000000000000
000000000000000000000000000000000000000000000000000000000000000000000000000000000000000000000000000000000000000000000000
000000000000000000000000000000000000000000000000000000000000000000000000000000000000000000000000000000000000000000000000
000000000000000000000000000000000000000000000000000000000000000000000000000000000000000000000000000000000000000000000000
000000000000000000000000000000000000000000000000000000000000000000000000000000000000000000000000000000000000000000000000
000000000000000000000000000000000000000000000000000000000000000000000000000000000000000000000000000000000000000000000000
000000000000000000000000000000000000000000000000000000000000000000000000000000000000000000000000000000000000000000000000
000000000000000000000000000000000000000000000000000000000000000000000000000000000000000000000000000000000000000000000000
000000000000000000000000000000000000000000000000000010011111110000000000000000000000000000000000000000000000000000000000
000000000000000000000000000000000000000000000000001111111111111111000000000000000000000000000000000000000000000000000000
000000000000000000000000000000000000000000000000111111111111111111000000000000000000000000000000000000000000000000000000
000000000000000000000000000000000000000000000000111111111111111111100000000000000000000000000000000000000000000000000000
000000000000000000000000000000000000000000000000011111111111111111000000000000000000000000000000000000000000000000000000
000000000000000000000000000000000000000000000000011111111111111111100000000000000000000000000000000000000000000000000000
000000000000000000000000000000000000000000000000011111111111111111000000000000000000000000000000000000000000000000000000
000000000000000000000000000000000000000000000000111111111111111111100000000000000000000000000000000000000000000000000000
000000000000000000000000000000000000000000000000011111111111111111000000000000000000000000000000000000000000000000000000
000000000000000000000000000000000000000000000000000011111111111100000000000000000000000000000000000000000000000000000000
000000000000000000000000000000000000000000000000000011111111111000000000000000000000000000000000000000000000000000000000
000000000000000000000000000000000000000000000000000111111111111100000000000000000000000000000000000000000000000000000000
000000000000000000000000000000000000000000000000001111111111111111000000000000000000000000000000000000000000000000000000
000000000000000000000000000000000000000000000000001111111111111111110000000000000000000000000000000000000000000000000000
000000000000000000000000000000000000000000000000000111111111111111111000000000000000000000000000000000000000000000000000
000000000000000000000000000000000000000000000000000011111111111111111000000000000000000000000000000000000000000000000000
000000000000000000000000000000000000000000000000000011111111111111111100000000000000000000000000000000000000000000000000
000000000000000000000000000000000000000000000000000111111111111111111100000000000000000000000000000000000000000000000000
000000000000000000000000000000000000000000000000000011111111111111111100000000000000000000000000000000000000000000000000
000000000000000000000000000000000000000000000000000000111111111111111111000000000000000000000000000000000000000000000000
000000000000000000000000000000000000000000000000000111111111111111111111111000000000000000000000000000000000000000000000
000000000000000000000000000000000000000000000000001111111111111111111111111111000000000000000000000000000000000000000000
000000000000000000000000000000000000000000000000011111111111111111111000111111100000000000000000000000000000000000000000
000000000000000000000000000000000000000000000000111111111111111111111100011111100000000000000000000000000000000000000000
000000000000000000000000000000000000000000000000011111111111111111111100000011110000000000000000000000000000000000000000
000000000000000000000000000000000000000000000000110111111111111111111100000011110000000000000000000000000000000000000000
000000000000000000000000000000000000000000000000100111111111111111111100000000000000000000000000000000000000000000000000
000000000000000000000000000000000000000000000011100111111111111111111100000000000000000000000000000000000000000000000000
000000000000000000000000000000000000000000000111000111111111111111111000000000000000000000000000000000000000000000000000
000000000000000000000000000000000000000000011110000111111111111111111000000000000000000000000000000000000000000000000000
