000000000000000000000000000000000000000000011111111111111111111111111100000000000000000000000000000000000000000000000000
000000000000000000000000000000000000000111111111111111111111111111111111000000000000000000000000000000000000000000000000
000000000000000000000000000000000001111111111111111111111111111111111000000000000000000000000000000000000000000000000000
000000000000000000000000000000000111111111111111111111111111111111100000000000000000000000000000000000000000000000000000
000000000000000000000000000000011111111111111111111111111111111111110000000000000000000000000000000000000000000000000000
000000000000000000000000000001111111111111111111111111111111111111111100000000000000000000000000000000000000000000000000
000000000000000000000000000011111111111111111111111111111111111111111111000000000000000000000000000000000000000000000000
000000000000000000000000000111111111111111111111111111111111111111111111100000000000000000000000000000000000000000000000
000000000000000000000000001111111111111111111111111111111111111111111111110000000000000000000000000000000000000000000000
000000000000000000000000111111111111111111111111111111111111111111111111111000000000000000011000000000000000000000000000
000000000000000000000001111111111111111111111111111111111111111111111111111000000000000000011000000000000000000000000000
000000000000000000000111111111111111111111111111111111111111111111111111111000000000000000111000000000000000000000000000
000000000000000000001111111111111111111111111111111111111111111111111111111000000000000000111000000000000000000000001111
000000000000000000011111111111111111111111111111111111111111111111111111111000000000000001110000000000000000000000001111
000000000000000001111111111111111111111111111111111111111111111111111111110000000000000001110000000000000000000000000111
000000000000000011111111111111111111111111111111111111111111111111111111000000000000000011111111111100000000000000000111
000000000000000111111111111111111111111111111111111111111111111111100000000000000000000011111111111111100000000000000111
000000000000001111111111111111111111111111111111111111111110000000000000000000000000011111111111111111111000000000111111
000000000000011111111111111111111111111111111111111100000000000000000000000000000011111111111111111111111100000011111100
000000000000111111111111111111111111111111111111110000000000000000000000000000011111111111111111111111111110011111100000
000000000001111111111111111111111111111111111111111000000000000000000000000111111111111111111111111111111111111100000000
000000000001111111111111111111111111111111111111111100000000000000000001111111111111111111111111111111111111100000000000
000000000011111111111111111111111111111111111111111100000000000001111111111111111111111111111111111111111110000000000000
000000000111111111111111111111111111111111111111111111111111111111111111111111111111111111111111111111111100000000000000
000000001111111111111111111111111111111111111111111111111111111111111111111111111111111111111111111111111000000000000000
000000011111111111111111111111111111111111111111111111111111111111111111111111111111111111111111111111110000000000000000
000000111111111111111111111111111111111111111111111111111111111111111111111111111111111111111111111111100000000000000000
000001111111111111111111111111111111111111111111111111111111111111111111111111111111111111111111111110000000000000000000
000001111111111111111111111111111111111111111111111111111111111111111111111111111111111111111111111000000000000000000000
000001111111111111111111111111111111111111111111111111111111111111111111111111111111111111111111110000000000000000000000
000000011111111111111111111111111111111111111111111111111111111111111111111111111111111111111111000000000000000000000000
000000000111111111111111111111111111111111111111111111111111111111111111111111111111111111111100000000000000000000000000
000000000000001111111111111111111111111111111111111111111111111111111111111111111111111111110000000000000000000000000000
000000000000000000011111111111111111111111111111111111111111111111111111111111111111111111100000000000000000000000000000
000000000000000000000000111111111111111111111111111111111111111111111111111111111111111110000000000000000000000000000000
000000000000000000000000000011111101111111111111111111111111111111111111111111111111111000000000000000000000000000000000
000000000000000000000000000000000000011111111111111111111111111111111111111111111111110000000000000000000000000000000000
000000000000000000000000000000000000011111111111111111111111111111111111111111111111000000000000000000000000000000000000
000000000000000000000000000000000000000111111111111111111111111111111111111111111110000000000000000000000000000000000000
000000000000000000000000000000000000000000111111111111111111111111111111111111111100000000000000000000000000000000000000
