000000000000000000000000000000000000000000000000000000000000000000000000000000000000000000000000000000000000000000000000
000000000000000000000000000000000000000000000000000000000000000000000000000000000000000000000000000000000000000000000000
000000000000000000000000000000000000000000000000000000000000000000000000000000000000000000000000000000000000000000000000
000000000000000000000000000000000000000000000000000000000000000011110000000000000000000000000000000000000000000000000000
000000000000000000000000000000000000000000000000000000000011111111111110000000000000000000000000000000000000000000000000
000000000000000000000000000000000000000000000000000000001111111111111111111111000000000000000000000000000000000000000000
000000000000000000000000000000000000000000000000000000011111111111111111111000000000000000000000000000000000000000000000
000000000000000000000000000000000000000000000000000000011111111111111111111100000000000000000000000000000000000000000000
000000000000000000000000000000000000000000000000000000111111111111111111111100000000000000000000000000000000000000000000
000000000000000000000000000000000000000000000000000011111111111111111111111100000000000000000000000000000000000000000000
000000000000000000000000000000000000000000000000000111111111111111111111110000000000000000000000000000000000000000000000
000000000000000000000000000000000000000000000000000000111111111111111111110000000000000000000000000000000000000000000000
000001100000000000000000000000000001111111111111111111111111111111111111100000000000000000000000000000000000000000000000
001111100000000000000000000011111111111111111111111111111111111111111111100000000000000000000000000000000000000000000000
001111111111111111111111111111111000000000000000000011111111111111111111000000000000000000000000000000000000000000000000
000111111111111111111111111100000000000000000000000000011111111111111111110000000000000000000000000000000000000000000000
000000111111111111111100000000000000000000000000000000000001111111111111111111111000000000000000000000000000000000000000
000000111111111111110000000000000000000000000000000000000011111111111111111111111111000000000000000000000000000000000000
000000111111111111110000000000000000000000000000000000000011111111111111110111111111111000000000000000000000000000000000
000000111111111111110000000000000000000000000000000000000001111111111111111111111111111111100000000000000000000000000000
000000111111111111110000000000000000000000000000000000000001111111111111111111111110001111111111000000000000000000000000
000000111111111111110000000000000000000000000000000000000000111111111111111111111111000001111111110000000000000000000000
000000111111111111110000000000000000000000000000000000000000111111111111111111111000001111111111111000000000000000000000
000000111111111111110000000000000000000000000000000000000000111111111111111111111111111111111111111110000000000000000000
000000111111111111110000000000000000000000000000000000000000111111111111111111111111111111111000001111100000000000000000
000000111111111111110000000000000000000000000000000000000000111111111111111111111111111111111000000011111000000000000000
000000111111111111110000000000000000000000000000000000000000111111111111110000000000000000000000000000111110000000000000
000000011111111111110000000000000000000000000000000000000000111111111111100000000000000000000000000000011111000000000000
000000011111111111110000000000000000000000000000000000000001111111111111100000000000000000000000000000000111100000000000
000000011111111111110000000000000000000000000000000000000011111111111111110000000000000000000000000000000011111000000000
000000001111111111110000000000000000000000000000000000001111111111111111110000000000000000000000000000000001111100000000
000000001111111111110000000000000000000000000000000000011111111111111111110000000000000000000000000000000000011110000000
000000000111111111111000000000000000000000000000000000111111111111111111111000000000000000000000000000000000001111100000
000000000011111111111000000000000000000000000000000001111111111111111111111000000000000000000000000000000000000111111110
000000000011111111111100000000000000000000000000000011111111111111111111111000000000000000000000000000000000000001111111
000000000001111111111100000000000000000000000000000111111111111111111111111000000000000000000000000000000000000000011111
000000000000111111111110000000000000000000000000000111111111111111111111111100000000000000000000000000000000000000000000
000000000000011111111111000000000000000000000000001111111111111111111111111100000000000000000000000000000000000000000000
000000000000001111111111100000000000000000000000001111111111111111111111111100000000000000000000000000000000000000000000
000000000000000111111111110000000000000000000000011111111111111111111111111100000000000000000000000000000000000000000000
