111111111111111111111111111110000000000011111111111111111111111111111111111111111111111111111111111111111111111111111111
111111111111111111111111110000000000000001111111111111111111111111111111111111111111111111111111111111111111111111111111
111111111111111111111111100000000000000001111111111111111111111111111111111111111111111111111111111111111111111111111111
111111111111111111111111111000000000000000111111111111111111111111111111111111111111111111111111111111111111111111111111
111111111111111111111111110000000000000000000011111111111111111111111111111111111111111111111111111111111111111111111111
111111111111111111111111100000000000000000000000000000000000000000111111111111111111111111111111111111111111111111111111
111111111111111111111111100000000000000000001111111111111111000000011111111111111111111111111111111111111111111111111111
111111111111111111111111110000000000000000000000000011111111111111111111000000000000000011111111111111111111111111111111
111111111111111111111111110000000000000000011000000011111111111111110000000000000000000000001111111111111111111111111111
111111111111111111111111111000000000000000111111111111111111111111000000000000000000000000000011111111111111111111111111
111111111111111111111111110000000000000001111111111110000011111110000000000000000000000000000001111111111111111111111111
111111111111111111111111100000000000000001111111111110000011111100000000000000000000000000000000111111111111111111111111
111111111111111111111111000000000000000011111111111111000011111100000000000000000000000000000000011111111111111111111111
111111111111111111111111100000000000000011111111111111000111111100000000000000000000000000000000001111111111111111111111
111111111111111111111111111100000000000011111111111111000111111100000000000000000000000000000000001111111111111111111111
111111111111111111111111111100000000000011111111111110000111111111100000000000000000000000000000000111111111111111111111
111111111111111111111111111100000000000001111111111110000111111111000000000000000000000000000000000111111111111111111111
111111111111111111111111111000000000000000111111111110000111111111100000000000000000000000000000000111111111111111111111
111111111111111111111111100000000000000000000111111110000111111111100000000000000000000000000000000111111111111111111111
111111111111111111111110000000000000000000000001111110000111111111110000000000000000000000000000000111111111111111111111
111111111111111111111000000000000000000000000000011110000111111111111100000000000000000000000000000111111111111111111111
111111111111111111000000000000000000000000000000000010000111111111111100000000000000000000000000000111111111111111111111
111111111111110000000000000000000000000000000000000000000111111111111100000000000000000000000000001111111111111111111111
111000000000000000000000000000000000000000000000000000000000111111111100000000000000000000000000001111111111111111111111
000000000000000000000000000000000000000000000000000000000000000111100000000000000000000000000000001111111111111111111111
000000000000000000000000000000000000000000000000000000000000000000000000000000000000000000000000001111111111111111111111
000000000000000000000000000000000000000000000000000000000000000000000000000000000000000000000000001111111111111111111111
000000000000000000000000000000000000000000000000000000000000000000000000000000000000000000000000001111111111111111111111
110000000000000000000000000000000000000000000000000000000000000000000000000000000000000000000000001111111111111111111111
111110000000000000000000000000000000000000000000000000000000000000000000000000000000000000000000001111111111111111111111
111111100000000000000000000000000000000000000000000000000000000000000000000000000000000000000000001111111111111111111111
111111110000000000000000000000000000000000000000000000000000100000000000000000000000000000000000001111111111111111111111
111111111110000000000000000000000000000000000000000000000111100000000000000000000000000000000000000111111111111111111111
111111111111111000000000000000110000000000000000000000011111100000000000000000000000000000000000000111111111111111111111
111111111111111111111111111111110000000000000000000000011111100000000000000000000000000000000000000111111111111111111111
111111111111111111111111111111111000000000000000000000011111111000000000000000000000000000000000000111111111111111111111
111111111111111111111111111111111000000000000000000000011111111100000000000000000000000000000000000111111111111111111111
111111111111111111111111111111110000000000000000010000111111111100000000000000000000000000000000000011111111111111111111
111111111111111111111111111111100000000000000000110000011111111100000000000000000000000000000000000011111111111111111111
111111111111111111111111111111110000000000000011100000011111111110000000000000000000000000000000000111111111111111111111
