011111111111100000001111111111111111111111111111110001111111111111111111111111111111111111111111111111111111000000000000
001111111111110000011111111111111111111111111111111111111111111111111111111111111111111111111111111111111111110000000000
000111111111111000011111111111111111111111111111111111111111111111111111111111111111111111111111111111111111100000000000
000001111111111100011111111111111111111111111111111111111111111111111111111111111111111111111111111111111111100000000000
000000011111111111111111111111111111111111111111111111100111111111111111111111111111111111111111111111111111100000000000
000000011111111111111111111111111111111111111111111111100001111111111111111111111111111111111111111111111111100000000000
000000011111111111111111111111111111111111111111111111100000001111111111111111111111111111111111111111111111111000000000
000000011111111111111111111111111111111111111111111111100000000111111111111111111111111111111111111111111111111110000000
000000111111111111111111111111111111111111111111111111100000000001111111111111111111111111111111111111111111111111000000
000011111111111111111111111111111111111111111111111111110000000000011111111111111111111111111111111111111111111111100000
001111111111111111111111111111111111111111111111111111111000000000001111111111111111111111111111111111111111111111111100
011111111111111111111111111111111111111111111111111111111100000000000111111111111111111111111111111111111111111111111100
011111111111111111111111111111111111111111111111111111111111111110000111111111111111111111111111111111111111111111111100
111111111111111111111111111111111111111111111111111111111111111111001111111111111111111111111111111111111111111111100000
011111111111111111111111111111111111111111111111111111111111011111001111111111111111111111111111111111111111111110000000
011111111111111111111111111111111111111111111111111111111111011111000011111111111111111111111111111111111111111110000000
011111111111111111111111111111111111111111111111111111111111111111000000111111111111111111111111111111111111111100000000
001111111111111111111111111111111111111111111111111111111111111111000000111111111111111111111111111111111111111100000000
000111111111111111111111111111111111111111111111111111111111111111000000111111111111111111111111111111111111111110000000
000011111111111111111111111111111111111111111111111111111111111111111111111111111111111111111111111111111111111110000000
000001111111111111111111111111111111111111111111111111111111111111111111111111111111111111111111111111111111111110000000
000000111111111111111111111111111111111111111111111111111111111111111111111111111111111111111111111111111111111110000000
000000111111111111111111111111111111111111111111111111111111111111111111111111111111111111111111111111111111111100000000
000000011111111111111111111111111111111111111111111111111111111111111111111111111111111111111111111111111111111100000000
000000011111111111111111111111111111111111111111111111111111111111111111111111111111111111111111111111111111111000000000
000000011111111111111111111111111111111111111111111111111111111111111111111111111111111111111111111111111111110000000000
000000001111111111111111111111111111111111111111111111111111111111111111111111111111111111111111111111111111110000000000
000000000111111111111111111111111111111111111111111111111111111111111111111111111111111111111111111111111111000000000000
000000000001111111111111111111111111111111111111111111111111111111111111111111111111111111111111111111111110000000000000
000000000000011111111111111111111111111111111111111111111111111111111111111111111111111111111111111111111100000000000000
000000000000001111111111111111111111111111111111111111111111111111111111111101111111111111111111111111110000000000000000
000000000000000111111111111111111111111000111111111111111111111111111111111100011111111111111111111111000000000000000000
000000000000000001111111111100000000000000011111111111111111111111111111111000011111111111111111110000000000000000000000
000000000111111111111111110000000000000000011111111111111111111111111111111100000111111100000000000000000000000000000000
000000000111111111111111110000000000000000011111111111111111111111111111111100000001110000110111111111111111000000000000
000000000001111111111111111000010000000000011111111111111111111111111111111100000000111001111111111111111111100000000000
000000000000111111111111111111111000000000111111111111111111111111111111111100000001111111111111111111111110000000000000
000000000000011111111111111111111110000000111111111111111111111111111111111110000111111111111111111111111100000000000000
000000000000001111111111111111111111100000111111111111111111111111111111111110011111111111111111111111111000000000000000
000000000000000001111111111111111111100000111111111111111111111111111111111110011111111111111111111111000000000000000000
