111111111111111111111111111111111111111111111100000000000000000000000000000000000011111100011111111111111111111111111111
111111111111111111111111111111111111111111111100000000000000000000000000000000000001000000000011111111111111111111111111
111111111111111111111111111111111111111111100000000000000000000000000000000000000000000000000011111111111111111111111111
111111111111111111111111111111111111111000000000000000000000000000000000000000000000000000000011111111111111111111111111
111111111111111111111111111111111111110000000000000000000000000000000000000000000000000000000011111111111111111111111111
111111111111111111111111111111111111111100000000000000000000000000000000000000000000000000000011111111111111111111111111
111111111111111111111111111111111111111111000000000000000000000000000000000000000000000000000111111111111111111111111111
111111111111111111111111111111111111111111111000000000000000000000000000000000000000000000001111111111111111111111111111
111111111111111111111111111111111111111111100000000000000000000000000000000000001100000000001111111111111111111111111111
111111111111111111111111111111111111111111110000000000000000000000000000000000011100000000001111111111111111111111111111
111111111111111111111111111111111111111111111100000000000000000000000000000000111100000000011111111111111111111100111111
111110000011111111111111111111111111111111111110000000000000000000000000000000011100000000001111111111111111000000000011
100000000000000111111111111111111111111111111111100000000000000000000000000001111000000000001111111111100000000011100000
000011111110000000011111111111111111111111111111111110100000000000001000011111111100000000001111111100000000011111111000
000011111110000111000001111111111111111111111111111111000000000000011001111111111100000000001111000001110000001111100000
000000111100000001111000000000011100000001111111111111000000000001111111111111000000000000000000001111100000001111000000
000000011100000000111100001111000000000000011111000000000000000000000001111110000000000000011100000111000000001110000000
000000001100000000110000000111111100001100001000000000000000000000000000001000011000000000111000000011000000011110000000
110000001111000000110000000011111000000011000000000000000000000000000000000000110000000001110000000011100000111110000001
111000001111100001110000000011110000000000000000000000000000000000000000000000000000000111110000000011100001111110000111
111110001111110001111000000011111000000000000000000000000000000000000000000000000000000111110000000111100011111110001111
111111001111111001111100000111111100000000000000000000000000000000000000000000000000001111110000011111101111111110111111
111111111111111111111110000111111100000000000000000000000000000000000000000000000000011111111000111111111111111111111111
111111111111111111111111000111111110000000000000000000000000000000000000000000000000111111111001111111111111111111111111
111111111111111111111111100111111111000000000000000000000000000000000000000000000001111111111011111111111111111111111111
111111111111111111111111111111111111100000000000000000000000000000000000000000000011111111111111111111111111111111111111
111111111111111111111111111111111111100000000000000000000000000000000000000000000011111111111111111111111111111111111111
111111111111111111111111111111111111000000000000000000000000000000000000000000000001111111111111111111111111111111111111
111111111111111111111111111111111110000000000000000000000000000000000000000000000001111111111111111111111111111111111111
111111111111111111111111111111111110000000001000000000000000000000000000000000000000111111111111111111111111111111111111
111111111111111111111111111111111100000000011000000000000000000000000000000000000000111111111111111111111111111111111111
111111111111111111111111111111111100000000111000000000000000000000000000000100000000011111111111111111111111111111111111
111111111111111111111111111111110000000000111000000000000000000000000000000110000000000111111111111111111111111111111111
111111000111111111111111111100000000000001111000000000000000000000000000000111000000000000011111111111111111100001111111
111111100001111111111111100000000000000011111000000000000000000000000000000111100000000000000001111111111111000011111111
111111100000001111111000000000000000001111111000000000000000000000000000000111111000000000000000000111111100000001110011
000000000000000010000000000000000001111111111000000000000000000000000000000111111111000000000000000000010000000000000000
000000000000000000000000000000011111111111110000000000000000000000000000000111111111111100000000000000000000000000000000
000000000000000000000000000111111111111111100000000000000000000000000000000001111111111111110000000000000000000000000000
000000000000000000000001111111111111111111000000000000000000000000000000000000111111111111111111000000000000000000000000
