000000000000000000000000000000000011110000000000000000000000000000000000010000000011000000000000000000000000000000000000
000000000000000000000000000000000011111111111000000000000000000000000001110000000111100000000000000000000000000000000000
000000000000000000000000000000000011111111111110000001000000000000000011111100001111110000000000000000000000000000000000
000000000000000000000000000000000011111111111111000000000000000000000011111111111111110000000000000000000000000000000000
000000000000000000000000000000000011111111111111100000000000000000000111111111111111111000000000000000000000000000000000
000000000000000000000000000000000011111111111111111111000000000001111111111111111111111100000000000000000000000000000000
000000000000000000000000000000001111111111111111111111111111111111111111111111111111111110000000000000000000000000000000
000000000000000000000000000000111111111111111111111111111111111111111111111111111111111111000000000000000000000000000000
000000000000000000000000000000111111111111111111111111111111111111111111111111111111111110000000000000000000000000000000
000000000000000000000000000000011111111111111111111111111111111111111111111111111111111110000000000000000000000000000000
000000000000000000000000000000001111111111111111111111111111111111111111111111111111111100000000000000000000000000000000
000000000000000000000000000000000111111111111111111111111111111111111111111111111111111000000000000000000000000000000000
000000000000000000000000000000000011111111111111111111111111111111111111111111111111111000000000000000000000000000000000
000000000000000000000000000000000011111111111111111111111111111111111111111111111111111000000000000000000000000000000000
000000000000000000000000000000000011111111111111111111111111111111111111111111111111111000000000000000000000000000000000
000000000000000000000000000000001111101111111111111111111111111111111111111101111111111100000000000000000000000000000000
000000000000000000000000000000000111111111000000111111111111111111111111000001111111110000000000000000000000000000000000
000000000000000000000000000000000011111111011000111111111111111111111111000111111111100000000000000000000000000000000000
000000000000000000000000000000000000111111111000111111111111111111111111000111111110000000000000000000000000000000000000
000000000000000000000000000000000000111111111100111111111111111111111111001111111111000000000000000000000000000000000000
000000000000000000000000000000000000111111111111111111111111111111111111111111111111000000000000000000000000000000000000
000000000000000000000000000000000000011111111111111111111111111111111111111111111110000000000000000000000000000000000000
000000000000000000000000000000000000001111111111111111111111111111111111111111111100000000000000000000000000000000000000
000000000000000000000000000000000000000111111111111111111111111111111111111111111000000000000000000000000000000000000000
000000000000000000000000000000000000000011111111111111111111111111111111111111111000000000000000000000000000000000000000
000000000000000000000000000000000000000011111111111111111111111111111111111111110000000000000000000000000000000000000000
000000000000000000000000000000000000000000000001111111111111111111111111111111100000000000000000000000000000000000000000
000000000000000000000000000000000000000000000001111111111111111111111111110000000000000000000000000000000000000000000000
000000000000000000000000000000000000000000000011111111111111111111111111100000000000000000000000000000000000000000000000
000000000000000000000000000000000000000000011111111111111111111111111111100000000000000000000000000000000000000000000000
000000000000000000000000000000000000000000001111111111111111111111111111000000000000000000000000000000000000000000000000
000000000000000000000000000000000000000000000000001111111111111111111111111000000000000000000000000000000000000000000000
000000000000000000000000000000000000000000000000011111111111111111111110000000000000000000000000000000000000000000000000
000000000000000000000000000000000000000000000000011111111111111111111110000000000000000000000000000000000000000000000000
000000000000000000000000000000000000000000000000011111111111111111111110000000000000000000000000000000000000000000000000
000000000000000000000000000000000000000000000000111111111111111111111110000000000000000000000000000000000000000000000000
000000000000000000000000000000000000000000000000111111111111111111111111000000000000000000000000000000000000000000000000
000000000000000000000000000000000000000000000001111111111111111111111111100000000000000000000000000000000000000000000000
000000000000000000000000000000000000000000000011111111111111111111111111110000000000000000000000000000000000000000000000
000000000000000000000000000000000000000000000111111111111111111111111111111000000000000000000000000000000000000000000000
