111111111111111111111111111111111111111111111111111000000000000000000000000000000000000011111111111111111111111111111111
111111111111111111111111111111111111111111111111111100000000000000000000000000000000000111111111111111111111111111111111
111111111111111111111111111111111111111111111111111100000000000000000000000000000000001111111111111111111111111111111111
111111111111111111111111111111111111111111111111111110000000000000000000000000000000011111111111111111111111111111111111
111111111111111111111111111111111111111111111111111110000000000000000000000000000000111111111111111111111111111111111111
111111111111111111111111111111111111111111111111111110000000000000000000000000000001111111111111111111111111111111111111
111111111111111111111111111111111111111111111111111110000000000000000000000000000011111111111111111111111111111111111111
111111111111111111111111111111111111111111111111111111000000000000000000000000000111111011111111111111111111111111111111
111111111111111111111111111111111111111111111111111111000000000000000000000000001111100000011111111111111111111111111111
111111111111111111111111111111111111111111111111111111000000000000000000000000001111000000011111111111111111111111111111
111111111111111111111111111111111111111111111111111111100000000000000000000000000000000000111111111111111111111111111111
111111111111111111111111111111111111111111111111111111000000000000000000000000000000000000111111111111111111111111111111
111111111111111111111111111111111111111111111111111100000000000000000000000000000000000001111111111111111111111111111111
111111111111111111111111111111111111111111111111100000000000001110000000000000000000000011111111111111111111111111111111
111111111111111111111111111111111111111111111110000000000011111111000000000000000000000111111111111111111111111111111111
111111111111111111111111111111111111111111111100000000000111111111000000000000000000001111111111111000111111111111111111
111111111111111111111111111111111111111111111000000000001111111000000000000000000000000111111111100001111111111111111111
111111111111111111111111111111111111111111100000000000011111111100000000000000000000000001111110000011111111111111111111
111111111111111111111111111111111111111111000000000001111111111100000000000000000000000000000000000011111111111111111111
111111111111111111111111111111111111111100000000000111111111111110000000000000000000000000000000000011111111111111111111
111111111111111111111111111111111111111100000000011111111111111110000000000000000000000000000000000001111111111111111111
111111111111111111111111111111111111111000000000111111111111111100000000000000000000000000000000000001111111111111111111
111111111111111111111111111111111111111000000001111111111111111000000000000000000000000000000000000001111111111111111111
111111111111111111111111111111111111110000000001111111111111100000000000000000000000000000000000000011111111111111111111
111111111111111111111111111111111111110000000011111111111111000000000000000000000000000000000000001111111111111111111111
111111111111111111111111111111111111100000000011111111111110000000000000001111111000000000000111111111111111111111111111
111111111111111111111111111111111111000000000111111111111100000000011111111111111111111111111111111111111111111111111111
111111111111111111111111111111111111000000000111111111111100000011111111111111111111111111111111111111111111111111111111
111111111111111111111111111111111110000000001111111111111111011111111111111111111111111111111111111111111111111111111111
111111111111111111111111111111111000000011111111111111111111111111111111111111111111111111111111111111111111111111111111
111111111111111111111111111111000000000111111111111111111111111111111111111111111111111111111111111111111111111111111111
111111111111111111111111111110000000011111111111111111111111111111111111111111111111111111111111111111111111111111111111
111111111111111111111111111110001001111111111111111111111111111111111111111111111111111111111111111111111111111111111111
111111111111111111111111111111111011111111111111111111111111111111111111111111111111111111111111111111111111111111111111
111111111111111111111111111111111111111111111111111111111111111111111111111111111111111111111111111111111111111111111111
111111111111111111111111111111111111111111111111111111111111111111111111111111111111111111111111111111111111111111111111
111111111111111111111111111111111111111111111111111111111111111111111111111111111111111111111111111111111111111111111111
111111111111111111111111111111111111111111111111111111111111111111111111111111111111111111111111111111111111111111111111
111111111111111111111111111111111111111111111111111111111111111111111111111111111111111111111111111111111111111111111111
111111111111111111111111111111111111111111111111111111111111111111111111111111111111111111111111111111111111111111111111
