111111111111111111111111111111111111111111111111111111111111111111111111111111111111111111111111111111111111111111111111
111111111111111111111111111111111111111111111111111111111111111111111111111111111111111111111111111111111111111111111111
111111111111111111111111111111111111111111111111111111111111111111111111111111111111111111111111111111111111111111111111
111111111111111111111111111111111111111111111111111111111111111111111111111111111111111111111111111111111111111111111111
111111111111111111111111111111111111111111111111111111111111111111111111111111111111111111111111111111111111111111111111
111111111111111111111111111111111111111111111111111111111111111111111111111111111111111111111111111111111111111111111111
111111111111111111111111111111111111111111111111111111111111111111111111111111111111111111111111111111111111111111111111
111111111111111111111111111111111111111111111111111111111111111111111111111111111111111111111111111111111111111111111111
111111111111111111111111111111111111111111111111111111111111111111111111111111111111111111111111111111111111111111111111
111111111111111111111111111111001111111111111111111111111111111100011111111111111111111111111111111111111111111111111111
111111111111111111111111111110000111111111111111111111111111111000000011111111111111111111111111111111111111111111111111
111111111111111111111111100000000111111111111111111111111111111000000001111111101111111111111111111001111111111111111111
111111111111111111111111100000000001111111111111111111111111111000000001000000000111111111111111000000011111111111111111
111111111111111111111111100000000001111111111111111111111111111000000000000000001111111111111110000000001111111111111111
111111111111111111111111110000000001111111111111111111111111110000000000000001111111111111111110000000001111111111111111
111111111111111111111111111000000011111111111111111111111111111000000000000000111111111111111110000000001111111111111111
111111111111111111111111110000000011111111111111111111111111111100000000111111111000001111111110000000011111111111111111
111111111111111111111111100000000011111111111111111111111111111110000000111111111111000000000000000000011111111111111111
111111111111111111111111100000000011111111111111111111111111111111000000111111111111100000000000000000011111111111111111
111111111111111111111111000000000001111111111111111111111111111110000000111111111111111111100000000000111111111111111111
000000000001111111111100000000000001111111111111111111111111111100000000011111111111111111110000000000111111111111111111
000000000000000000000000000000000001111111111111111111111111111000000000011111111111111111111110000000111111111111111111
111100000000000000000000001000000000011111111111111111111111100000000000011111111111111111111000000000111111111111111111
111111111000000000000000000000000000001111111111111111111110000000000000011111111111111111110000000000011111111111111111
111111111111110000000000000000000000000111111111111111111100000000000000011111111111111111000000000000011111111111111111
111111111111111111110000000000000000000011111111111111111110000000000000011111111111111100000000000000011111111111111111
111111111111111111111110000000000000000001111111111111111111000111110001111111111111111000000000000000001111111111111111
111111111111111111111111000000000000000011111111111111111111001111110001111111111111111100000000000000000111111111111111
111111111111111111111111110000000111111111111111111111111110011111110001111111111111111111100000000000000111111111111111
111111111111111111111111110000001111111111111111111111111110011111110011111111111111111111111100011000111111111111111111
111111111111111111111111111000000111111111111111111111111100111111110011111111111111111111111000011000111111111111111111
111111111111111111111111111100000011111111111111111111111100011100000000111111111111111111111000111000111111111111111111
111111111111111111111111111110000011111111111111111111111100000000000000001111111111111111110001111001111111111111111111
111111111111111111111111110000000001111111111111111111111111111100000000001111111111111111110011110001111111111111111111
111111111111111111111111100000110001111111111111111111111111111100000000111101111111111100000000000000111111111111111111
111111110001111111111111110000000000011111111111111111111111111111111111100000111111111110000000000000000111111111111111
100000000000001111111111110000000000000000111111111111111111111111111111111111111111111011100000000000001111111111111111
110000000000000001111111111000000000000111111111111111111111111111111111111111111111001111111100000000001111111111111111
111100000000000000000011110000000000111111111111111111111111111111111111111111111111111111111110000000000001111111111111
111111100000000000000000111100000111111111111111111111111111111111111111111111111111111111111100000011000111111111111111
