000000000000000000000000000000000000000000000000111111111111111111111111111111111111111111111111111111111111111111111111
000000000000000000000000000000000000000000000000111111111111111111111111111111111111111111111111111111111111111111111111
000000000000000000000000000000000000000000000000111111111111111111111111111111111111111111111111111111111111111111111111
000000000000000000000000000000000000000000000001111111111111111111111111111111111111111111111111111111111111111111111111
000000000000000000000000000000000000000000000011111111111111111111111111111111111111111111111111111111111111111111111111
001111111110000000000000000000000000000000001111111111111111111111111111111111111111111111111111111111111111111111111111
000011111111111111100000000000000000000000011111111111111111111111111111111111111111111111111111111111111111111111111111
000011111111111111110000000000000000000000111111111111111111111111111111111111111111111111111111111111111111111111111111
000011011111111111111100000000000000000001111111111111111111111111111111111111111111111111111111111111111111111111111111
000000001111111111111100000000000000011111111111111111111111111111111111111111111111111111111111111111111111111111111111
000000001111111111111100000000000000111111111111111111111111111111111111111111111111111111111111111111111111111111111111
000000000111111111111111100000000000111111111111111111111111111111111111111111111111111111111111111111111111111111111111
000000000111111111111111111000000000111111111111111111111111111111111111111111111111111111111111111111111111111111111111
000000000111111111111111111111000000111111111111111111111111111111111111111111111111111111111111111111111111111111111111
000000001111111111111111111111111000011111111111111111111111111111111111111111111111111111111111111111111111111111111111
000000011111111111111111111111111000111111111111111111111111111111111111111111111111111111111111111111111111111111111111
000000111111111111111111111111110000011111111111111111111111111111111111111111111111111111111111111111111111111111111111
000001111111111111111111111111110000011111111111111111111111111111111111111111111111111111111111111111111111111111111111
000011111111111111011101111111110000001111111111111111111111111111111111111111111111111111111111111111111111111111111111
000111111111111111111101111111110000001111111111111111111111111111111111111111111111111111111111111111111111111111111111
000111111111111110111111111111111000001111111111111111111111111111111111111111111111111111111111111111111111111111111111
000111111111111000111111111111111000000111111111111111111111111111111111111111111111111111111111111111111111111111111111
000111111111110000111111111111111100000111111111111111111111111111111111111111111111111111111111111111111111111111111111
000111111111110000111111111111111110000011111111111111111111111111111111111111111111111111111111111111111111111111111111
000111101111110001111111111111111110000001111111111111111111111111111111111111111111111111111111111111111111111111111111
000000001100000011111111111111111111000001111111111111111111111111111111111111111111111111111111111111111111111111111111
000000001000000111111111111111111111100000111111111111111111111111111111111111111111111111111111111111111111111111111111
000000000000001111111111111111111111100000011111111111111111111111111111111111111111111111111111111111111111111111111111
000000000000111111111111111111111111110000000111111111111111111111111111111111111111111111111111111111111111111111111111
000000000001111111111111111111111111111000000111111111111111111111111111111111111111111111111111111111111111111111111111
000000000011111111111111111111111111111100000111111111111111111111111111111111111111111111111111111111111111111111111111
000000000111111111111111111111111111111100000000111111111111111111111111111111111111111111111111111111111111111111111111
000000001111111111111111111111111111111110000000111111111111111111111111111111111111111111111111111111111111111111111111
000000011111111111111111111111111111111110000001111111111111111111111111111111111111111111111111111111111111111111111111
000000011111111111111111111111111111111110000000111111111111111111111111111111111111111111111111111111111111111111111111
000000111111111111111111111111111111111110000000111111111111111111111111111111111111111111111111111111111111111111111111
000000000000011111111111111111111111110000000001111111111111111111111111111111111111111111111111111111111111111111111111
000000000000000000011111111111000011000000000011111111111111111111111111111111111111111111111111111111111111111111111111
000000000000000000011110011110000000000000000011111111111111111111111111111111111111111111111111111111111111111111111111
000000000000000000011110011110000000000000000011111111111111111111111111111111111111111111111111111111111111111111111111
