000000000011111111111111111111111111111111111111111111111111000000000000000000000000000000000000000000000000000000000000
000000000111111111111111111111111111111111111111111111111111000000000000000000000000000000000000000000000000000000000000
000000000111111111111111111111111111111111111111111111111111000000000000000000000000000000000000000000000000000000000000
000000000111111111111111111111111111111111111111111111111111000000000000000000000000000000000000000000000000000000000000
000000000111111111111111111111111111111111111111111111111111000000000000000000000000000000000000000000000000000000000000
000000001111111111111111111111111111111111111111111111111111000000000000000000000000000000000000000000000000000000000000
000000001111111111111111111111111111111111111111111111111111000000000000000000000000000000000000000000000000000000000000
000000011111111111111111111111111111111111111111111111111111000000000000000000000000000000000000000000000000000000000000
000000011111111111111111111111111111111111111111111111111111000000000000000000000000000000000000000000000000000000000000
000000001111111111111111111111111111111111111111111111111111000000000000000000000000000000000000000000000000000000000000
000000000000000011111111111111111111111111111111111111111111000000000000000000000000000000000000000000000000000000000000
000000000000000000000001111111111111111111111111111111111111000000000000000000000000000000000000000000000000000000000000
000000111111110000000000001111111111111111111111111111111111000000000000000000000000000000000000000000000000000000000000
000000000001111111111100000000111111111111111111111111111111000000000000000000000000000000000000000000000000000000000000
000000000000000111111111100000001111111111111111111111111111000000000000000000000000000000000000000000000000000000000000
000000000000000001111111111111001111111111111111111111111111000000000000000000000000000000000000000000000000000000000000
000000000000000000011111111111111111111111111111111111111111000000000000000000000000000000000000000000000000000000000000
000000000000000000011111111111111111111111111111111111111111000000000000000000000000000000000000000000000000000000000000
000000000000000000111111111111111111111111111111111111111111000000000000000000000000000000000000000000000000000000000000
000000001111111111111111111111111111111111111111111111111111000000000000000000000000000000000000000000000000000000000000
000000111111111111111111111111111111111111111111111111111111000000000000000000000000000000000000000000000000000000000000
111111111111111111111111111111111111111111111111111111111111000000000000000000000000000000000000000000000000000000000000
111111111111111111111111111111111111111111111111111111111111000000000000000000000000000000000000000000000000000000111100
111111111111111111111111111111111111111111111111111111111111000000000000000000000000000000000000000000000000011111111110
111111111111111111111111111111111111111111111111111111111111000000000000000000000000000000000000000000000000111111111100
111111111111111111111111111111111111111111111111111111111111000000000000000000000000000000000000000000000000111111111111
111111111111111111111111111111111111111111111111111111111111000000000000000000000000000000000000000000000000001111111100
111111111111111111111111111111111111111111111111111111111111000000000000000000000000000000000000000000000000011111111110
111111111111111111111111111111111111111111111111111111111111000000000000000000000000000000000000000000111111111111111110
111111111111111111111111111111111111111111111111111111111111000000000000000000000000000000000000000111111111111111111110
111111111111111111111111111111111111111111111111111111111111000000000000000000000000000000000000111111111111111111111111
111111111111111111111111111111111111111111111111111111111111000000000000000000000000000000000011111111111111111111111111
111111111111111111111111111111111111111111111111111111111111000000000000000000000000000000000011111111111111111111111111
111111111111111111111111111111111111111111111111111111111111000000000000000000000000000000000001111111111101111111111111
111111111111111111111111111111111111111111111111111111111111000000000000000000000000000000000000001000000000011111111111
111111111111111111111111111111111111111111111111111111111111000000000000000000000000000000000000000000000000111111111111
111111111111111111111111111111111111111111111111111111111111000000000000000000000000000000000000000000000000011111111111
111111111111111111111111111111111111111111111111111111111111000000000000000000000000000000000000000000000000111111111111
111111111111111111111111111111111111111111111111111111111111000000000000000000000000000000000000000000000000111111111111
111111111111111111111111111111111111111111111111111111111111000000000000000000000000000000000000000000000001111111111111
