000000000000000000000000000000000000000000000000000000000000000000000000000000000000000000000000000000000000011111111111
000000000000000000000000000000000000000000000000000000000000000000000000000000000000000000000000000000000000000000000000
000000000000000000000000000000000000000000000000000000000000000000000001000000000000000000000000000000000000000000000000
000000000000000000000000000000000000000000000000000000000000000000000001000000000000000000000000000000000000000000000000
000000000000000000000000000000000000000000000000000000000000000000001111100000000000000000000000000000000000000000000000
000000000000000000000000000000000000000000000000000000000011111111101111100000000000000000000000000000000000000000000000
001100000000000000000000000000000000000000000000000000001111111111111110000000000000000000000000000000000000000000000000
000000000000000000000000000000000000000000000000000000111111111111111110000000000000000000000000000000000000000000000001
000000000000000000000000000000000000000000000000000001111111111111111111000000000000000000000000000000000000000000000011
000000000000000000000000000000000000000000000000000011111111111111111111000000000000000000000000000000000000000000000111
000000000000000000000000000000000000000000000000000011111111111111111111000000000000000000000000000000000000000000111110
000000000000000000000000000000000000000000000000000011111111111111111000000000000000000000000000000000000000001111100000
000000000000000000000000000000000000000000000000000000110011111111010000000000000000000000000000000000000001111000000000
000000000000000000000000000000000000000000000000000000011111111111111111111100000000000000000001110000011111000000000000
000000000000000000000000000000000000000000000000000011111111111111111111111111110000111111111111111111110000000000000000
000000000000110000000000000000000000000000000000001111111111111111111111111111111111111111111111111111000000000000000000
000000000011111110000000000000000000000000000000111111111111111111110111111111111111111101111111111110000000000000000000
000000000011111100000000000000000000000000000001111111111111111111110000000000000000001111111111000000000000000000000000
000000000011111100000000000000000000000000000011111111111111111111110000000000000011111111000000000000000000000000000000
000000000011111110000000000000110000000000000111111100111111111111110000000000111111110000000000000000000000000000000000
000000000011111110000000000000011110000000001111110001111111111111100000001111111100000000000000000000000000000000000000
000000000111111111100000000000000011110000011111000011111111111111100001111111000000000000000000000000000000000000000000
000000001111111111110000000000000000011110011111000011111111111111111111110000000000000000000000000000000000000000000000
000000000011111111000000000000000000000011111111000011111111111111111100000000000000000000000000000000000000000000000000
000000000001111111000000000000000000000000011111100111111111111111110000000000000000000000000000000000000000000000000000
000000000011111111000000000000000000000000011111111111111111111111000000000000000000000000000000000000000000000000000000
000000000011111111100000000000000000000000001110111111111111111111000000000000000000000000000000000000000000000000000000
000000000111111111100000000000000000000000011111111111111111111111100000000000000000000000000000000000000000000000000000
000000001111111111110000000000000000000111111111111111111111111111110000000000000000000000000000000000000000000000000000
000000000011101110000000000000000011111111110111111111111111111111110000000000000000000000000000000000000000000000000000
000000111111111111000000000001111111111000000111111111111111111111111110000000000000000000000000000000000000000000000000
111111110000000000000000111111111100000000001111111111111111111111111111111000000000000000000000000000000000000000000000
000000000011100000011111111110000000000000011111111111111111111111111110011111100000000000000000000000000000000000000000
000000000000111111111111000000000000000000111111111111111111111111111111000001111110000000000000000000000000000000000000
000000111111111110000000000000000000000001111111111111111111111111111111100000000111111100000000000000000000000000000000
000000011100010000000000000000000000000001111111111111111111111111111111110000000000001111000000000000000000000000000000
000000000000000000000000000000000000000011111111111111111111111111111111111000000000000000000000000000000000000000000000
000000000000000000000000000000000000000011111111111111111111111111111111111100000000000000000000000000000000000000000000
000000000000000000000000000000000000000011111111111111111111111111111111111100000000000000000000000000000000000000000000
000000000000000000110000000000000000000011111111111111111111111111111111111000000000000000000000000000000000000000000000
