111111111111111111111111111111111111111111111111111111111111111111111111111111111110000000000000000000000000000000001111
111111111111111111111111111111111111111111111111111111111111111111111111111111111110000000000000000000000000000000011111
111111111111111111111111111111111111111111111111111111111111111111111111111111111110000000000000000000000000000000111111
111111111111111111111111111111111111111111111111111111111111111111111111111111111111110000000000000000000000000001111111
111111111111111111111111111111111111111111111111111111111111111111111111111111111111111000000000000000000000000000111111
111111111111111111111111111111111111111111111111111111111111111111111111111111111111111110000000000000000000000000011111
111111111111111111111111111111111111111111111111111111111111111111111111111111111111111100000000000000000000000001001111
111111111111111111111111111111111111111111111111111111111111111111111111111111111111110000000000000000000000000000101111
111111111111111111111111111111111111111111111111111111111111111111111111111111111111000000000000000000000000000000011111
111111111111111111111111111111111111111111111111111111111111111111111111111111111000000000000000000000000000000101111111
111111111111111111111111111111111111111111111111111111111111111111111111111111100000000000000000000000000000111111111111
111111111111111111111111111111111111111111111111111111111111111111111111111111000000000000000000000000000000111111111111
111111111111111111111111111111111111111111111111111111111111111111111111111111000000000000000000000000000000111111111111
111111111111111111111111111111111111111111111111111111111111111111111111111110000000000000000000000000000000111111111111
111111111111111111111111111111111111111111111111111111111111111111111111111100000000000000000000000000000111111111111111
111111111111111111111111111111111111111111111111111111111111111111111111111100000000000000000000000000011111111111111111
111111111111111111111111111111111111111111111111111111111111111111111111111100000000000000000000000000111111111111111111
111111111111111111111111111111111111111111111111111111111111111111111111111100000000000000000000000000111111111111111111
111111111111111111111111111111111111111111111111111111111111111111111111111100000000000000000000000001111111111111111111
111111111111111111111111111111111111111111111111111111111111111111111111111110000000000000000000000001111111111111111111
111111111111111111111111111111111111111111111111111111111111111111111111111111000000000000000000000011111111111111111111
111111111111111111111111111111111111111111111000001111111111111111111111111111000000000000000000000011111111111111111111
111111111111111111111111111111111111111110000000000111111111111111111111111111000000000000000000000001111111111111111111
111111111111111111111111111111111111111100000000000011111111111111111111111111000000000000000000000001111111111111111111
111111111111111111111111111111111111111100000000000011111111111111111111111000000000000000000000000001111111111111111111
111111111111111111111111111111111111111100000000001111111111111111111111100000000000000000000000000000111111111111111111
111111111111111111111111111111111111111000000000001111111111111111111100000000000000000000000000000000011111111111111111
111111111111111111111111111111111111111000000000000111111111111111110000000000000000000000000000000000011111111111111111
111111111111111111111111111111111111111000000000000000111111111111000000000000000000000000000000000000001111111111111111
111111111111111111111111111111111111110000000000000000011111111000000000000000000000000000000000000000000011111111111111
111111111111111111111111111111111111110000000100000000000000000000000000000000000000000000000000000000000001111111111111
111111111111111111111111111111111111100000001100000000000000000000000000000000000000000000000000000000000000011111111111
111111111111111111111111111111111111100000001100000000000000000000000000000111000000000000000000000000000000001111111111
111111111111111111111111111111111111100000001100000000000000000000000001111110000000000000000000000000000000000011111111
111111111111111111111111111111111111100000001000000000000000000000001111111110000000000000000000000000000000000001111111
111111111111111111111111111111111111100000011000000000000000000001111111111100000000000000000000000000000000000000111111
111111111111111111111111111111111111110000011100000000000000000011111111111100000000000000000000000000000000000000011111
111111111111111111111111111111111111111001111110000000000000000001111111111000000000000000000000000000000000000000001111
111111111111111111111111111111111111111111111110000000000000000000111111110000000000000000000000000000000000000000000111
111111111111111111111111111111111111111111111110000000000000000000011111110000000000000000000000000000000000000000000011
