111111111111111111111111111111111111111111111111111111111111111111111111111111111111111111111111111111111111110000000000
111111111111111111111111111111111111111111111111111111111111111111111111111111111111111111111111111111111111110000000000
111111111111111111111111111111111111111111111111111111111111111111111111111111111111111111111111111111111111100000000000
111111111111111111111111111111111111111111111111111111111111111111111111111111111111111111111111111111111111100000000000
111111111111111111111111111111111111111111111111111111111111111111111111111111111111111111111111111111111111100000000000
111111111111111111111111111111111111111111111111111111111111111111111111111111111111111111111111111111111111000000000000
111111111111111111111111111111111111111111111111111111111111111111111111111111111111111111111111111111111110000000000000
111111111111111111111111111111111111111111111111111111111111111111111111111111111111111111111111111111111100000000000000
111111111111111111111111111111111111111111111111111111111111111111111111111111111111111111111111111111111100000010000000
111111111111111111111111111111111111111111111111111111111111111111111111111111111111111111111111111111111000000111000000
111111111111111111111111111111111111111111111111111111111111111111111111111111111111111111111111111111110000001111110000
111111111111111111111111111111111111111111111111111111111111111111111111111111111111111111111111111111100000011111111000
111111111111111111111111111111111111111111111111111111111111111111111111111111111111111111111111111111000000111111111000
111111111111111111111111111111111111111111111111111111111100000111111111111111111111111111111111111110000001111111100000
111111111111111111111111111111111111111111111111111111111100000011111111111111111111111111111111111100000011111111100000
111111111111111111111111111111111111111111111111111111111110001111111111111111111111111111111111110000001111111111000000
111111111111111111111111111111111111111111111111111111111100000111111111111111111111111111111111100000011111111111000000
111111111111111111111111111111111111111111111111111111111100000111111111111111111111111111111111100000111111111110000000
111111111111111111111111111111111111111111111111111111111100000111111111111111111111111111111110000001111111111000000011
111111111111111111111111111111111111111111111111111111111000001111111111111111111111111111111100000011111111100000000111
111111111111111111111111111111111111111111111111111111111000000111111111111111111111111111111100000111111111000000011111
111111111111111111111111111111111111111111111111111111111000000011111111111111111111111111111000000111111100000000111111
111111111111111111111111111111111111111111111111111111110000000011111111111111111111111111110000001111110000000001111111
111111111111111111111111111111111111111111111111111111110000000011111111111100111111111111110000011111100000000011111111
111111111111111111111111111111111111111111111111111111110000000001111111110000000000000001111111111111100000001111111111
111111111111111111111111111111111111111111111111111111110000000001111111111111000000000000000000000000000001111111111111
111111111111111111111111111111111111111111111111111111100000000000111111111111111111111111100000000000001111111111111111
111111111111111111111111111111111111111111111111111111111110001111111111111111111111111111110000000001111111111111111000
111111111111111111111111111111111111111111111111111111111000001111111111000000000000000000000001111111111111111111110000
111111111111111111111111111111111111111111111111111111111111111111111111111111111111111111111111111111111111111111110000
111111111111111111111111111111111111111111111111111111111111111111111111111111111111111111111111111111111111111111000000
111111111111111111111111111111111111111111111111111111111111111111111111111111111111111111111111111111111111111110000000
111111111111111111111111111111111111111111111111111111111111111111111111111111111111111111111111111111111111111000000000
111111111111111111111111111111111111111111111111111111111111111111111111111111111111111111111111111111111111110000000000
111111111111111111111111111111111111111111111111111111111111111111111111111111111111111111111111111111111111100000000000
111111111111111111111111111111111111111111111111111111111111111111111111111111111111111111111111111111111110000000000000
111111111111111111111111111111111111111111111111111111111111111111111111111111111111111111111111111111111100000000000000
111111111111111111111111111111111111111111111111111111111111111111111111111111111111111111111111111111111000000000000000
111111111111111111111111111111111111111111111111111111111111111111111111111111111111111111111111111111110000000000000000
111111111111111111111111111111111111111111111111111111111111111111111111111111111111111111111111111111100000000000000000
