000000000000000000000000000000000000000000000000000000000000000000000000000000000000000000000000000000000000000000000000
000000000000000000000000000000000000000000000000000000000000000000000000000000000000000000000000000000000000000000000000
000000000000000000000000000000000000000000000000000000000000000000000000000000000000000000000000000000000000000000000000
000000000000000000000000000000000000000000000000000000000000000000000000000000001000000000000000000000000000000000000000
000000000000000000000000000000000000000000000110000000000000000000000000000001111000000000000000000000000000000000000000
000000000000000000000000000000000000000000000111100000000000000000000000000111110000000000000000000000000000000000000000
000000000000000000000000000000000000000000000011111011111111111111111111111111110000000000000000000000000000000000000000
000000000000000000000000000000000000000000000111111111111111111111111111111111100000000000000000000000000000000000000000
000000000000000000000000000000000000000000000011111111111111111111111111111111111110000000000000000000000000000000000000
000000000000000000000000000000000000000000001111111111111111111111111111111111111111111110000000000000000000000000000000
000000000000000000000000000000000000000000011111111111111111111111111111111111111110000000000000000000000000000000000000
000000000000000000000000000000000000000000111111111111111111111111111111111111111000000000000000000000000000000000000000
000000000000000000000000000000000000000000000000111111111111111111111111111100000000000000000000000000000000000000000000
000000000000000000000000000000000000000000000000111111111111111111111111111100000000000000000000000000000000000000000000
000000000000000000000000000000000000000000000000011111111111111111111111111110000000000000000000000000000000000000000000
000000000000000000000000000000000000000000000000001111111111111111111111111110000000000000000000000000000000000000000000
000000000000000000000000000000000000000000000000001111111111111111111111111110000000000000000000000000000000000000000000
000000000000000000000000000000000000000000000000001111111111111111111111111110000000000000000000000000000000000000000000
000000000000000000000000000000000000000000000000001111111111111111111111111110000000000000000000000000000000000000000000
000000000000000000000000000000000000000000000000001111111111111111111111111110000000000000000000000000000000000000000000
000000000000000000000000000000000000000000000000011111111111111111111111111110000000000000000000000000000000000000000000
000000000000000000000000000000000000000000000000011111111111111111111111111111000000000000000000000000000000000000000000
000000000000000000000000000000000000000000000000011111111111111111111111111111000000000000000000000000000000000000000000
000000000000000000000000000000000000000000000011111111111111111111111111111111100000000000000000000000000000000000000000
000000000000000000000000000000000000000000000111111111111111111111111111111111111000000000000000000000000000000000000000
000000000000000000000000000000000000000000001111111111111111111111111111111111111100000000000000000000000000000000000000
000000000000000000000000000000000000000000011111111111111111111111111111111111111110000000000000000000000000000000000000
000000000000000000000000000000000000000000111111111111111111111111111111111111111111000000000000000000000000000000000000
000000000000000000000000000000000000000000011111111111111111111111111111111111111110000000000000000000000000000000000000
000000000000000000000000000000000000000000001111111111111111111111111111111111111100000000000000000000000000000000000000
000000000000000000000000000000000000000000001111111111111111111111111111111111111100000000000000000000000000000000000000
000000000000000000000000000000000000000000001111111110111111111111111111111111111100000000000000000000000000000000000000
000000000000000000000000000000000000000000001111111100111111111111111111111111111100000000000000000000000000000000000000
000000000000000000000000000000000000000000011111111000011111111111111111111111111110000000000000000000000000000000000000
000000000000000000000000000000000000000000011111111000011111111111111111111111111110000000000000000000000000000000000000
000000000000000000000000000000000000000000011111111100011111111111111111111111111111000000000000000000000000000000000000
000000000000000000000000000000000000000000011111111111111111111111111111111111111111111110000000000000000000000000000000
000000000000000000000000000000000000000000001111111111111111111111111111111111111111111100000000000000000000000000000000
000000000000000000000000000000000000000000011111111111111111111111111111111111111111111000000000000000000000000000000000
000000000000000000000000000000000000000000001111111111111111111111111111111111111111110000000000000000000000000000000000
