000000000000000000000000000000000000000000000000000000000000000000011111111111111111111111111111111111110000000000000000
000000000000000000000000000000000000000000000000000000000000000000000000001111111111111111111111111111110000000000000000
000000000000000000000000000000000000000000000000000000000000000000000000000111111111111111111111111111100000000000000000
000000000000000000000000000000000000000000000000000000000000000000000000000111111111111111111111111110000000000000000000
000000000000000000000000000000000000000000000000000000000000000000000000000011111111111111111111111111111100000000000000
000000000000000000000000000000000000000000000000000000000000000000000000011111111111111111111111111111111110000000000000
000000000000000000000000000000000000000000000000000000000000000000000001111111111111111111111111111111111111000000000000
000000000000000000000000000000000000000000000000000000000000000000000011111111111111111111111111111111111111000000000000
000000000000000000000000000000000000000000000000000000000000000000000011111111111111111111111111111111111111110000000000
000000000000000000000000000000000000000000000000000000000000000000000000111111111111111111111111111111111111111000000000
000000000000000000000000000000000000000000000000000000000000000000000000011111111111111111111111111111111111111000000000
000000000000000000000000000000000000000000000000000000000000000000000000011111111111111111111111111111111111110000000000
000000000000000000000000000000000000000000000000000000000000000000000000000111111111111111111111111111111111100000000000
000000000000000000000000000000000000000000000000000000000000000000000000000011111110111111111111111111111111110000000000
000000000000000000000000000000000000000000000000000000000000000000000000000011111110011111111111111111111111110000000000
000000000000000000000000000000000000000000000000000000000000000000000000000011111110001111111111111111111111110000000000
000000000000000000000000000000000000000000000000000000000000000000000000000011111110000001111111111111111111111000000000
000000000000000000000000000000000000000000000000000000000000000000000000000011111110000001111111111111111111111000000000
000000000000000000000000000000000000000000000000000000000000000000000000000111111110000011111111111111111111111000000000
000000000000000000000000000000000000000000000000000000000000000000000000001111111100000011111111111111111111111100000000
000000000000000000000000000000000000000000000000000000000000000000000000001111111100000111111111111111111111111110000000
000000000000000000000000000011111111111111111111110000000000000000000000011111111000001111111111111111111111111111000000
000000000000000000011111111111111111111111111111111111111111111100000000111111110000001111111111111111111111111111100000
000000000000000111111111111111111000000000001111111111111111111111111111111111100000001111111111111111111111111111111000
000000000000111111111000000000000000000000000000000000000000111111111111111111110000011111111111111111111111111111111100
000111111111111100000000000000000000000000000000000000000000000000000111111111111111111111111111111111111111111111111110
111111111111110000000000000000000000000000000000000000000000000000000000111111111111111111111111111111111111111111111111
111111111110000000000000000000000000000000000000000000000000000000000000000000000000111111111111111111111111111111111111
111111100000000000000000000000000000000000000000000000000000000000000000000000000000011111111111111111111111111111111111
111111110000000000000000000000000000000000000000000000000000000000000000000000000000111111111111111111111111111111111111
111111110000000000000000000000000000000000000000000000000000000000000000000000000000111111111111111111111111111111111111
111111110000000000000000000000000000000000000000000000000000000000000000000000000000111111111111111111111111111111111111
111111111000000000000000000000000000000000000000000000000000000000000000000000000001111111111111111111111111111111111111
111111111100000000000000000000000000000000000000000000000000000000000000000000000001111111111111111111111111111111111111
111111111100000000000000000000000000000000000000000000000000000000000000000000000001111111111111111111111111111111111111
111111111110000000000000000000000000000000000000000000000000000000000000000000000011111111111111111111111111111111111111
111111111111000000000000000000000000000000000000000000000000000000000000000000000011111111111111111111111111111111111111
111111111111000000000000000000000000000000000000000000000000000000000000000000000011111111111111111111111111111111111111
111111111111100000000000000000000000000000000000000000000000000000000000000000000011111111111111111111111111111111111111
111111111111110000000000000000000000000000000000000000000000000000000000000000000011111111111111111111111111111111111111
