000000000000000000000000000000000000000000000000000000000000000000000000000000000000000000000000000000000000000000000000
000000000000000000000000000000000000000000000000000000000000000000000000000000000000000000000000000000000000000000000000
000000000000000000000000000000000000000000000000000000000110000000000000000000000000000000000000000000000000000000000000
000000000000000000000000000000000000000000000000000111111111111111000000000000000000000000000000000000000000000000000000
000000000000000000000000000000000000000000000001111111111111111111100000000000000000000000000000000000000000000000000000
000000000000000000000000000000000000000000001111111111111111111111110000000000000000000000000000000000000000000000000000
000000000000000000000000000000000000000000000111111111111111111111110000000000000000000000000000000000000000000000000000
000000000000000000000000000000000000000000000011111111111111111111110000000000000000000000000000000000000000000000000000
000000000000000000000000000000000000000000000111111111111111111111110000000000000000000000000000000000000000000000000000
000000000000000000000000000000000000000000000111111111111111111111110000000000000000000000000000000000000000000000000000
000000000000000000000000000000000000000000000011111111111111111111111000000000000000000000000000000000000000000000000000
000000000000000000000000000000000000000000000001111111111111111111011111110000000000000000000000000000000000000000000000
000000000000000000000000000000000000000000000000110001111111111111111111111111111111111111111100000000000000000000000000
000000000000000000000000000000000000000000000000110001111111111111111111111111111111111111111100000000000000000000000000
000000000000000000000000000000000000000000000000111111111111111111111111111111111111111110000000000000000000000000000000
000000000000000000000000000000000000000000000001111111111111111111111111110000000000000000000000000000000000000000000000
000000000000000000000000000000000000000000001111111111111111111111111100000000000000000000000000000000000000000000000000
000000000000000000000000000000000000000001111111111111111111111111111110000000000000000000000000000000000000000000000000
000000000000000000000000000000000000000011111111111111111111111111111110000000000000000000000000000000000000000000000000
000000000000000000000000000000000000000011111111111111111111111111111111000000000000000000000000000000000000000000000000
000000000000000000000000000000000000000011111111111111111111111111111111000000000000000000000000000000000000000000000000
000000000000000000000000000000000000000111111111100001111111111111111110000000000000000000000000000000000000000000000000
000000000000000000000000000000000000001111111111111111111111111111111111000000000000000000000000000000000000000000000000
000000000000000000000000000000000000011111111111111111111111111111111110000000000000000000000000000000000000000000000000
000000000000000000000000000000000001111111111111111111111111111111111110000000000000000000000000000000000000000000000000
000000000000000000000000000000000111111111001111101111111111111111111111111100000000000000000000000000000000000000000000
000000000000000000000000000000001111111110001100000111111111111111111111111111111100000000000000000000000000000000000000
000000000000000000000000000000011111111000000000001111111111111111111111111111111111100000000000000000000000000000000000
000000000000000000000000000111111111110000000000111111111111111111111111111111111111100000000000000000000000000000000000
000000000000000000000000000111111111000000000001111111111111111111111111111111111111100000000000000000000000000000000000
000000000000000000000000111111111111000000001111111111111111111111111111111111111111100000000000000000000000000000000000
000000000000000000000011111111111000000000111111111111111111111111111111111111111111100000000000000000000000000000000000
000000000000000000001111111111100000000011111111111111111111111111111111111111111111100000000000000000000000000000000000
000000000000000000011111110111100000000111111111111111111111111111111111111111111111100000000000000000000000000000000000
000000000000000000111000000000000000000111111111111111111111111111111111111111111111000000000000000000000000000000000000
000000000000000001100000000000000000000111111111111111111111111111111111111111111110000000000000000000000000000000000000
000000000000000000000000000000000000000011111111111111111111111111111111111111111110000000000000000000000000000000000000
000000000000000000000000000000000000000000111111111111111111111111111111111111111000000000000000000000000000000000000000
000000000000000000000000000000000000000000000111111111111111111111111111111111100000000000000000000000000000000000000000
000000000000000000000000000000000000000000000000000111111111111111111111111000000000000000000000000000000000000000000000
