111111111111111111111111111111111111111111111111111111111111111111111111111111111111111111111111111111111111111111111111
111111111111111111111111111111111111111111111111111111111111111111111111111111111111111111111111111111111111111111111111
111111111111111111111111111111111111111111111111111111111111110000000011111111111111111111111111111111111111111111111111
111111111111111111111111111111111111111111111111111111111110000000000001111111111111111111111111111111111111111111111111
111111111111111111111111111111111111111111111111111111111110000000000000000011111111111111111111111111111111111111111111
111111111111111111111111111111111111111111111111111111111110000000000000000000011111111111111111111111111111111111111111
111111111111111111111111111111111111111111111111111111111000000000000000000000000111111111111111111111111111111111111111
111111111111111111111111111111111111111111111111111111100000000000000000000000000001111111111111111111111111111111111111
111111111111111111111111111111111111111111111111111111000000000000000000000000000000111111111111111111111111111111111111
111111111111111111111111111111111111111111111111111110000000000000000000000000000000111111111111111111111111111111111111
111111111111111111111111111111111111111111111111111110000000000000000000000000000000011111111111111111111111111111111111
111111111111111111111111111111111111111111111111111110000000000000000000000000000000001111111111111111111111111111111111
111111111111111111111111111111111111111111111111111111000000000000000000000000000000000111111111111111111111111111111111
111111111111111111111111111111111111111111111111111111100000000000000000000000000000000011111111111111111111111111111111
111111111111111111111111111111111111111111111111111111111111000000000000000000000000000011111111111111111111111111111111
111111111111111111111111111111111111111111111111111111111110000000000000000000000000000011111100001111111111111111111111
111111111111111111111111111111111111111111111111111111111111100000000000000000000000000011110000000111111111111111111111
111111111111111111111111111111111111111111111111111111111111111000000000000000000000001111100000000001111111111111111111
111111111111111111111111111111111000111111111111111111111111111111101000000000000010011110000000000000011111111111111111
111111111111111111111111111110000000011111111111111111111111111111110000000000000111111000000000000000000011111111111111
111111111111111111111111111111100000000111000000110000000111111111000000000000000111100000000000000000000000011111111111
111111111111111111111111111111110000000000000000001111111111110000000000000000000000000000000000000000000000000000011111
111111111111111111111111111111111000000000000000000111111111100000000000000000000000000000000000000000000000000000000000
111111111111111111111111111111111100000000000000000011111111000000000000000000000000000000000000000000000000000000000000
111111111111111111111111111111111100000000000000000011111110000000000000000000000000000000000000000000000000000000000000
111111111111111111111111111111111110000000000100000001111110000000000000000000000000000000000000000000000000000000000000
111111111111111111111111111111111111000000000000000000111100000000000000000000000000000000000000000000000000000000000000
111111111111111111111111111111111111000000000000000000011100000000000000000000000000000000001000000000000000000000000000
111111111111111111111111111111111111111000000000000000000000000000000000000000000000000001111100000000000000000000000000
111111111111111111111111111111111111111111100000000000000000000000000000000000001000011111111000000000000000000000000000
111111111111111111111111111111111111111111111110000000000000000000000000000000000011111111111010000000000000000000000000
111111111111111111111111111111111111111111111111000000000000000000000000000000010011111111111110000000000000000000000000
111111111111111111111111111111111111111111111111110000000000000000000000000000010011111111111110000000000000000000000000
111111111111111111111111111111111111111111111111111100000000000000000000000000110011111111111111000000000000000000000000
111111111111111111111111111111111111111111111111111111000000000000000000000000010011111111111111000000000000000000000000
111111111111111111111111111111111111111111111111111111110000000000000000000000000011111111111111100000000000000000000000
111111111111111111111111111111111111111111111111111111110000000000000000000000000001111111111111111000000000000000000000
111111111111111111111111111111111111111111111111111111000000000000000000000000000001111111111111111100000000000000000000
111111111111111111111111111111111111111111111111111111000000000000000000000000000000001111111111111111000000000000000000
111111111111111111111111111111111111111111111111111111100000000000000000000000000000000111111111111111000000000000000000
