000000001111111111111111111111111111111111111111111111000000000000000000111111111111111111111111111111111111111100000000
000000001111111111111111111111111111111111111111111111100000000000000001111111111111111111111111111111111111111100000000
000000001111111111111111111111111111111111111111111111100000000000000011111111111111111111111111111111111111111100000000
000000001111111111111111111111111111111111111111111111100000000000000111111111111111111111111111111111111111111100000000
000000001111111111111111111111111111111111111111111111110000000000011111101111111011111111111111111111111111111100000000
000000001111111111111111111111111111111111111111111111110000000000111110001110000000011111111111111111111111111100000000
000000001111111111111111111111111111111111111111111111110000000001110100010000000000011111111111111111111111111100000000
000000001111111111111111111111111111111111111111111111110000000001100000000000000000011111111111111111111111111100000000
000000001111111111111111111111111111111111111111111111110000000000000000000000000000111111111111111111111111111100000000
000000001111111111111111111111111111111111111111111000000000000000000000000000000001111111111111111111111111111100000000
000000001111111111111111111111111111111111111111000000000000000000000000000000000011111111111111111111111111111100000000
000000001111111111111111111111111111111111111111100000000000000000000000000000000011111111111111111111111111111100000000
000000001111111111111111111111111111111111111111111111111000000000000000000000011111111111111111111111111111111100000000
000000001111111111111111111111111111111111111111111010111100000000000000000001111111111111111111111111111111111100000000
000000001111111111111111111111111111111111111111110000000000000000000000000011111111111111111111111111111111111100000000
000000001111111111111111111111111111111111111111111110000000000000000000000111111111111111111111111111111111111100000000
000000001111111111111111111111111111111111111111111111111100000000000000000000000011111111111111111111111111111100000000
000000001111111111111111111111111111111111111111111111110000000000000000000000000001111111111111111111111111111100000000
000000001111111111111111111111111111111111111111111000000000000000000000000000011111111111111111111111111111111100000000
000000001111111111111111111111111111111111111111000000000000000000000000000111111111111111111111111111111111111100000000
000000001111111111111111111111111111111111111110000000000000000000000000111111111111111111111111111111111111111100000000
000000001111111111111111111111111111111111111111000000000000000000000000100111111111111111111111111111111111111100000000
000000001111111111111111111111111111111111111111111111111110000000000000001111111111111111111111111111111111111100000000
000000001111111111111111111111111111111111111111111111111111100000000000001111111111111111111111111111111111111100000000
000000001111111111111111111111111111111111111111111111111111111000000000011111111111111111111111111111111111111100000000
000000001111111111111111111111111111111111111111111111111111111111000001111111111111111111111111111111111111111100000000
000000001111111111111111111111111111111111111111111111111111111111111111111111111111111111111111111111111111111100000000
000000001111111111111111111111111111111111111111111111111111111111111111111111111111111111111111111111111111111100000000
000000001111111111111111111111111111111111111111111111111111111111111111111111111111111111111111111111111111111100000000
000000001111111111111111111111111111111111111111111111111111111111111111111111111111111111111111111111111111111100000000
000000001111111111111111111111111111111111111111111111111111111111111111111111111111111111111111111111111111111100000000
000000001111111111111111111111111111111111111111111111111111111111111111111111111111111111111111111111111111111100000000
000000001111111111111111111111111111111111111111111111111111111111111111111111111111111111111111111111111111111100000000
000000001111111111111111111111111111111111111111111111111111111111111111111111111111111111111111111111111111111100000000
000000001111111111111111111111111111111111111111111111111111111111111111111111111111111111111111111111111111111100000000
000000001111111111111111111111111111111111111111111111111111111111111111111111111111111111111111111111111111111100000000
000000001111111111111111111111111111111111111111111111111111111111111111111111111111111111111111111111111111111100000000
000000001111111111111111111111111111111111111111111111111111111111111111111111111111111111111111111111111111111100000000
000000001111111111111111111111111111111111111111111111111111111111111111111111111111111111111111111111111111111100000000
000000001111111111111111111111111111111111111111111111111111111111111111111111111111111111111111111111111111111100000000
