000000000000000000000000000000000000000000000000000000000000000000000000000000000000000000000000000000000000000000000000
000000000000000000000000000000000000000000000000000000000000000000000000000000000000000000000000000000000000000000000000
000000000000000000000000000000000000000000000000000001100000000000000000000000000000000000000000000000000000000000000000
000000000000000000000000000000000000000000000000000111111111000000000000000000000000000000000000000000000000000000000000
000000000000000000000000000000000000000000000000001111111111111000000111111100000000000000000000000000000000000000000000
000000000000000000000000000000000000000000000000001111111111111111111111111000000000000000000000000000000000000000000000
000000000000000000000000000000000000000000000000001111111111111111111111111000000000000000000000000000000000000000000000
000000000000000000000000000000000000000000000000000001111111111111111111110000000000000000000000000000000000000000000000
000000000000000000000000000000000000000000000000000011111111111111111111100000000000000000000000000000000000000000000000
000000000000000000000000010000000000000000000000000111111111111111111111110000000000000000000000000000000000000000000000
000000000000000000000000010000000000000000000000001111111111111111111111110000000000000000000000000000000000000000000000
000000000000000000000000001001000000000000000000001111111111111111111111110000000000000000000000000000000000000000000000
000000000000000000000000001000000000000000000000001111111111111111111111000000000000000000000000000000000000000000000000
000000000000000000000000001100011000000000000000011111111111111111111000000000000000000000000000000000000000000000000000
000000000000000000000010101100111000000000000000011111111111111111111000000000000000000000000000000000000000000000000000
000000000000000000000011111111111000000000000000011111111111111111110000000000000000000000000000000000000000000000000000
000000000000000000000001111111111110000000000000111111111111111111111100000000000000000000000000000000000000000000000000
000000000000000000000001111111111110000000000001111111111111111111111111000000000000000000000000000000000000000000000000
000000000000000000000000111111111100000000000011111111111111111111111111100000000000000000000000000000000000000000000000
000000000000000000000001111111111000000000000111111111111111111111111111111000000000000000000000000000000000000000000000
000000000000000000000001111111110000000000011111111111111111111111111111111100000000000000000000000000000000000000000000
000000000000000000000000011111100000000000101111111111111111111111111111111100000000000000000000000000000000000000000000
000000000000000000011111111111100000000000001111111111111111111111111111111100000000000000000000000000000000000000000000
000000000000000000000111111111111111111000011111111111111111111111111111111100000000000000000000000000000000000000000000
000000000000000000000000000000111111111111111111111111111111111111111111111100000000000000000000000000000000000000000000
000000000000000000000000000000001111111111111111111111111111111111111111111110000000000000000000000000000000000000000000
000000000000000000000000000000000000000111111111111111111111111111111111111111111111111000000000000000000000000000000000
000000000000000000000000000000000000000001111111111111111111111111111000111111111111111111111100000000000000000000000000
000000000000000000000000000000000000000001111111111111111111111111111100000000011111111111111111111000000000000000000000
000000000000000000000000000000000000000000011111111111111111111111111110000000000000000011111111111000000000000000000000
000000000000000000000000000000000000000000000110110111111111111111111100000000000000000000000000000000000000000000000000
000000000000000000000000000000000000000000000000001111111111111111111110000000000000000000000000000000000000000000000000
000000000000000000000000000000000000000000000000001111111111111111111111000000000000000000000000000000000000000000000000
000000000000000000000000000000000000000000000000011111111111111111111111100000000000000000000000000000000000000000000000
000000000000000000000000000000000000000000000000111111111111111111111111110000000000000000000000000000000000000000000000
000000000000000000000000000000000000000000000001111111111111111111111111111000000000000000000000000000000000000000000000
000000000000000000000000000000000000000000000001111111111111111111111111111100000000000000000000000000000000000000000000
000000000000000000000000000000000000000000000011111111111111111111111111111100000000000000000000000000000000000000000000
000000000000000000000000000000000000000000000111111111111111111111111111111110000000000000000000000000000000000000000000
000000000000000000000000000000000000000000000111111111111111111111111111111111000000000000000000000000000000000000000000
