111111111111111111111111111111111111111111111111111111111111111111111111111111111111111111111111111111111111111111111111
111111111111111111111111111111111111111111111111111111111111111111111111111111111111111111111111111111111111111111111111
111111111111111111111111111111111111111111111111111111111111111111111111111111111111111111111111111111111111111111111111
111111111111111111111111111111111111111111111111111111111111111111111111111111111111111111111111111111111111111111111111
111111111111111111111111111111111111111111111111111111111111111111111111111111111111111111111111111111111111111111111111
111111111111111111111111111111111111111111111111111111111111111111111111111111111111111111111111111111111111111111111111
111111111111111111111111111111111111111111111111111111111111111111111111111111111111111111111111111111111111111111111111
111111111111111111111111111111111111111111111111111111111111111111111111111111111111111111111111111111111111111111111111
111111111111111111111111111111111111111111111111111111111111111111111111111111111111111111111111111111111111111111111111
111111111111111111111111111111111111111111111111111111111111111111111111111111111111111111111111111111111111111111111111
111111111111111111111111111111111111111111111111111111111111111111111111111111111111111111111111111111111111111111111111
111111111111111111111111111111111111111111111111111111111111111111111111111111111111111111111111111111111111111111111111
111111111111111111111111111111111111111111111111111111111111111111111111111111111111111111111111111001111111111111111111
111111111111111111111111100111111111111111111111111111111110001111111111111111111111111111111110000000111111111111111111
111111111111111111111110000011111111111111111111111111111100000001111111111111111111111111111100000000001111111111111111
111111111111111111110000000001111111111111111111111111111000000001111111111111111111111111111100000000011111111111111111
111111111111111111110000000000111111111111111111111111111000000000111111111111111111111111111100000000011111111111111111
111111111111111111111000000000111111111111111111111111111110000001111111111111111111111011110000000000111111111111111111
111111111111111111111100000000111111111111111111111111111000000000011111111111111111110000000000000000111111111111111111
111111111111111111111100000001111111111111111111111111000000000000011111111111111111110000000000000000011111111111111111
111111111111111111111100000001111111111111111111110100000000000000111111111111111111110001110000000001111111111111111111
111111111111111111111000000001111111111111111111110000011110000000111111111111111111111111110000000011111111111111111111
111110000111111100000000000000111111111111111111111111111111000000111111111111111111111111110000000011111111111111111111
000000000000000001111110000000011111111111111111111111111110000000011111111111111111111111110000000011111111111111111111
000000000000000000000000000000001111111111111111111111111100000000011111111111111111111111100000000011111111111111111111
111111000000000000000000000000000111111111111111111111111000000000011111111111111111111111000000000001111111111111111111
111111111110000000000000000000000011111111111111111111110000000000001111111111111111111110000000000000111111111111111111
111111111111111110000000000000000011111111111111111111100000000000001111111111111111111000000000000000111111111111111111
111111111111111111111110000000000001111111111111111111100000000000000111111111111111100000000000000000011111111111111111
111111111111111111111100000000000001111111111111111111110000000000000111111111111111110000000000000000011111111111111111
111111111111111111111100000000000000111111111111111111111100011000011111111111111111111110000000000000011111111111111111
111111111111111111111100000100011111111111111111111111111100111100011111111111111111111111110001111100001111111111111111
111111111111111111111000001111111111111111111111111111111100111110011111111111111111111111110001111110000111111111111111
111111111111111111111100000011111111111111111111111111111100111110011111111111111111111111110001111111000111111111111111
111111111111111111111111100000011111111111111111111111110000000000000111111111111111111111110011111111001111111111111111
111111111111111111111111111000001111111111111111111111111000000000001111111111111111111111110011111110001111111111111111
111111111111111111111111100000000011111111111111111111111110000000011111111111111111111111110011111110001111111111111111
111111111111111111111110000000000011111111111111111111100000000000011111111111111111111000000000001110000111111111111111
111111000011111111111000000000000001111111111111111111110001000001111111111111111111111000000000000000000111111111111111
000000000000001111111100000000001111111111111111111101111111111111111111111111111111111100000000000000000111111111111111
