000000000000000000000000000000000000000000000000000000000000000000000000000000000000000000000000000000000000000000000000
000000000000000000000000000000000000000000000000000000000000000000000000000000000000000000000000000000000000000000000000
000000000000000000000000000000000000000000000000011111111111111111111100000000000000000000000000000000000000000000000000
000000000000000000000000000000000000000000000001111111111111111111111111000000000000000000000000000000000000000000000000
000000000000000000000000000000000000000000000011111111111111111111111111110000000000000000000000000000000000000000000000
000000000000000000000000000000000000000000000111111111111111111111111111111111111110000000000000000000000000000000000000
000000000000000000000000000000000000000000000111111111111111111111111111111111111110000000000000000000000000000000000000
000000000000000000000000000000000000000000000111111111111111111111111111111111111110000000000000000000000000000000000000
000000000000000000000000000000000000000000000111111111111111111111111111111111111110000000000000000000000000000000000000
000000000000000000000000000000000000000000011111111111111111111111111111111111111110000000000000000000000000000000000000
000000000000000000000000000000000000000001111111111111111111111111111111111011111110000000000000000000000000000000000000
000000000000000000000000000000000000000000111111111111111111111111111111110011111110000000000000000000000000000000000000
000000000000000000000000000000000000000000000011111111111111111111111111110011111110000000000000000000000000000000000000
000000000000000000000000000000000000000000000011111111111111111111111111100111111111000000000000000000000000000000000000
000000000000000000000000000000000000000000000000111111111111111111111111000011111111000000000000000000000000000000000000
000000000000000000000000000000000000000000000000001111111111111111111100000011111111000000000000000000000000000000000000
000000000000000000000000000000000000000000000000000000001111111100110000000001111111000000000000000000000000000000000000
000000000000000000000000000000000000000000000000000000011111111100000000000001111110000000000000000000000000000000000000
000000001100000000000000000000000000000000000000000011111111111111110000000000011100000000000000000000000000111110000000
000000111111111000000000000000000000000000000000111111111111111111111110000000000000000000000000000000011111110111100000
000111110000011111110000000000000000000000000001111111111111111111111111100000000000000000000000001111111100000001111000
011111100000001111001111000000000000000000000111111111111111111111111111110000000000000000000011111001111100000011111111
111111111000011111100000111111111111111111111111111111111111111111111111111111111111111111111110000011111110000111110111
100111111100011111110000011110000001110000111111111111111111111111111111111110000111100000011110000011111110001111110000
000111111100011111100000111110000011111000011111111111111111111111111111111100001111110000111111000001111100001111110000
000011111100001111100001111111000111111100111111111111111111111111111111111110001111111000111111100001111000001111100000
100001111000000111000001111110000111111000011111111111111111111111111111111100001111110000111111000001110000001111000001
100000111000000111000000111110000011111000011111111111111111111111111111111110000111110000011110000000110000000110000001
000000110000000011000000011100000011110000111111111111111111111111111111111110000111100000011110000000100000000100000001
000000010000000000000000011100000001110000111111111111111111111111111111111111000011100000001100000000000000000000000001
000000000000000000000000001100000001100011111111011111111111111111111110111111100001000000001000000000000000000000000000
000000000000000000000000000000000000111111111110011111111111111111111110011111111111000000000000000000000000000000000000
000000000000000000000000000000000111111111111000011111111111111111111110001111111111111100000000000000000000000000000000
000000000000000000111111111001111111111110000000111111111111111111111110000000111111111111111111111110000000000000000000
000000000000000000000111111111111111100000000000011111111111111111111110000000000001111111111111110000000000000000000000
000000000111111111111111111111111000000000000000111111111111111111111111000000000000000001111111111111110000010000000000
000000000001111111111111111000000000000000000001111111111111111111111111100000000000000000000001111111111111000000000000
000000000000000000110000000000000000000000000011111111111111111111111111110000000000000000000000000000000000000000000000
000000000000000000000000000000000000000000000111111111111111111111111111111000000000000000000000000000000000000000000000
000000000000000000000000000000000000000000001111111111111111111111111111111100000000000000000000000000000000000000000000
