000000000000000000000000000000000000000000000000000000000000000000000000000000000000000000000000000000000000000000000000
000000000000000000000000000000000000000000000000000000000000000000000000000000000000000000000000000000000000000000000000
000000000000000000000000000000000000000000000000000000000000000000000000000000000000000000000000000000000000000000000000
000000000000000000000000000000000000000000000000000000000000000000000000000000000000000000000000000000000000000000000000
000000000000000000000000000000000000000000000000000001111111111111000000000000000000000000000000000000000000000000000000
000000000000000000000000000000000000000000000001111111111111111111100000000000000000000000000000000000000000000000000000
000000000000000000000000000000000000000000000111111111111111111111100000000000000000000000000000000000000000000000000000
000000000000000000000000000000000000000000001111111111111111111111110000000000000000000000000000000000000000000000000000
000000000000000000000000000000000000000000000111111111111111111111100000000000000000000000000000000000000000000000000000
000000000000000000000000000000000000000000000011111111111111111111110000000000000000000000000000000000000000000000000000
000000000000000000000000000000000000000000000011111111111111111111110000000000000000000000000000000000000000000000000000
000000000000000000000000000000000000000000000011111111111111111111110000000000000000000000000000000000000000000000000000
000000000000000000000000000000000000000000000011111111111111111111110000000000000000000000000000000000000000000000000000
000000000000000000000000000000000000000000000010111111111111111111110000000000000000000000000000000000000000000000000000
000000000000000000000000000000000000000000000000011011111111111111111100000000000000000000000000000000000000000000000000
000000000000000000000000000000000000000000000000110001111111111111111111100000000000000000000000000000000000000000000000
000000000000000000000000000000000000000000000000111111111111111111111111111000110110000000000000000000000000000000000000
000000000000000000000000000000000000000000000000111111111111111111111111111111111111100000000000000000000000000000000000
000000000000000000000000000000000000000000000001111111111111111111111111111111111111100000000000000000000000000000000000
000000000000000000000000000000000000000000000011111111111111111111111110000001111111110000000000000000000000000000000000
000000000000000000000000000000000000000000000111111111111111111111111110000000000000000000000000000000000000000000000000
000000000000000000000000000000000000000000000111111111111111111111111111000000000000000000000000000000000000000000000000
000000000000000000000000000000000000000000000011111111111111111111111111000000000000000000000000000000000000000000000000
000000000000000000000000000000000000000000000001111111111111111111111110000000000000000000000000000000000000000000000000
000000000000000000000000000000000000000000000001111111011111111111111110000000000000000000000000000000000000000000000000
000000000000000000000000000000000000000000000001111111111111111111111110000000000000000000000000000000000000000000000000
000000000000000000000000000000000000000000000111111111111111111111111110000000000000000000000000000000000000000000000000
000000000000000000000000000000000000000000011111111111111111111111111110000000000000000000000000000000000000000000000000
000000000000000000000000000000000000000000011111111111111111111111111110000000000000000000000000000000000000000000000000
000000000000000000000000000000000000000001111111111111111111111111111111000000000000000000000000000000000000000000000000
000000000000000000000000000000000000000011111111111111111111111111111111111000000000000000000000000000000000000000000000
000000000000000000000000000000000000000111111111111111111111111111111111111111110000000000000000000000000000000000000000
000000000000000000000000000000000000000111111111111111111111111111111111111111111100000000000000000000000000000000000000
000000000000000000000000000000000000001111111111111111111111111111111111111111111110000000000000000000000000000000000000
000000000000000000000000000000000000011111111000111111111111111111111111111111111110000000000000000000000000000000000000
000000000000000000000000000000000000000011111001111111111111111111111111111111111111000000000000000000000000000000000000
000000000000000000000000000000000000000011110011111111111111111111111111111111111111000000000000000000000000000000000000
000000000000000000000000000000000000000000001111111111111111111111111111111111111111100000000000000000000000000000000000
000000000000000000000000000000000000000000111111111111111111111111111111111111111111100000000000000000000000000000000000
000000000000000000000000000000000000000000111111111111111111111111111111111111111111000000000000000000000000000000000000
