000000000000000000000000000000000000000000000000000000000000000000000000000000000000000000000000000000000000000000000000
000000000000000000000000000000000000000000000000000000000000000000000000000000000000000000000000000000000000000000000000
000000000000000000000000000000000000000000000000000000000000000000000000000000000000000000000000000000000000000000000000
000000000000000000000000000000000000000000000000000000000000000000000000000000000000000000000000000000000000000000000000
000000000000000000000000000000000000000000000000000000000000000000000000000000000000000000000000000000000000000000000000
000000000000000000000000000000000000000000000000000000000000000000000000000000000000000000000000000000000000000000000000
000000000000000000000000000000000000000000000000000000000000000000000000000000000000000000000000000000000000000000000000
000000000000000000000000000000000000000000000000000000000000000000000000000000000000000000000000000000000000000000000000
000000000000000000000000000000000000000000000000000011000011111100000000000000000000000000000000000000000000000000000000
000000000000000000000000000000000000000000000000000111111111111001000000000000000000000000000000000000000000000000000000
000000000000000000000000000000000000000000000000000011111111111110000000000000000000000000000000000000000000000000000000
000000000000000000000000000000000000000000000000000000001111111111110000000000000000000000000000000000000000000000000000
000000000000000000000000000000000000000000000000000000011001111111111110000000000000000000000000000000000000000000000000
000000000000000000000000000000000000000000000000000000000111111110000000000000000000000000000000000000000000000000000000
000000000000000000000000000000000000000000000000000000000111111110111000000000000000000000000000000000000000000000000000
000000000000000000000000000000000000000000000000000000000010011111111110000000000000000000000000000000000000000000000000
000000000000000000000000000000000000000000000000000000001100011111111111111000011111110000000000000000000000000000000000
000000000000000000000000000000000011111111111111111000111011111111111111111111111111111100000000000000000000000000000000
000000000000000000000000000000000000000100000111110000011111111111111111111111111111111111000000000000000000000000000000
000000000000000000000000000000000000000000000000000000000000000011110000111111111111111111000000000000000000000000000000
000000000000000000000000000000000000000000000000000000000000000001110000000000000011111000000000000000000000000000000000
000000000000000000000000000000000000000000000000000000000000000000000000000000000000000000000000000000000000000000000000
000000000000000000000000000000000000000000000000000000000000000000000000000000000000000000000000000000000000000000000000
000000000000000000000000000000000000000000000000000000000000000000000000000000000000000000000000000000000000000000000000
000000000000000000000000000000000000000000000000000000000000000000000000000000000000000000000000000000000000000000000000
000000000000000000000000000000000000000000000000000000000000000000000000000000000000000000000000000000000000000000000000
000000000000000000000000000000000000000000000000000000000000000000000000000000000000000000000000000000000000000000000000
000000000000000000000000000000000000000000000000000000000000000000000000000000000000000000000000000000000000000000000000
000000000000000000000000000000000000000000000000000000000000000000000000000000000000000000000000000000000000000000000000
000000000000000000000000000000000000000000000000000000000000000000000000000000000000000000000000000000000000000000000000
000000000000000000000000000000000000000000000000000000000000000000000000000000000000000000000000000000000000000000000000
000000000000000000000000000000000000000000000000000000000000000000000000000000000000000000000000000000000000000000000000
000000000000000000000000000000000000000000000000000000000000000000000000000000000000000000000000000000000000000000000000
000000000000000000000000000000000000000000000000000000000000000000000000000000000000000000000000000000000000000000000000
000000000000000000000000000000000000000000000000000000000000000000000000000000000000000000000000000000000000000000000000
000000000000000000000000000000000000000000000000000000000000000000000000000000000000000000000000000000000000000000000000
000000000000000000000000000000000000000000000000000000000000000000000000000000000000000000000000000000000000000000000000
000000000000000000000000000000000000000000000000000000000000000000000000000000000000000000000000000000000000000000000000
000000000000000000000000000000000000000000000000000000000000000000000000000000000000000000000000000000000000000000000000
000000000000000000000000000000000000000000000000000000000000000000000000000000000000000000000000000000000000000000000000
