000000000000000000000000000000001110000000110000000000000000000000000000000000000000000000000000000000000000000000000000
000000000000000000000000000000000111100001110000000000000000000000000000000000000000000000000000000000000000000000000000
000000000000000000000000000000000001111001110011100000000000000000001000000000000000000000000000000000000000000000000000
000000000000000000000000000000011111111111111110000000000000000000010000000000000000000000010000000000000000000000000000
000000000000000000000000000000000001111111110000000000000000000000110000000000000000000000010000000000000000000000000000
000000000000000000000000000000000000011111111111111000000000000000110000000000000000001111111111100000000000000000000000
000000000000000000000000000000000111111111111111100000000000000000110000000000000000000111110110000000000000000000000000
000000000000000000000000000000000001111111111111000000000000000000111000000000000000000011100000000000000000000000000000
000000000000000000000000000000000000111111111111100000000000000000011111111111111000000111000000000000000000000000000000
000000000000000000000000000000000000111111111111111100000000000000011111111111111111011110000000000000000000000000000000
000000000000000000000000000000000001111111111111111111000000000000111111111111111111111000000000000000000000000000000000
000000000000000000000000000000000111111111111111111111100000000001111111111111111111111000000000000000000000000000000000
000000000000000000000000000000000111111111111111111111110000000001111111111111111111111000000000000000000000000000000000
000000000000000000000000000000000111111111111111111111110000000001111111111111111111111000000000000000000000000000000000
000000000000000000000000000000000111111111111111111111100000000001111111111111111111111000000000000000000000000000000000
000000000000000000000000000000000111111111111111111111100000000001111111111111111111111000000000000000000000000000000000
000000000000000000000000000000000111111111111111111111100000000001111111111111111111111000000000000000000000000000000000
000000000000000000000000000000000111111111111111111111110000000011111111111111111111111000000000000000000000000000000000
000000000000000000000000000000000111111111111111111111110000000011111111111111111111111000000000000000000000000000000000
000000000000000000000000000000000111111111111111111111110000000011111111111111111111111000000000000000000000000000000000
000000000000000000000000000000000011111111111111111111111111111111111111111111111111110000000000000000000000000000000000
000000000000000000000000000000000011111111111111111111111111111111111111111111111111110000000000000000000000000000000000
000000000000000000000000000000000011111111111111111111111111111111111111111111111111110000000000000000000000000000000000
000000000000000000000000000000000011111111111111111111111111111111111111111111111111110000000000000000000000000000000000
000000000000000000000000000000000011111111111111111111111111111111111111111111111111110000000000000000000000000000000000
000000000000000000000000000000000011111111111111111111111111111111111111111111111111110000000000000000000000000000000000
000000000000000000000000000000000111111111111111111111111110011111111111111111111111111000000000000000000000000000000000
000000000000000000000000000000000111111111111111111111111100001111111111111111111111111000000000000000000000000000000000
000000000000000000000000000000000011111111111111111111111000000111111111111111111111110000000000000000000000000000000000
000000000000000000000000000000000101111111111111111111100000000001111111111111111111111000000000000000000000000000000000
000000000000000000000000000000000011111111111111111111100000000001111111111111111111110000000000000000000000000000000000
000000000000000000000000000000000111111111111111111111100000000001111111111111111111111000000000000000000000000000000000
000000000000000000000000000000001111111111111111111111100000000001111111111111111111111100000000000000000000000000000000
000000000000000000000000000000111111111111111111101111000000000000111101111111111111111111111000000000000000000000000000
000000000000000000000000000011111111111111111111001001000000000000100100011111111111111111111111111100000000000000000000
000000000000000000000000000111111111111111111111001000000000000000000100011111111111111111111111111111100000000000000000
000000000000000000000000001111111111111111111111000000000000000000000000111111111111111111111111111111111000000000000000
000000000000000000000000011111111111111111111111100000000000000000000000111111111111111111111111111111111100000000000000
000000000000000000000000111111111111111111111111110000000000000000000000111111111111111111111111111111111110000000000000
000000000000000000000000111111111111111111111111110000000000000000000000111111111111111111111111111111111111000000000000
