000001111111111111111111111111111111111111111111111111111111111111111111111111111111111111111111111111111111111111111111
000011111111111111111111111111111111111111111111111111111111111111111111111111111111111111111111111111111111111111111111
000011111111111111111111111111111111111111111111111111111111111111111111111111111111111111111111111111111111111111111111
000111111111111111111111111111111111111111111111111111111111111111111111111111111111111111111111111111111111111111111111
011111111111111111111111111111111111111111111111111111111111111111111111111111111111111111111111111111111111111111111111
111111111111111111111111111111111111111111111111111111111111111111111111111111111111111111111111111111111111111111111111
111111111111111111111111111111111111111111111111111111111111111111111111111111111111111111111111111111111111111111111111
111111111111111111111111111111111111111111111111111111111111111111111111111111111111111111111111111111111111111111111111
111111111111111111111111111111111111111111111111111111111111111111111111111111111111111111111111111111111111111111111111
111111111111111111111111111111111111111111111111111111111111111111111111111111111111111111111111111111111111111111111111
111111111111111111111111111111111111111111111111111111111111111111111111111111111111111111111111111111111111111111111111
111111111111111111111111111111111111111111111111111111111111111111111111111111111111111111111111111111111111111111111111
111111111111111111111111111111111111111111111111111111111111111111111111111111111111111111111111111111111111111111111111
111111111111111111111111111111111111111111111111111111111111111111111111111111111111111111111111111111111111111111111111
111111111111111111111111111111111111111111111111111111111111111111111111111111111111111111111111111111111111111111111111
111111111111111111111111111111111111111111111111111111111111111111111111111111111111111111111111111111111111111111111111
111111111111111111111111111111111111111111111111111111111111111111111111111111111111111111111111111111111111111111111111
111111111111111111111111111111111111111111111111111111111111111111111111111111111111111111111111111111111111111111111111
111111111111111111111111111111111111111111111111111111111111111111111111111111111111111111111111111111111111111111111111
111111111111111111111111111111111111111111111111111111111111111111111111111111111111111111111111111111111111111111111111
111111111111111111111111111111111111111111111111111111111111111111111111111111111111111111111111111111111111111111111111
111111111111111111111111111111111111111111111111111111111111111111111111111111111111111111111111111111111111111111111111
111111111111111111111111111111111111111111111111111111111111111111111111111111111111111111111111111111111111111111111111
111111111111111111111111111111111111111111111111111111111111111111111111111111111111111111111111111111111111111111111111
111111111111111111111111111111111111111111111111111111111111111111111111111111111111111111111111111111111111111111111111
111111111111111111111111111111111111111111111111111111111111111111111111111111111111111111111111111111111111111111111111
011111111111111111111111111111111111111111111111111111111111111111111111111111111111111111111111111111111111111111111111
001111111111111111111111111111111111111111111111111111111111111111111111111111111111111111111111111111111111111111111111
000111111111111111111111111111111111111111111111111111111111111111111111111111111111111111111111111111111111111111111111
000001111111111111111111111111111111111111111111111111111111111111111111111111111111111111111111111111111111111111111111
000000011111111111111111111111111111111111111111111111111111111111111111111111111111111111111111111111111111111111111111
000000001111111111111111111111111111111111111111111111111111100000001111111111111111111111111111111111111111111111111111
000000001111111111111111111111111111111111111111111111111110000000001111111111111111111111111111111111111111111111111111
000000011111111111111111111111111111111111111111111111111110000001111111111111111111111111111111111111111111111111111111
000000011111111111111111111111111111111111111111111111111111111111111111111111111111111111111111111111111111111111111111
000000001111111111111111111111111111111111111111111111111111111111111111111111111111111111111111111111111111111111111100
000000000011111111111111111111111111111111111111111111111111111111111111111111111111111111111111111111111111111111100000
000000000000011111111111111111111111111111111111111111111111111111111111111111111111111111111111111111111111111110000000
000000000000000001111111111111111111111111111111111111111111111111111111111111111111111111111111111111111111111000000000
000000000000000000000001111111111100001111111111111111111111111111111111111111111000001111111111111111111111100000000000
