000000000000000000000000000000000000000000000000000000000000000000000000000000000000000000000000000000000000000000000000
000000000000000000000000000000000000000000000000000000000000000000000000000000000000000000000000000000000000000000000000
000000000000000000000000000000000000000000000000000000000000000000000000000000000000000000000000000000000000000000000000
000000000000000000000000000000000000000000000000000000000000000000000000000000000000000000000000000000000000000000000000
000000000000000000000000000000000000000000000000000000000000000000000000000000000000000000000000000000000000000000000000
000000000000000000000000000000000000000000000000000011111111111111110000000000000000000000000000000000000000000000000000
000000000000000000000000000000000000000000000000011111111111111111111110000000000000000000000000000000000000000000000000
000000000000000000000000000000000000000000000000111111111111111111111111100000000000000000000000000000000000000000000000
000000000000000000000000000000000000000000000001111111111111111111111111111100000000000000000000000000000000000000000000
000000000000000000000000000000000000000000011111111111111111111111111111111001100000000000000000000000000000000000000000
000000000000000000000000000000000000000001100111111111111111111111111111111101100000000000000000000000000000000000000000
000000000000000000000000000000000000000000110111111111111111111111111111111110000000000000000000000000000000000000000000
000000000000000000000000000000000000000000011111111111111111111111111111111100000000000000000000000000000000000000000000
000000000000000000000000000000000000000000001111111111111111111111111111111110000000000000000000000000000000000000000000
000000000000000000000000000000000000000001111111111111111111111111111111111111100000000000000000000000000000000000000000
000000000000000000000000000000000000000001111111111111111111111111111111111101000000000000000000000000000000000000000000
000000000000000000000000000000000000000000001101111111111111111111111111111000000000000000000000000000000000000000000000
000000000000000000000000000000000000000000000001111111111111111111111111111100000000000000000000000000000000000000000000
000000000000000000000000000000000000000000000001111111111111111111111111111100000000000000000000000000000000000000000000
000000000000000000000000000000000000000000000001111111111111111111111111111100000000000000000000000000000000000000000000
000000000000000000000000000000000000000000000001111111111111111111111111111100000000000000000000000000000000000000000000
000000000000000000000000000000000000000000000001111111111111111111111111111110000000000000000000000000000000000000000000
000000000000000000000000000000000000000000000011111111111111111111111111111110000000000000000000000000000000000000000000
000000000000000000000000000000000000000000011111111111111111111111111111111110000000000000000000000000000000000000000000
000000000000000000000000000000000000000011111111111111111111111111111111111110000000000000000000000000000000000000000000
000000000000000000000000000000000000000111111111111111111111111111111111111111100000000000000000000000000000000000000000
000000000000000000000000000000001111111111111111111111111111111111111111111111110000000000000000000000000000000000000000
000000000000000000000000000000001111111111111111111111111111111111111111111111111000000000000000000000000000000000000000
000000000000000000000000000000001111111111111111111111111111111111111111111111111000000000000000000000000000000000000000
000000000000000000000000000000001111111111111111111111111111111111111111111111111000000000000000000000000000000000000000
000000000000000000000000000000011111111111110011111111111111111111111111111111111000000000000000000000000000000000000000
000000000000000000000000000000011111111111000111111111111111111111111111111111111100000000000000000000000000000000000000
000000000000000000000000000000001111111000000111111111111111111111111111111111111000000000000000000000000000000000000000
000000000000000000000000000000000111111100000111111111111111111111111111111111101100000000000000000000000000000000000000
000000000000000000000000000000000011111110000111111111111111111111111111111111110100000000000000000000000000000000000000
000000000000000000000000000000000001111110000011111111111111111111111111111111100000000000000000000000000000000000000000
000000000000000000000000000000000000111111000011111111111111111111111111111111100000000000000000000000000000000000000000
000000000000000000000000000000000000011111100011111111111111111111111111111111110000000000000000000000000000000000000000
000000000000000000000000000000000000001111111111111111111111111111111111111111110000000000000000000000000000000000000000
000000000000000000000000000000000000000111111111111111111111111111111111111111110000000000000000000000000000000000000000
