111111111111111111111111111111111111111111111111111111111111111111111111111111111111111111111111111111111111111111111111
111111111111111111111111111111111111111111111111111111111111111111111111111111111111111111111111111111111111111111111111
111111111111111111111111111111111111111111111111111111111111111111111111111111111111111111111111111111111111111111111111
111111111111111111111111111111111111111111111111111111111111111111111111111111111111111111111111111111111111111111111111
111111111111111111111111111111111111111111111111111111111111111111111111111111111111111111111111111111111111111111111111
111111111111111111111111111111111100011111111111111111111111111111111111111111111111111111111111111111111111111111111111
111111111111111111111111111111110000000000000111111111111111111111111111111111111111111111111111111111111111111111111111
111111111111111111111111111111100000000000000000111111111111111111111111111111111111111111111111111111111111111111111111
111111111111111111111111111111100000000000000000011111111111111111111111111111111111111111111111111111111111111111111111
111111111111111111111111111111100000000000000000001111111111111111111111111111111111111111111111111111111111111111111111
111111111111111111111111111111100000000000000000000111111111111111111111111111111111111111111111111111111111111111111111
111111111111111111111111111111000000000000000000000011111111111111111111111111111111111111111111111111111111111111111111
111111111111111111111111111110000000000000000000000011111111111111111111111111111111111111111111111111111111111111111111
111111111111111111111111111110000000000000000000000111111111111111111111111111110000000000011111111111111111111111111111
111111111111111111111111111111111000000000000011111111111111111111111111111111110000000000001111111111111111111111111111
111111111111111111111111111111111100000000000111111111111111111111111111111111100000000000011111111111111111111111111111
111111111111111111111111111111111100000000000000011111111111111111111000000000000000000000011111111111111111111111111111
111111111111111111111111111111100000000000000000001111111111111111110000000000000000000000011111111111111111111111111111
111111111111111111111111111111000000000000000000000011111111111111111000000000000000000000000001111111111111111111111111
111111111111111111111111111100000000000000000000000001111111111111111111000000000000000000000000011111111111111111111111
111111111111111111111111111000000000000000000000000000011111111111111111111000000000000000000000001111111111111111111111
111111111111111111111111111100000000000000001100000000000111111111111111111000000000000000000000001111111111111111111111
111111111111111111111111111111000000000000011111110000000011111111111111111100000000000011111111111111111111111111111111
111111111111111111111111111111000000000000111111100000000111111111111111111100000000000011111111111111111111111111111111
111111111111111111111111111111000000000000111111000000001111111111111111110000000000000011111111111111111111111111111111
111111111111111111111111111110000000000001111110000000011111111111111111100000000000000001111111111111111111111111111111
111111111111111111111111111100000000000001111000000000111111111111111111000000000000000000111111111111111111111111111111
111111111111111111111111111000000000000000110000000001111111111111111110000100000000000000011111111111111111111111111111
111111111111111111111111111000000000000000000000000011111111111111111100001110000000000000000111111111111111111111111111
111111111111111111111111110000000000000000000000001111111111111111111000001110000000000000000000011111111111111111111111
111111111111111111111111110000000000000000000000111111111111111111110000001110000000000010000000000111111111111111111111
111111111111111111111111100000000000000000000011111111111111111111000000000100000000000011100000000111111111111111111111
111111111111111111111111000000000000000000000001111111111111111111000000001100000000000011111000000111111111111111111111
111111111111111111111111000000000000000000000001111111111111111111100000001000000000000001111110001111111111111111111111
111111111111111111111111000000000000000000000000111111111111111111110001110000000000000001111111111111111111111111111111
111111111111111111111111000000000000000000000000111111111111111111111000110000000000000000111111111111111111111111111111
111111111111111111111110000000000000000000000000011111111111111111111111110000000000000000011111111111111111111111111111
111111111111111111111110000000000000000000000000011111111111111111111111100000000000000000001111111111111111111111111111
111111111111111111111100000000000000000000000000001111111111111111111111100000000000000000000111111111111111111111111111
111111111111111111111100000000000000000000000000001111111111111111111111100000000000000000000011111111111111111111111111
