111111111111111111111111111111111111111111111111111111111111111111111111111111111111111111111111111111111111111111111111
111111111111111111111111111111111111111111111111111111111111111111111111111111111111111111111111111111111111111111111111
111111111111111111111111111111111111111111111111111111111111111111111111111111111111111111111111111111111111111111111111
111111111111111111111111111111111111111111111111111111111111111111111111111111111111111111111111111111111111111111111111
111111111111111111111111111111111111111111111111111111111111111111111111111111111111111111111111111111111111111111111111
111111111111111111111111111111111111111111111111111111111111111111111111111111111111111111111111111111111111111111111111
111111111111111111111111111111111111111111111111111111111111111111111111111111111111111111111111111111111111111111111111
111111111111111111111111111111111111111111111111111111111111111111111111111111111111111111111111111111111111111111111111
111111111111111111111111111111111111111111111111111111111111111111111111111111111111111111111111111111111111111111111111
111111111111111111111111111111111111111111111111111111111111111111111111111111111111111111111111111111111111111111111111
111111111111111111111111111111111111111111111111111111111111111111111111111111111111111111111111111111111111111111111111
111111111111111111111111111111111111111111111111111111111111111111111111111111111111111111111111111111111111111111111111
111111111111111111111111111111111111111111111111111111111111111111111111111111111111111111111111111111111111111111111111
111111111111111111111111111111111111111111111111111111111111111111111111111111111111111111111111111111111111111111111111
111111111111111111111111111111111111111111111111111111111111111111111111111111111111111111111111111111111111111111111111
111111111111111111111111111111111111111111111111111111111111111111111111111111111111111111111111111111111111111111111111
011111111111111111111111111111111111111111111111111111111111111111111111111111111111111111111111111111111111111111111111
011111111111111111111111111111111111111111111111111111111111111111111111111111111111111111111111111111111111111111111111
011100000111111111111111111111111111111111111111111111111111111111111111111111111111111111111111111111111111111111111111
000000000011111111111111111111111111111111111111111111111111111111111111111111111111111111111111111111111111111111111111
000000000000111111111111111111111111111111111111111111111111111111111111111111111111111111111111111111111111111111111111
000000000000011000011111111111000000000000011111111110000000000000001111111100000000000000001111111111111111111111111111
000000000000000000011110000000000000000000000000000000000000000000000000000000000000000000000000001111111111111111111111
000000000000000000000000000000000000000000000000000000000000000000000000000000000000000000000000000000111111111111111111
000000000000000000000000000000000000000000000000000000000000000000000000000000000000000000000000000000000111111111111111
000000000000000000000000000000000001110000000000000000000000000000000000000000000011000000000000000000000000111111111111
000000000000000000000000000000001111110000000000000000000000000000000000000000000001111000000000000000000000001111111111
000000000000000000000000000000111111000000000000000000000000000000000000000000000000111110000000000000000000000011111111
000000000000000000000000000011111110000000000000000000000000000000000000000000000000011111100000000000000000000001111110
000000000000000000000000011111111110000000000000000000000000000000000000000000000000001111111100000000000000000000111110
000000000000000000000001111111111100000000000000000000000000000000000000000000000000001111111111000000000000000000011100
000000000000000000001111111111111000000000000000000000000000000000000000000000000000000011111111111000000000000000011100
000000000000000001111111111111110000000000000000000000000000000000000000000000000000000011111111111111000000000000011100
000000000000000000111111111111110000000000000000000000000000000000000000000000000000000001111111111111111000011111111111
000000000000000000011111111111101000000000000000000000000000000000000000000000000000000000111111111111111111111111111100
000000000000000000001111111111111000000000000000000000000000000000000000000000000000000100111111111111111111111111100110
000000000000000000000111111111110000000000000000000000000000000000000000000000000000000111011111111111111111111111000011
000000000000000000000011111111110000000000000000000000000000000000000000000000000000000111111111111111111111111110000000
000000000000000000000001111111100000000000000000000000000000000000000000000000000000000011111111111111111111111100000011
000000000000000000000000111100000000000000000000000000000000000000000000000000000000000000111111111111101111111000111111
