111111111111111111111111111111111111111111111111111111111111111111111111111111111111111111111111111111111111111111111111
111111111111111111111111111111111111111111111111111111111111111111111111111111111111111111111111111111111111111111111111
111111111111111111111111111111111111111111111111111111111111111111111111111111111111111111111111111111111111111111111111
111111111111111111111111111111111111111111111111111111111111111111111111111111111111111111111111111111111111111111111111
111111111111111111111111111111111111111111111111111111111111111111111111111111111111111111111111111111111111111111111111
111111111111111111111111111111111111111111111111111111111111111111111111111111111111111111111111111111111111111111111111
111111111111111111111111111111111111111111111111111111111111111111111111111111111111111111111111111111111111111111111111
111111111111111111111111111111111111111111111111111111111111111111111111111111111111111111111111111111111111111111111111
111111111111111111111111111111111111111111111111111111111111111111111111111111111111111111111111111111111111111111111111
111111111111111111111111111111111111111111111111111111111111111111111111111111111111111111111111111111111111111111111111
111111111111111111111111111111111111111111111111111111111111111111111111111111111111111111111111111111111111111111111111
111111111111111111111111111111111111111111111111111111111111111111111111111111111111111111111111111111111111111111111111
111111111111111111111111111111111111111111111111111111111111111111111111111111111111111111111111111111111111111111111111
111111111111111111111111111111111111111111111111111111111111111111111111111111111111111111111111111111111111111111111111
111111111111111111111111111111111111111111111111111111111111111111111111111111111111111111111111111011111111111111111111
111111111111111111111111100111111111111111111111111111111111100111111111111111111111111111111111000001111111111111111111
111111111111111111111111000011111111111111111111111111111100000001111111111111111111111111111100000000001111111111111111
111111111111111111111000000001111111111111111111111111111100000000111111111111111111111111111100000000011111111111111111
111111111111111111111000000000111111111111111111111111111100000000111111111111111111111111111100000000001111111111111111
111111111111111111111000000000111111111111111111111111111110000000111111111111111111111111111100000000001111111111111111
111111111111111111111110000000011111111111111111011100000000000000111111111111111100011111000000000000111111111111111111
111111111111111111111110000001111111111111111111000000000000000000011111111111111110000110000000000000011111111111111111
111111111111111111111100000001111111111111111111111000011000000001111111111111111111100000000000000000011111111111111111
111111111111111111111000000001111111111111111111111111111000000011111111111111111111110011110000000001111111111111111111
111111111111111110000000000001111111111111111111111111111100000001111111111111111111111111110000000011111111111111111111
000000000100000000011100000001111111111111111111111111111100000001111111111111111111111111110000000011111111111111111111
000000000000000011110000000000111111111111111111111111111000000000111111111111111111111111100000000001111111111111111111
100000000000000000000000000000011111111111111111111111110000000000111111111111111111111111100000000000111111111111111111
111111100000000000000000000000001111111111111111111111100000000000011111111111111111111111000000000000011111111111111111
111111111111000000000000000000000111111111111111111111000000000000011111111111111111111111000000000000001111111111111111
111111111111111111000000000000000011111111111111111110000000000000011111111111111111111110000000000000000011111111111111
111111111111111111110000000000000001111111111111111110000000000000011111111111111111111100000000000000000001111111111111
111111111111111111110000000000000000111111111111111111111000000000111111111111111111111111000000000000001111111111111111
111111111111111111111100000000001111111111111111111111111000111000111111111111111111111111111000111100001111111111111111
111111111111111111110000001111111111111111111111111111111000111000111111111111111111111111111000111110001111111111111111
111111111111111111110000000111111111111111111111111111111000111000111111111111111111111111110001111111000111111111111111
111111111111111111111100000011111111111111111111111111111000111000111111111111111111111111110001111111000111111111111111
111111111111111111111111100000111111111111111111111110000000000000011111111111111111111111110001111111100111111111111111
111111111111111111111111110000011111111111111111111111110000000000011111111111111111111111110001111111100011111111111111
111111111111111111111110000000000111111111111111111111111100000000011111111111111111111111110001111111100011111111111111
