000000000000000000000000000000000000000000000000000000000000000001111111111111111111111111111111111111000000000000000000
000000000000000000000000000000000000000000000000000000000000000111111111111111111111111111111111111111000000000000000000
000000000000000000000000000000000000000000000000000000000000111111111111111111111111111111111111111110000000000000000000
000000000000000000000000000000000000000000000000000000000011111111111111111111111111111111111111111111000000000000000000
000000000000000000000000000000000000000000000000000000011111111111111111111111111111111111111111111110000000000000000000
000000000000000000000000000000000000000000000000000011111111111111111111111111111111111111111111111110000000000000000000
000000000000000000000000000000000000000000000000011111111111111111111111111111111111111111111111111100000000000000000000
000000000000000000000000000000000000000000000001111111111111111111111111111111111111111111111111111100000000000000000000
000000000000000000000000000000000000000000000011111111111111111111111111111111111111111111111111111100000000000000000000
000000000000000000000000000000000000000000000111111111111111111111111111111111111111111111111111111000000000000000000000
000000000000000000000000000000000000000000001111111111111111111111111111111111111111111111111111111000000000000000000000
000000000000000000000000000000000000000000011111111111111111111111111111111111111111111111111111111100000000000000000000
000000000000000000000000111111111100000111111111111111111111111111111111111111111111111111111111111100000000000000000000
000000000000000000000000111111111111111111111111111111111111111111111111111111111111111111111111111100000000000000000000
000000000000000000000000000000001111111111111111111111111111111111111111111111111111111111111111111100000000000000000000
000000000000000000000000000000000000111111111111111111111111111111111111111111111111111111111111111100000000000000000000
000000000000000000000000000000000001111111111111111111111111111111111111111111111111111111111111111100000000000000000000
000000000000000000000000000000000011111111111111111111111111111111111111111111111111111111111111111100000000000000000000
000000000000000000000000000000000111111111111111111111111111111111111111111111111111111111111111111000000000000000000000
000000000000000000000000000000000001111111111111111111111111111111111111111111111111111111111111111000000000000000000000
000000000000000000000000000000000001111111111111111111111111111111111111111111111111111111111111111000000000000000000000
000000000000000000000000000000000000111111111111111111111111111111111111111111111111111111111111111000000000000000000000
000000000000000000000000000000000000011111111111111111111111111111111111111111111111111111111111111000000000000000000000
000000000000000000000000000000000000011011111111111111111111111111111111111111111111111111111111111000000000000000000000
000000000000000000000000000000000000000000110111111111111111111111111111111111111111111111111111111000000000000000000000
000000000000000000000000000000000000000000000011111111111111111111111111111111111111111111111111111110000000000000000000
000000000000000000000000000000000000000000000111111111111111111111111111111111111111111111111111110011110000000000000000
000000000000000000000000000000000000000000111111111110000000000000011111111111111111111111111111110000011100000000000000
000000000000000000000000000000000000000001111111100000000000000000000001111111111111111111111111100000000100000000000000
000000000000000000000000000000000000000000001000000000000000000000000000000111111111111111111111100000000000000000000000
000000000000000000000000000000000000000000000000000000000000000000000000000000111111111111111111110000000000000000000000
000000000000000000000000000000000000000000000000000000000000000000000000000000000000000001111101111000000000000000000000
000000000000000000000000000000000000000000000000000000000000000000000000000000000000000000000000110000000000000000000000
000000000000000000000000000000000000000000000000000000000000000000000000000000000000000000000000001000000000000000000000
000000000000000000000000000000000000000000000000000000000000000000000000000000000000000000000000000000000000000000000000
000000000000000000000000000000000000000000000000000000000000000000000000000000000000000000000000000000000000000000000000
000000000000000000000000000000000000000000000000000000000000000000000000000000000000000000000000000000000000000000000000
000000000000000000000000000000000000000000000000000000000000000000000000000000000000000000000000000000000000000001111111
000000000000000000000000000000000000000000000000000000000000000000000000000000000000000000000000000000000000000111111111
000000000000000000000000000000000000000000000000000000000000000000000000000000000000000000000000000000000000011111111111
