111111111111111111111111111111111111111111111111111111111111111100000000000000000011111111111111111111111111111111111111
111111111111111111111111111111111111111111111111111111111111111110000000000000000000000000001111111111111111111111111111
111111111111111111111111111111111111111111111111111111111111111111000000000000000000000000000001111111111111111111111111
111111111111111111111111111111111111111111111111111111111111111111000000000000000000000000000000111111111111111111111111
111111111111111111111111111111111111111111111111111111111111110000000000000000000000000000000000001111111111111111111111
111111111111111111111111111111111111111111111111111111111110000000000000000000000000000000000000000111111111111111111111
111111111111111111111111111111111111111111111111111111111000000000000000000000000000000000000000000111111111111111111111
111111111111111111111111111111111111111111111111111111100000000000000000000000000000000000000000000001111111111111111111
111111111111111111111111111111111111111111111111111111000000000000000000000000000000000000000000000000111111111111111111
111111111111111111111111111111111111111111111111111110000000000000000000000000000000000000000000000000111111111111111111
111111111111111111111111111111111111111111111111111100000000000000000000000000000000000000000000000000011111111111111111
111111111111111111111111111111111111111111111111111100000000000000000000000000000000000000000000000000001111111111111111
111111111111111111111111111111111111111111111111111000000000000000000000000000000000000000000000000000000111111111111111
111111111111111111111111111111111111111111111111111100000000000000000000000000000000000000000000000000000111111111111111
111111111111111111111111111111111111111111111111111100000000000000000000000000000000000000000000000000000011111111111111
111111111111111111111111111111111111111111111111111111000000000000000000000000000000000000000000000000000011111111111111
111111111111111111111111111111111111111111111111111111111000000000000000000000000000000000000000000000000001111111111111
111111111111111111111111111111111111111111111111111111111111100000000000000000000000000000000000000000000001111111111111
111111111111111111111111111111111111111111111111111111111111000000000000000000000000000000000000000000000001111111111111
111111111111111111111111111111111111111111111111111111111110000000000000000000000000000000000000000000000001111111111111
111111111111111111111111111111111111111111111111111111111111110000000000000000000000000000000000000000000000111111111111
111111111111111111111111111111111111111111111110000000001111111100000000000000000000000000000000000000000000111111111111
111111111111111111111111111111111111111111100000000000000011111111000000000000000000000000000000000000000000111111111111
111111111111111111111111111111111111111110000000000000000001111111100000001000000000000000000000000000000000111111111111
111111111111111111111111111111111111111100000000000000000001111111000000000000000000000000000000000000000000011111111111
111111111111111111111111111111111111111100000000000000000001111111100000000000000000000000000000000000100000011111111111
111111111111111111111111111111111111111100000000000000000001111111110000000000000000000000000000000000110010011111111111
111111111111111111111111111111111111111110000000000000000000111111110000000000000000000000000000000000011011001111111111
111111111111111111111111111111111111111110000000000000000000001111111000000000000000000000000000000001111101111111111111
111111111111111111111111111111111111111111100000000000000000000011111000000000000000000000000000000000111111111111111111
111111111111111111111111111111111111111111111000000000000000000001000000000000000000000000000000000100111111111111111111
111111111111111111111111111111111111111111111111000000000000000000000000000000000000000000000000000110011111111111111111
111111111111111111111111111111111111111111111110000000000000000000000000000000000000000000000000000011111111111111111111
111111111111111111111111111111111111111111111100000000000000000000000000000000000000000000000000000011111111111111111111
111111111111111111111111111111111111111111111000000000000000000000000000000000000000000000000000000001111111111111111111
111111111111111111111111111111111111111111111000000000000000000000000000000000000000000000000000000001111111111111111111
111111111111111111111111111111111111111111111000000000000000000000000000000000000000000000000000000000111111111111111111
111111111111111111111111111111111111111111111000000000000000000000000000000000000000000000000000000000011111111100111111
111111111111111111111111111111111111111111111000000000000000000000000000000000000000000000000000000000011111100001111111
111111111111111111111111111111111111111111110000000000000000000110000000000000000000000000000000000000000000000011111111
