000000000000000000000000000000000000000000000000000000000000000000000000000000000000000000000000000000000000000000000000
000000000000000000000000000000000000000000000000000000000000000000000000000000000000000000000000000000000000000000000000
000000000000000000000000000000000000000000000000000000000000000000000111111111111111110000000000000000000000000000000000
000000000000000000000000000000000000000000000000000000000000000001111111111111111111111100000000000000000000000000000000
000000000000000000000000000000000000000000000000000000000000000111111111111111111111111111000000000000000000000000000000
000000000000000000000000000000000000000000000000000000000000011111111111111111111111111111110000000000000000000000000000
000000000000000000000000000000000000000000000000000000000001111111111111111111111111111111111000000000000000000000000000
000000000000000000000000000000000000000000000000000000000011111111111111111111111111111111111000000000000000000000000000
000000000000000000000000000000000000000000000000000000000011111111111111111111111111111111111000000000000000000000000000
000000000000000000000000000000000000000000000000000000000011111111111111111111111111111111111000000000000000000000000000
000000000000000000000000000000000000000000000000000000001111111111111111111111111111111111111000000000000000000000000000
000000000000000000000000000000000000000000000000000001111111111111111111111111111111111111111100000000000000000000000000
000000000000000000000000000000000000000000000000000001111111111111111111111111111111111111111111000000000000000000000000
000000000000000000000000000000000000000000000000000000000000111111111111111111111111111111111100110000000000000000000000
000000000000000000000000000000000000000000000000000000000000000001111111111111111111111111111000000000000000000000000000
000000000000000000000000000111100000000000000000000000000000000001111111111111111111111111110000000000000000000000000000
000000000000000000000011111111111000000000000000000000000000000000011111111111111111111111000000000000000000000000000000
000000000000000011111111110000111111000000000000000000000000000000001111111111111111111000000000000000000000000000000000
000000011111111111111111100000000111110000000000000000000000000000000000001111111111111000000000000000000000000000000000
111111111111111100000111110000000011111100000000000000000000000000000000111111111111111000000000000000000000000000000000
000000011110000000001111111000000111111111000000000000000000000000001111111111111111111111000000000000000000000000000000
000000111111100000011111111100001111111001110000000000000000000001111111111111111111111111100000000000000000000000000000
000000111111110000001111111100001111111100011100000000000000000011111111111111111111111111110000000000000000000000001111
000001111111110000000111111000001111111100001111100000000000000111111111111111111111111111111000000000111111111111111111
000000111111110000000011111000000111111000000111111110000000001111111111111111111111111111111111111111111111110000000111
000000011111100000000011111000000011111000011111100011111111111111111111111111111111111111111011110000000011111000001111
000000001111100000000001110000000011111000111111110000011111111111111111111111111111111111111111111000000111111100001111
000000000111100000000000110000000001110000111111110000111111011111111111111111111111111111111111111100000111111110000111
000000000011100000000000000000000000110000011111110000111111100111111111111111111111111111111111111100000011111100000111
000000000001000000000000000000000000110000011111110001111111101111111111111111111111111111111011111100000011111100000011
000000000000000000000000000000000000000000001111100000111111101111111111111111111111111111111011111000000001111100000001
000000000000000000000000000000000000000000000111100000111111101111111111111111111111111111111001111000000000111000000001
000000000000000000000000000000000000000000000111000000011111011111111111111111111111111111111000111000000000111000000000
000000000000000000000000000000000000000000000011000000001111011111111111111111111111111111111000110000000000010000000000
000000000000000000000000000000000000000000000000000000001110011111111111111111111111111111111100000000000000000000000000
000000000000000000000000000000000000000000000000000000000110111111111111111111111111111111111100000000000000000000000000
000000000000000000000000000000000000000000000000000000000001111111111111111111111111111111111100000000000000000000000000
000000000000000000000000000000000000000000000000000000000001111111111111111111111111111111111100000000000000000000000000
000000000000000000000000000000000000000000000000000000000011111111111111111111111111111111111100000000000000000000000000
000000000000000000000000000000000000000000000000000000000011111111111111111111111111111111111000000000000000000000000000
