111111111111111111111111111111111111111111111111111100000000000000000001111111111111111111111111111111111111111111111111
111111111111111111111111111111111111111111111111111110000000000000000011111111111111111111111111111111111111111111111111
111111111111111111111111111111111111111111111111111110000000000000000111111111111111111111111111111111111111111111111111
111111111111111111111111111111111111111111111111111110000000000000000111001101111111111111111111111111111111111111111111
111111111111111111111111111111111111111111111111111111000000000000000110011000000000000111111111111111111111111111111111
111111111111111111111111111111111111111111111111111111000000000000000100010000000000000011111111111111111111111111111111
111111111111111111111111111111111111111111111111111111000000000000000000000000000000000011111111111111111111111111111111
111111111111111111111111111111111111111111111111111111100000000010000000000000000000000111111111111111111111111111111111
111111111111111111111111111111111111111111111111111111100000000000000000000000000000011111111111111111111111111111111111
111111111111111111111111111111111111111111111111111111000000000000000000000000000000111111111111111111111111111111111111
111111111111111111111111111111111111111111111111111111000000000000000000000000000001111111111111111111111111111111111111
111111111111111111111111111111111111111111111111111111000000000000000000000000000111111111111111111111111111111111111111
111111111111111111111111111111111111111111111111111111000000000000000000000000011111111111111111111111111111111111111111
111111111111111111111111111111111111111111111111111111000000000000000000000001111111111111111111111111111111111111111111
111111111111111111111111111111111111111111111111110000000000000000000000000011111111111111111111111111111111111111111111
111111111111111111111111111111111111111111111110000000000000000000000000000000000001111111111111111111111111111111111111
111111111111111111111111111111111111111111111100000000001111110000000000000000000001111111111111111111111111111111111111
111111111111111111111111111111111111111111111000000011111111000000000000000000000111111111111111111111111111111111111111
111111111111111111111111111111111111111111110000000111111110000000000000000000111111111111111111111111111111111111111111
111111111111111111111111111111111111111111100000001111110000000000000000000111111111111111111111111111111111111111111111
111111111111111111111111111111111111111110000000011110000000000000000000001111111111111111111111111111111111111111111111
111111111111111111111111111111111000000000000000111000000000000000000000000111000111111111111111111111111111111111111111
111111111111111111111111111111111100000011111111100000000000000000000000000000001111111111111111111111111111111111111111
111111111111111111111111111111111111111111111111100000000000000000000000000000011111111111111111111111111111111111111111
111111111111111111111111111111111111111111111111111111111111111100000000000000111111111111111111111111111111111111111111
111111111111111111111111111111111111111111111111111111111111111111000000000001111111111111111111111111111111111111111111
111111111111111111111111111111111111111111111111111111111111111111111111111111111111111111111111111111111111111111111111
111111111111111111111111111111111111111111111111111111111111111111111111111111111111111111111111111111111111111111111111
111111111111111111111111111111111111111111111111111111111111111111111111111111111111111111111111111111111111111111111111
111111111111111111111111111111111111111111111111111111111111111111111111111111111111111111111111111111111111111111111111
111111111111111111111111111111111111111111111111111111111111111111111111111111111111111111111111111111111111111111111111
111111111111111111111111111111111111111111111111111111111111111111111111111111111111111111111111111111111111111111111111
111111111111111111111111111111111111111111111111111111111111111111111111111111111111111111111111111111111111111111111111
111111111111111111111111111111111111111111111111111111111111111111111111111111111111111111111111111111111111111111111111
111111111111111111111111111111111111111111111111111111111111111111111111111111111111111111111111111111111111111111111111
111111111111111111111111111111111111111111111111111111111111111111111111111111111111111111111111111111111111111111111111
111111111111111111111111111111111111111111111111111111111111111111111111111111111111111111111111111111111111111111111111
111111111111111111111111111111111111111111111111111111111111111111111111111111111111111111111111111111111111111111111111
111111111111111111111111111111111111111111111111111111111111111111111111111111111111111111111111111111111111111111111111
111111111111111111111111111111111111111111111111111111111111111111111111111111111111111111111111111111111111111111111111
