000000000000000000000000000000000000000000000000000000000000000000000000000000000000000000000000000000000000000000000000
000000000000000000000000000000000000000000000000000000000000000000000000000000000000000000000000000000000000000000000000
000000000000000000000000000000000000000000000000000000000000000000000000000000000000000000000000000000000000000000000000
000000000000000000000000000000000000000000000000000000000000000000000000000000000000000000000000000000000000000000000000
000000000000000000000000000000000000000000000000000000000000000000000000000000000000000000000000000000000000000000000000
000000000000000000000000000000000000000000000000000000000000000000000000000000000000000000000000000000000000000000000000
000000000000000000000000000000000000000000000000000000000000000000000000000000000000000000000000000000000000000000000000
000000000000000000000000000000000000000000000000000000000000000000000000000000000000000000000000000000000000000000000000
000000000000000000000000000000000000000000000000000000000000000000000000000000000000000000000000000000000000000000000000
000000000000000000000000000000000000000000000000000000000000000000000000000000000000000000000000000000000000000000000000
000000000000000000000000000000000000000000000000000000000000000000000000000001111100000000000000000000000000000000000000
000000000000000000000000000000000000000000000000000000000000000000000000000011111100000000000000000000000000000000000000
000000000000000000000000000000000000000000000000000000000000000000000000011111111111000000000000000000000000000000000000
000000000000000000000000000000000000000000000000000000000000000000000000000111111111111000000000000000000000000000000000
000000000000000000000000000000000000000000000000000000000000000000000000000011111111110000000000000000000000000000000000
000000000000000000000000000000000000000000000000000000000000000000000000000011111111110000000000000000000000000000000000
000000000000000000000000000000000000000000000000000000000000000000000000000111111110001100000000000000000000000000000000
000000000000000000000000000000000000000000000000000000000000000000000000000011111111111100000000000000000000000000000000
000000000000000000000000000000000000000000000000000000000000000000000000000001111111111111111000000000000000000000000000
000000000000000000000000000000000000000000000000000000000000000000000000000001111111111111111111000000000000000000000000
000000000000000000000000000000000000000000000000000000000000000000000000000011111111111111111111111000000000000000000000
000000000000000000000000000000000000000000000000000000000000000000000001111111111111111111111111110000000000000000000000
000000000000000000000000000000000000000000000000000000000000000000000000111111111111111111111111110000000000000000000000
000000000000000000000000000000000000000000000000000000000000000000000000000001111001111111111111111000000000000000000000
000000000001000000000000000000000000000000000000000000000000000000000000000000110000111001111110000000000000000000000000
000000000111110000000000000000000000000000000000000000000000000000000000000000000000000000000000000000000000000000000000
000000000111110000000000000000000000000000000000000000000000000000000000000000000000000000000000000000000000000000000000
000000111111111110000000000000000000000000000000000000000000000000000000000000000000000000000000000000000000000000000000
000001111111111111001000000000000000000000011110000000000000000000000000000000000000000000000000000000000000000000000000
000001111111111111111100000000000000000000011110000000000000000000000000000000000000000000000000000000000000000000000000
000001111111111111111110000000000000000000011110000000000000000000000000000000000000000000000000000000000000000000000000
000001111111111111111111111111111111100000011110000000000000000000000000000000000000000000000000000000000000000000000000
111111111111111111111111111111111111111110011110000000000000000000000000000000000000000000000000000000000000000000000000
111111111111111111111111111111111111111111111110000000000000000000000000000000000000000000000000000000000000000000000000
111111111111111111111111111111111111111111111110000000000000000000000000000000000000000000000000000000000000000000000000
111111111111111111111111111111111111111111111110000000000000000000000000000000000000000000000000000000000000000000000000
111111111111111111111111111111111111111111111110000000000000000000000000000000000000000000000000000000000000000000000000
111111111111111111111111111111111111111111111110000000000000000000000000000000000000000000000000000000000000000000000000
111111111111111111111111111111111111111111111110000000000000000000000000000000000000000000000000000000000000000000000000
111111111111111111111111111111111111111111111110000000000000000000000000000000000000000000000000000000000000000000000000
