000000000000000000000000000000000000000000000000000000000000000000000000011111111111111110000000000000000000000000000000
000000000000000000000000000000000000000000000000000000000000000000000000011111111111111111000000000000000000000000000000
000000000000000000000000000000000000000000000000000000000000000000000000011111111111111111000000000000000000000000000000
000000000000000000000000000000000000000000000000000000000000000000000000000111111111111111000000000000000000000000000000
000000000000000000000000000000000000000000000000000000000000000000000000000001111111111111100000000000000000000000000000
000000000000000000000000000000000000000000000000000000000000000000000000000000000000111111111000000000000000000000000000
000000000000000000000000000000000000000000000000000000000000000000000000000000000000001111111111100000000000000000000000
000000000000000000000000000000000000000000000000000000000000000000000000000000000000000001111111111111000000000000000000
000000000000000000000000000000000000000000000000000000000000000000000000000000000000000000000111111111111100000000000000
000000000000000000000000000000000000000000000000000000000000000000000000000000000000000000000000000000111111100000000000
000000000000000000000000000000000000000000000000000000000000000000000000000000000000000000000000000111111111111000000000
000000000000000000000000000000000000000000000000000000000000000000000000000000000000000000000000000000000000010000000000
000000000000000000000000000000000000000000000000000000000000000000000000000000000000000000000000000000000000000000000000
000000000000000000000000000000000000000000000000000000000000000000000000000000000000000000000000000000000000000000000000
000000000000000000000000000000000000000000000000000000000000000000000000000000000000000000000000000000000000000000000000
000000000001111100000000000000000000000000000000000000000000000000000011111111000000000000000000000000000000000000000000
000000000001111110000000000000000000000000000000000000111111111111111111111111110000000000000000000000000000000000000000
000000000001111110000000000011111111111111111111111111111111111111111111111111111011000000000000000000000000000000000000
000000000011111110000000000000000000000000000000000000000000000011111111111111110011000000000000000000000000000000000000
000000000111111110000000000000000000000000000000000000000000000000111111111111111010000000000000000000000000000000000000
000000001111111111000000000000000000000000000000000000000000000000000111111111111100000000000000000000000000000000000000
000000001111111111110000000000000000000000000000000000000000000000000111111111111100000000000000000000000000000000000000
000000000111111110000000000000000000000000000000000000000000000000000111111111110000000000000000000000000000000000000000
000000000111111110000000000000000000000000000000000000000000000000000111111111100000000000000000000000000000000000000000
000000000111111110000000000000000000000000000000000000000000000000000111111111100000000000000000000000000000000000000000
000000000111111110000000000000000000000000000000000000000000000000000111111111100000000000000000000000000000000000000000
000000000111111111000000000000000000000000000000000000000000000000001111111111100000000000110000000000000000000000000000
000000001111111111100000000000000000000000000000000111000000000000000111111111110000111111110000000000000000000000000000
000000000011001100000000000000000000000000000000000000011111111000001111111111111111111000000000000000000000000000000000
011111111111100000000000000000000000000000000000000000000000111111111111111111111100000000000000000000000000000000000000
000000000000000000000000000000000000000000000000000000000000000011111111111111100000000000000000000000000000000000000000
000000000000000000000000000000000000000000000000000000000000001111111111111111110000000000000000000000000000000000000000
000000000000000000000000000000000000000000000000000110001111111111111111111111111111111000000000000000000000000000000000
000000000000000000000000000000000000000000000000111111111101111111111111111111111100001111111110000000000000000000000000
000000000000000000000000000000000000000000000001110100000111111111111111111111111110000000000000000000000000000000000000
000000000000000000000000000000000000000000000000000000001111111111111111111111111111100000000000000000000000000000000000
000000000000000000000000000000000000000000000000000000111111111111111111111111111111111000000000000000000000000000000000
000000000000000000000000000000000000000000000000000011111111111111111111111111111111111110000000000000000000000000000000
000000000000000000000000000000000000000000000000000011111111111111111111111111111111111111100000000000000000000000000000
000000000000000000000000000000000000000000000000001111111111111111111111111111111111111111000000000000000000000000000000
