111111111111111111111111111111111111111111111111111111111111111111111111111111111111111111111111111110000000000000000000
111111111111111111111111111111111111111111111111111111111111111111111111111111111111111111111111111110000000000000000000
111111111111111111111111111111111111111111111111111111111111111111111111111111111111111111111111111111000000000000000000
111111111111111111111111111111111111111111111111111111111111111111111111111111111111111111111111111111100000000000000000
111111111111111111111111111111111111111111111111111111111111111111111111111111111111111111111111111111000000000000000000
111111111111111111111111111111111111111111111111111111111111111111111111111111111111111111111111111111000000000000000000
111111111111111111111111111111111111111111111111111111111111111111111111111111111111111111111111111110000000000000000000
111111111111111111111111111111111111111111111111111111111111111111111111111111111111111111111111111000000000000000000000
111111111111111111111111111111111111111111111111111111111111111111111111111111111111111111111111000000000000000000000000
111111111111111111111111111111111111111111111111111111111111111111111111111111111111111111111100000000000000000000000000
111111111111111111111111111111111111111111111111111111111111111111111111111111111111111111110000000000000000000000000000
111111111111111111111111111111111111111111111111111111111111111111111111111111111111111111000000000000000000000000000000
111111111111111111111111111111111111111111111111111111000111111111111111111111111111111000000000000000000000000000000000
111111111111111111111111111111111111111111111111110000000011111111111111111111110000000000000000000000000000000000000000
111111111111111111111111111111111111111111111111100000000001111111111111111000000000000000000000000011100000000000000000
111111111111111111111111111111111111111111111110000000000001111111111111110000000000000000000000001111000000000000000000
111111111111111111111111111111111111111111111110000000000001111111111111110000000000000000000000011111000000000000000000
111111111111111111111111111111111111111111111110000000000000111111111110000000000000000000000001111110000000000000000000
111111111111111111111111111111111111111111111110000000000000001111111000000000000000000000000111111100000000000000000000
111111111111111111111111111111111111111111111111000000000000000011111100000000000011000000011111111000000000000000000000
111111111111111111111111111111111111111111111111100000000000000000000000100000001100000001111111111000000000000000000000
111111111111111111111111111111111111111111111111110000000000000000011100111100110001000111111111110000000000000000000000
111111111111111111111111111111111111111111111111111000000000000000000111111111101111111111111111100000000000000000000000
111111111111111111111111111111111111111111111111111000000000000000000000000111111111111111111111000000000000000000000000
111111111111111111111111111111111111111111111111111100000000000000000000000000001111111111111110000000000000000000000000
111111111111111111111111111111111111111111111111111110000000000000000000000000000000001111111110000000000000000000000000
111111111111111111111111111111111111111111111111111111000000000000000000000000000000000000011100000000000000000000000000
111111111111111111111111111111111111111111111111111111000000000000000000000000000000000000000000000000000000000000000000
111111111111111111111111111111111111111111111111111111110000010000000000000000000000000000000000000000000000000000000000
111111111111111111111111111111111111111111111111111111111111111000000000000000000000000000000000000000000000000000000000
111111111111111111111111111111111111111111111111111111111111111100000000000000000000000000000000000000000000000000000000
111111111111111111111111111111111111111111111111111111111111111110000000000000000000000000000000000000000000000000000000
111111111111111111111111111111111111111111111111111111111111111111000000000000000000000000000000000000000000000000000000
111111111111111111111111111111111111111111111111111111111111111111100000000000000000000000000000000000000000000000000000
111111111111111111111111111111111111111111111111111111111111111111100000000000000000000000000000000000000000000000000000
111111111111111111111111111111111111111111111111111111111111111111110000000000000000000000000000000000000000000000000000
111111111111111111111111111111111111111111111111111111111111111111110000000000000000000000000000000000000000000000000000
111111111111111111111111111111111111111111111111111111111111111111111000000000000000000000000000000000000000000000000000
111111111111111111111111111111111111111111111111111111111111111111111111111111111000000000000000000000000000000000000000
111111111111111111111111111111111111111111111111111111111111111111111111111111110000000000000000000000000000000000000000
