111111111111111111111111111111111111111111111111111111111111111111111111111100000000000000000000000000000000000000000000
111111111111111111111111111111111111111111111111111111111111111111111111110000000000000000000000000000000000000000000000
111111111111111111111111111111111111111111111111111111111111111111111111100000000000000000000000000000000000000000000000
111111111111111111111111111111111111111111111111111111111111111111111111100000000000000000000000000000000000000000000000
111111111111111111111111111111111111111111111111111111111111111111111111000000000000000000000000000000000000000000000000
111111111111111111111111111111111111111111111111111111111111111111111111000000000000000000000000000000000000000000000000
111111111111111111111111111111111111111111111111111111111111111111111111000000000000000000000000000000000000000000000000
111111111111111111111111111111111111111111111111111111111111111111111111000000000000000000000000000000000000000001111000
111111111111111111111111111111111111111111111111111111111111111111111100000000000000000000000000000000000000000000111111
111111111111111111111111111111111111111111111111111111111111111111100000000000000000000000000000000000000000000000011111
111111111111111111111111111111111111111111111111111111111111111100000000000000000000000000000000000000000000000000111111
111111111111111111111111111111111111111111111111111111111111111110000000000000000000000000000000000000000000000001111111
111111111111111111111111111111111111111111111111111111111111111111111100000000000000000000000000000000000000000001111111
111111111111111111111111111111111111111111111111111111111111111111111111110000000000000000000000000000000000000001111111
111111111111111111111111111111111111111111111111111111111111111111111111111000000000000000000000000000000000000000111111
111111111111111111111111111111111111111111111111111111111111111111111111110000000000000000000000000000000000000000111111
111111111111111111111111111111111111111111111111111111111111111111111111111000000000000000000000000000000000000001111111
111111111111111111111111111111111111111111111111111111111111111111111111111100000000000000000000000000000000011011111111
111111111111111111111111111111111111111111111111111111111111111111111111111111011111111100000000000000000111111111111111
111111111111111111111111111111111111111111111111100111111111111111111111111111111111111000000000000000111111111111111111
111111111111111111111111111111111111111111111110000001111111111111111111111111100000000000000000000000000011111111111111
111111111111111111111111111111111111111111111100000000000111111111111111111100000000000000000000000000000000000001111111
111111111111111111111111111111111111111111110000000000000001111111111111100000000000000000000000000000000000000000001111
111111111111111111111111111111111111111111000000000000000000011111111100000000000000000000000000000000000000000000000011
111111111111111111111111111111111111111100000000000000000000000011110000000000000000000000000000000000000000000000000001
111111111111111111111111111111111111110000000000000000000000000000000000000000000000000000000000000000000000000000000000
111111111111111111111111111111111110000000000000000000000000000000000000000000000000000000000000000000000000000000000000
111111111111111111111111111111110000000000000000000000000000000000000000000000000000000000000000000000000000000000000000
111111111111111111111111111110000000000000000110000000000000000000000000000000000000000000000000000000000000000000000000
111111111111111111111111111000000110000000001111000000000000000000000000000000000000000000000000000000000000000000000000
111111111111111111111111111111111111111100111111100000000000000000000000000000000000000000000000000000000000000000000011
111111111111111111111111111111111111111111111111110000000000000000000000000000000000000000000000000000000000000000000001
111111111111111111111111111111111111111111111111111111111000000000000000000000000000000000000000000000000000000000000111
111111111111111111111111111111111111111111111111111111111110000000000000000000000000000000000000000000000000000000011111
111111111111111111111111111111111111111111111111111111111111000000000000000000000000000000000000000000000000000000011111
111111111111111111111111111111111111111111111111111111111111110000000000000000000000000000000000000000000000000000011111
111111111111111111111111111111111111111111111111111111111111111111000000000000000000000000000000000000000000000000011111
111111111111111111111111111111111111111111111111111111111111111111111110000000000000000000000000000000000000000000011111
111111111111111111111111111111111111111111111111111111111111111111111111111100000000000000000000000000000000000000011111
111111111111111111111111111111111111111111111111111111111111111111111111111100000000000000000000000000000000000000111111
