111111111111111111111111111111111111111111111111111111111111111111111111111111111111111111111111111111111111111111111111
111111111111111111111111111111111111111111111111111111111111111111111111111111111111111111111111111111111111111111111111
111111111111111111111111111111111111111111111111111111111111111111111111111111111111111111111111111111111111111111111111
111111111111111111111111111111111111111111111111111111111111111111111111111111111111111111111111111111111111111111111111
111111111111111111111111111111111111111111111111111111111111111111111111111111111111111111111111111111111111111111111111
111111111111111111111111111111111111111111111111111111111111111111111111111111111111111111111111111111111111111111111111
111111111111111111111111111111111111111111111111100000000000000000000111111111111111111111111111111111111111111111111111
111111111111111111111111111111111111111111111111000000000000000000000001111000011111111111111111111111111111111111111111
111111111111111111111111111111111111111111111110000000000000000000000000000000011111111111111111111111111111111111111111
111111111111111111111111111111111111111111111100000000000000000000000000000000001111111111111111111111111111111111111111
111111111111111111111111111111111111111111111100000000000000000000000000000000000111111111111111111111111111111111111111
111111111111111111111111111111111111111111111100000000000000000000000000000000000011111111111111111111111111111111111111
111111111111111111111111111111111111111111100000000000000000000000000000000000111111111111111111111111111111111111111111
111111111111111111111111111111111111111111000000000000000000000000000000001001111111111111111111111111111111111111111111
111111111111111111111111111111111111111111110000000000000000000000000000000111111111111111111111111111111111111111111111
111111111111111111111111111111111111111111111110000000000000000000000000110111111111111111111111111111111111111111111111
111111111111111111111111111111111111111111111100000000000000000000000001111111111111111111111111111111111111111111111111
111111111111111111111111111111111111111111111000000000000000000000000000111111111111111111111111111111111111111111111111
111111111111111111111111111111111111111111111111100000000000000000000001111111111111111111111111111111111111111111111111
111111111111111111111111111111111111111111111111111011000000000101011111111111111111111111111111111111111111111111111111
111111110001111111111111111111111111111111111111111100000000000111111111111111111111111111111111111111111111111111111111
111111000000000111111111111111111111111111110000000000000000000000000011111111111111111111111111111111111111111111111111
111100000000000000011111111111111111111111100000000000000000000000000000011111111111111111111111110011111111111111111111
110000000000000000000011111111111111111111000000000000000000000000000000000111111111111111111100000000111111111111111111
000000000000000000000000001111111111111110000000000000000000000000000000000011111111111110000000000000011111111111111111
000000000000000000000000000000000000000000000000000000000000000000000000000001111111100000000000000000001111111111111111
000000000000000000000000000000000000000000000000000000000000000000000000000000000000000000000000000000000011111111111111
000000100011000000000000000000000000011111100000000000000000000000000000000000000000000000000000000000000000111111111111
000011111111111100000111000000000111111111110000000000000000000000000000000000000000000000000000000000000000001111111111
000111111111111111111111111000111111111111111000000000000000000000000000000000000000000000000001100010000000000001111111
011111111111111111111111111111111111111111111000000000000000000000001000000011001111111110011111111111100000000000011111
111111111111111111111111111111111111111111111000000000000000000000001000000011111111111111111111111111110000000000000111
111111111111111111111111111111111111111111111000000000000000000000001100000011111111111111111111111111111111111111111000
111111111111111111111111111111111111111111111110000000000000000000011110011111111111111111111111111111111111111111111111
111111111111111111111111111111111111111111111100000000000000000000011111111111111111111111111111111111111111111111111111
111111111111111111111111111111111111111111100000000000000000000000001111111111111111111111111111111111111111111111111111
111111111111111111111111111111111111111111110000000000000000000000000111111111111111111111111111111111111111111111111111
111111111111111111111111111111111111111111110000000000000000000000000111111111111111111111111111111111111111111111111111
111111111111111111111111111111111111111111100000000000000000000000001111111111111111111111111111111111111111111111111111
111111111111111111111111111111111111111111000000000000000000000000000111111111111111111111111111111111111111111111111111
