000000000000000000000000000000000000000000000000000000000000000000000000000000000000000000000000000000000000000000000000
000000000000000000000000000000000000000000000000000000000000000000000000000000000000000000000000000000000000000000000000
000000000000000000000000000000000000000000000000000000000000000000000000000000000000000000000000000000000000000000000000
000000000000000000000000000000000000000000000000000000000000000000000000000000000000000000000000000000000000000000000000
000000000000000000000000000000000000000000000000000000000000000000000000000000000000000000000000000000000000000000000000
000000000000000000000000000000000000000000000000000000000000000000000000000000000000000000000000000000000000000000000000
000000000000000000000000000000000000000000000000000000000000000000000000000000000000000000000000000000000000000000000000
000000010000000000000000000000000000000000000000000000000011111111111100000000000000000000000000000000000000000000000000
000000111111110000000000000000000000000000000000000000011111111111111111100000000000000000000000000000000000000000000000
000000011111111111100000000000000000000000000000000001111111111111111111110000000000000000000000000000000000000000000000
000000111111111111111110000000000000000000000000000111111111111111111111111000000000000000000000000000000000000000000000
000001111111111111111111111100000000000000000000001111111111111111111111111100000000000000000000000000000000000000000000
000011111111111111000000000111111100000000000001111111111111111111111111111000000000000000000000000000000000000000000000
000011111111111110000000000000000111111100000000000011111111111111111111000000000000000000000000000000000000000000000000
000111111111111100000000000000000000000111111100000111111111111111111110000000000000000000000000000000000000000000000000
001111111111111100000000000000000000000000000111111111111111111111111000000000000000000000000000000000000000000000000000
001111111111111000000000000000000000000000000000000111111111111111100000000000000000000000000000000000000000000000000000
001111111111110000000000000000000000000000000000000001111111111111111111000000000000000000000000000000000000000000000000
011111111111110000000000000000000000000000000000000000001111111111111111111000000000000000000000000000000000000000000000
011111111111100000000000000000000000000000000000000000001111111111111111111111111110000000000000000000000000000000000000
011111111111100000000000000000000000000000000000000000011111111111111111110000000011111111111111100000000000000000000000
011111111111100000000000000000000000000000000000000000011111111111111111111000000000000000111111111110000000000000000000
011111111111000000000000000000000000000000000000000000111111111111111111111100000000000000111111111111111111111000000000
011111111111000000000000000000000000000000000000000001111111111111111111111110000000000011111111110000000011111111111111
011111111111000000000000000000000000000000000000000011111001111111111111111110011111111111111110000000000000000000111111
011111111111000000000000000000000000000000000000000011111101111111111111111111111111111111110000000000000000000000000000
011111111111000000000000000000000000000000000000000001111111111111111111111111111111110000000000000000000000000000000000
001111111111000000000000000000000000000000000000000000011111111111111111110011100000000000000000000000000000000000000000
001111111111100000000000000000000000000000000000000000000011111111111111110000000000000000000000000000000000000000000000
000111111111100000000000000000000000000000000000000000000001111111111111110000000000000000000000000000000000000000000000
000111111111110000000000000000000000000000000000000000000001111111111111111100000000000000000000000000000000000000000000
000011111111110000000000000000000000000000000000000000000111111111111111111100000000000000000000000000000000000000000000
000001111111111000000000000000000000000000000000000000011111111111111111111110000000000000000000000000000000000000000000
000000111111111100000000000000000000000000000000000001111111111111111111111111100000000000000000000000000000000000000000
000000011111111100000000000000000000000000000000000111111111111111111111111111110000000000000000000000000000000000000000
000000001111111110000000000000000000000000000000111111111111111111111111111111111100000000000000000000000000000000000000
000000001111111110000000000000000000000000000011111111111111111111111111111111111110000000000000000000000000000000000000
000000001111111100000000000000000000000000011111111111111111111111111111111111111000000000000000000000000000000000000000
000000001111111000000000000000000000000011111111111111111111111111111111111111111100000000000000000000000000000000000000
000000001111110000000000000000000000011111111111111111111111111111111111111111111110000000000000000000000000000000000000
