111111111111111111111111111111111111111111111111111111111111111111111111111111111111111111111111111111111111111111111111
111111111111111111111111111111111111111111111111111110000000000000001111111111111111111111111111111111111111111111111111
111111111111111111111111111111111111111111111111110000000000000000000000001111111111111111111111111111111111111111111111
111111111111111111111111111111111111111111111111100000000000000000000000000011111111111111111111111111111111111111111111
111111111111111111111111111111111111111111111111000000000000000000000000000001111111111111111111111111111111111111111111
111111111111111111111111111111111111111111111111000000000000000000000000000000111111111111111111111111111111111111111111
111111111111111111111111111111111111111111111111000000000000000000000000000000000000011111111111111111111111111111111111
111111111111111111111111111111111111111111100000000000000000000000000000000000000000001111111111111111111111111111111111
111111111111111111111111111111111111111111000000000000000000000000000000000000000000001111111111111111111111111111111111
111111111111111111111111111111111111111111100000000000000000000000000000000000000000000111111111111111111111111111111111
111111111111111111111111111111111111111111110000000000000000000000000000000000000000000111111111111111111111111111111111
111111111111111111111111111111111111111111111100000000000000000000000000000000000000000111111111111111111111111111111111
111111111111111111111111111111111111111111111100000000000000000000000000000010000000011111111111111111110111111111111111
111111111111111111111111111111111111111111111111000000000000000000000000000110000000011111111111111100000000011111111111
111111111110000000011111111111111111111111111111100000000000000000000000001110000000001111111111000000001110000001111111
111111100000011000000001111111111111111111111111111000000000000000000000101110000000001111111000000000111111000000000000
100000000001111110000000000111111111111111111111111111100000000000100111111110000000000110000011110000001111000000000000
000000000000111000000111110000001111111111011111111111100000000011111111111000000000000000001111110000000111000000011000
000110000000110000000111111000010000000000000111110000000000000000001111100000000000001110000011111000000111110000001100
001100000011110000001111100000111111100001100000000000000000000000000001000111000000011110000001111100000111111000001110
011100000111110000011111000000011110000000110000000000000000000000000000001110000000111110000001111111000011111110000111
111000011111110000111111000000111110000000100000000000000000000000000000000000000000111111000001111111100011111111100111
111001111111110011111111000001111110000000000000000000000000000000000000000000000000111111100001111111111011111111111111
111111111111110111111111000011111110000010000000000000000000000000000000000001100000111111110001111111111111111111111111
111111111111111111111111000111111110000110000000000000000000000000000000000000110000111111111001111111111111111111111111
111111111111111111111111001111111110001110000000000000000000000000000000000001111000111111111101111111111111111111111111
111111111111111111111111111111111111011110000000000000000000000000000000000000111100111111111111111111111111111111111111
111111111111111111111111111111111111111100000000000000000000000000000000000000111111111111111111111111111111111111111111
111111111111111111111111111111111111111100000000000000000000000000000000000000011111111111111111111111111111111111111111
111111111111111111111111111111111111111000000000000000000000000000000000000000001111111111111111111111111111111111111111
111111111111111111111111111111111111111000000000000000000000000000000000000000001111111111111111111111111111111111111111
111111111111111111111111111111111111110000000111000000000000000000000000110000000111111111111111111111111111111111111111
111111111111111110111111111111111110000000001111000000000000000000000000110000000000011111111111111100011111111111111111
111111001111111110000111111111100000000000011111000000000000000000000000111100000000000001111111110000111111111001111111
111111000011000000000001111100000000000000111110000000000000000000000000011110000000000000001111000000000000000000111111
111111100000000000000000000000000000000111111110000000000000000000000000011111111000000000000000000000000000000001111111
111111110000000000000000000000000001111111111110000000000000000000000000011111111111100000000000000000000000000011111111
111111111111000010000000000000011111111111111100000000000000000000000000001111111111111110000000000000000000000111111111
111111111111111111111111111111111111111111111000000000000000000000000000000111111111111111111100011111111111111111111111
111111111111111111111111111111111111111111110000000000000000000000000000000011111111111111111111111111111111111111111111
