000000000000000000000000000000001111111111111111111111111111111111111111111111111111111111111110000000000000000000000000
000000000000000000000000000111111111111111111111111111111111111111111111111111111111111111111111000000000000000000000000
000000000000000000000001111111111111111111111111111111111111111111111111111111111111111111111111100000000000000000000000
000000000000000000011111111111111111111111111111111111111111111111111111111111111111111111111111110000000000000000000000
000000000000000111111111111111111111111111111111111111111111111111111111111111111111111111111111111100000000000000000000
000000000001111111111111111111111111111111111111111111111111111111111111111111111111111111111111111110000000000000000000
000000011111111111111111111111111111111111111111111111111111111111111111111111111111111111111111111111000000000000000000
000111111111111111111111111111111111111111111111111111111111111111111111111111111111111111111111111111000000000000000000
001111111111111111111111111111111111111111111111111111111111111111111111111111111111111111111111111111100000000000000000
011111111111111111111111111111111111111111000011111111111111111111111111111111111111111111111111111001000000000000000000
001111111111111111111111111111111111111000111111111111111111111111111111111111111111111111111111110000000000000000000000
001111111111111111111111111111111111111111111111111111111111111111111111111111111111111111111111110000000000000000000000
000111111111111111111111111111111111111111111111111111111111111111111111111111111111111111111111110000000000000000000000
000011111111111111111111111111111111111111111111111111111111111111111111111111111111111111111111111000000000000000000000
000001111111111111111111111111111111111111111111111111111110111111111111111111111111111111111111111000000000000000000000
000000011111111111111111111111111111111111111111111111111100000001101111111111111111111111111111110000000000000000000000
000000000111111111111111111111111111111111111111111111111100000000000111111111111111111111111111110000000000000000000000
000000000011111111111111111111111111111111111111111111110000000000000111111111111111111111111111110000000000000000000000
000000000001111111111111111111111111111111111111111111000000000000001111111111111111111111111111100000000000000000000000
000000000000111111111111111111111111111111111111111100000000000000001111111111111111111111111111000000000000000000000000
000000000000111111111111111111111111111111111111111000000000000000011111111111111111111111111111000000000000000000000000
000000000000111111111111111111111111111111111111111000000000000000111111111111111111111111111110000000000000000000000000
000000000000111111111111111111111111111111111111110000000000000001111111111111111111111111111000000000000000000000000000
000000000000011111111111111111111111111111111111110000000000000011111111111111111111111111110000000000000010000000000000
000000000000011111111111111111111111111111111111110000000000000111111111111111111111111111000000000000001100000000000000
000000000000011111111111111111111111111111111111111000000000000111111111111111111111111100000000000000110000000000000000
000000000000001111111111111111111111111111111111111000000000000011111111111111111111100000000000000011000000000000000000
000000000000001111111111111111111111111111111111111110000000000000111111111111111100000000000000001100000000000000000000
000000000000000111111111111111111111111111111111111111000000000000000000000000000000000000000001110000000000000000000000
000000000000000111111111111111111111111111111111111111110000000000000000000000000000000000001111000000000000000000000000
000000000000000011111111111111111111111111111111111111111110000000000000000000000000000001111000000000000000000000000000
000000000000000001111111111111111111111111111111111111111111111100000000000000000000011111111111111111000000000000000000
000000000000000001111111111111111111111111111111111111111111111111111111100000111111111111111111111111110000000000000000
000000000000000000111111111111111111111111111111111111111111111111111111111111111111111111111111111111110000000000000000
000000000000000000011111111111111111111111111111111111111111111111111111111111111111111111111111111111110000000000000000
000000000000000000001111111111111111111111111111111111111111111111111111111111111111111111111111111111100000000000000001
000000000000000000000111111111111111111111111111111111111111111111111111111111111111111111111111111111111110000000000111
000000000000000000000001111111111111111111111111111111111111111111111111111111111111111111111111111111111111111110011111
000000000000000000000000111111111111111111111111111111111111111111111111111111111111111111111110000000000111111111111111
000000000000000000000000011111111111111111111111111111111111111111111111111111111111111111110000000000000000000000111111
