000000000000000000000000000000000000111111111111111111110000000000000000000000000000000000000000001111111111111111111111
000000000000000000000000000000000001111111111111111110000000000000000000000000000000000000000000000001111111111111111111
000000000000000000000000000000000000001111111111111110000000000000000000000000000000000000000000000000000111111111111111
000000000000000000000000000000000000000011111111111110000000000000000000000000000000000000000000000000000000011111111111
000000000000000000000000000000000000000000111111111111000000000000000000000000000000000000000000000000000000000000111111
000000000000000000000000000000000000000000011111111111100000000000000000000000000000000000000000000000000000000000000001
000000000000000000000000000000000000000000111111111111100000000000000000000000000000000000000000000000000000000000000001
000000000000000000000000000000000000000011111111111111110000000000000000000000000000000000000000000000000000000000000001
000000000000000000000000000000000000001111111111111111111000000000000000000000000000000000000000000000000000000000000001
000000000000000000000000000000000000001111111111111111111100000000000000000000000000000000000000000000000000000000000011
000000000000000000000000000000000000000111111111111111111110000000000000000000000000000000000000000000000000000000000111
000000000000000000000000000000000000000011111111111111111111000000000000000000000000000000000000000000000000000000001111
000000000000000000000000000000000000000001111111111111111111110000000000000000010000000000000000000000000000000000011111
000000000000000000000000000000000000000000111111111111111111111100000000000000111000000000000000000000000000000001111111
100000000000000000000000011100000000000000111111111111111111111111110000000011111000000000000000000000000000000111111111
110001111111100000000000111111111111111111111111111111111111111111111111111111111000000000000000000000000011111111111111
111111111111111100000011111111111111111111111111111111111111111111111111111111111111111000000000111111111111111111111111
111111111111111111111111111111111111111111111111111111111111111111111111111111111111111111111111111111111111111111111111
111111111111111111111111111111111111111111111111111111111111111111111111111111111111111111111111111111111111111111111111
111111111111111111111111111111111111111111111111111111111111111111111111111111111111111111110000111111111111111111111111
111111000001111111111111111111111111111111111100000111111111111111111111111111111111111111000000000111111111111111111111
111110000000011111111111111111111111110000000000001111111111111111100000000001111111111100000000000000011111100000111111
111100000000000111111111111111111000000000000000001111111111111111100000000000000000011000000000000000000000000000000111
111000000000000000111111111110000000000000000000011111111111111111100000000000000000000000000000000000000000000000000011
111000000000000000001111110000000000000000000000111111111111111111110011111111000000000000000000000000000000000000000011
111000000000000000000110000000000000000000000001111111111111111111111111111111110000000000000000000000000000000000000000
111100000000000000000000000000000000000000000011111111111111111111111111111111111000000000000000000000000000111111110000
111110000000000000000000000000000000000000000111111111111111111111111111111111111110000000000000000000000001111111111110
111111100000000000000000000000000000000000001111111111111111111111111111111111111111000000000000001110000111111111111111
000000000000000000000000000000000000000000011111111111111111111111111111111111111111100000000000000111111111111111111111
000000000000000000000000000000000000000011111111111111111111111111111111111111111111111100000000000011111111111111111111
000000000000000000000000000000000000001111111111111111111111111111000111111111111111111111110000000011111111111111111111
000000000000000000000000000000000000000111111111111111111111111110000000111111111111111111111100000111111111111111111111
000000000000000000000000000000000000000000011111111111111111111111000000000111111111111111111110000111111111111111000000
111100000000000000000000000000000000000000000011111111111111111111110001110010111111111111111111000111111111111110000000
111110000000000000000000000000000000000000000000111111111111111111111100111111111111111111111111111111111111000000000000
111000000000000000000000000000000000000000000000001111111111111111111111111111111111111111111111111111111111110000000000
100000000000000000000000000000000000000000000000000011111111111111111111111111111111111111111111111111111111111000000000
000001111111000000000000011100000000000000000000000000111111111111111111111111111111111111111111111111111111110000000001
001111111111000000000000001111100000000000000000000000001111111111111111111111111111111111111111111111111111111000000001
