000000000000000000000000000000000000000000000000000000000000000000000000000000000000000000000000000000000000000000000000
000000000000000000000000000000000000000000000000000000000000000000000000000000000000000000000000000000000000000000000000
000000000000000000000000000000000000000000000000000000000000000000000000000000000000000000000000000000000000000000000000
000000000000000000000000000000000000000000000000000000000000000000000000000000000000000000011111111111100000000011100000
000000000000000000000000000000000000000000000000000000000000000000000000000000000000000001111111111111111111111111100000
000000000000000000000000000000000000000000000000000000000000000000000000000000000000000011111111111111111111111111111000
000000000000000000000000000000000000000000000000000000000000000000000000000000000000000111111111111111111111111111100000
000000000000000000000000000000000000000000000000000000000000000000000000000000000011111111111111111111111111111111000000
000000000000000000000000000000000000000000000000000000000000000000000000000000000000111111111111111111111111111111111000
000000000000000000000000000000000000000000000000000000000000000000000000000000000001111111111111111111111111111000000000
111000000000000000000000000000000000000000000000000000000000000000000000000000000001111111111111111111111111111000000000
110000000000000000000000000000000000000000000000000000000000000000000000000000000001111111111111111111111111110000000000
111000000000000000000000000000000000000000000000000000000000000000000000000000000111111111111111111111111111100000000000
111111111111100000000000000000000000000000000000000000000000000000000000000000000111111111111111111111111110000000000000
111111111111111111111111111111111111111111111111111000000000000000000000000000001111111111111111111111111111111000000000
111111111111111111111111111111111111111111111111111111111100000000000000000000001111111111111111111111111111111100000000
111111111111111111111111111100000000000000000111111111111111111000000000000000001111111111111111111111111111111100000000
111111111111111110000000000000000000000000000000000001111111111111110000000000011111111111111111111111111111111000000000
111111111111111100000000000000000000000000000000000000000001111111111111000001111111111111111111111111111111100000000000
111111111111111000000000000000000000000000000000000000000000000011111111111111111111111111111111111111111111111000000000
111111111111111000000000000000000000000000000000000000000000000000000111111111111111111111111111111111111111111100000000
111111111111110000000000000000000000000000000000000000000000000000000000011111111111111111111111111111111111111100000000
111111111111110000000000000000000000000000000000000000000000000000000000000111111111111111111111111111111111111100000000
111111111111110000000000000000000000000000000000000000000000000000000000001111111111111111111111111111111111111111000000
111111111111100000000000000000000000000000000000000000000000000000000000011111111111111111111111111110000111111111100000
111111111111100000000000000000000000000000000000000000000000000000000000111111111111111111111111111100000001111111110000
111111111111100000000000000000000000000000000000000000000000000000000001111111111111111111111111111000000001111111111000
111111111111100000000000000000000000000000000000000000000000000000000001111111111111111111111111111111111111111111111100
111111111111000000000000000000000000000000000000000000000000000000000001111111111111111111111111111111111111111111111100
111111111111000000000000000000000000000000000000000000000000000000000000000000111111111111111111111111111111111111100000
111111111111000000000000000000000000000000000000000000000000000000000000000001111111111111111111111111111111000000000000
111111111111000000000000000000000000000000000000000000000000000000000000000111111111111111111111111000111111000000000000
111111111110000000000000000000000000000000000000000000000000000000000000001111111111111111111111111000011111100000000000
111111111110000000000000000000000000000000000000000000000000000000000000111111111111111111111111111100000111110000000000
111111111111000000000000000000000000000000000000000000000000000000000000111111111111111111111111111100000011111100000000
111111111111000000000000000000000000000000000000000000000000000000000001111111111111111111111111111110000000111110000000
111111111111000000000000000000000000000000000000000000000000000000000011111111111111111111111111111110000000011111000000
111111111111000000000000000000000000000000000000000000000000000000000111111111111111111111111111111111000000001111000000
011111111111100000000000000000000000000000000000000000000000000000001111111111111111111111111111111111000000001111100000
001111111111100000000000000000000000000000000000000000000000000000111111111111111111111111111111111111100000000111110000
