000000000000000000000000000000000000000000000000000000000000000000000000000000000000000000000000011111111111111111111111
000000000000000000000000000000000000000000000000000000000000000000000000000000000000000000111111111111111111111111111111
000000000000000000000000000000000000000000000000000000000000000000000000000000000000000111111111111111111111111111111111
000000000000000000000000000000000000000000000000000000000000000000000000000000000000111111111111111111111111111111111111
000000000000000000000000000000000000000000000000000000000000000000000000000000000011111111111111111111111111111111111111
000000000000000000000000000000000000000000000000000000000000000000000000000000000011111111111111111111111111111111111111
000000000000000000000000000000000000000000000000000000000000000000000000000000000000111111111111111111111111111111111111
000000000000000000000000000000000000000000000000000000000000000000000000000000000000000000000000000011111111111111111111
000000000000000000000000000000000000000000000000000000000000000000000000000000000000000000000000000001111111111111111111
000000000000000000000000000000000000000000000000000000000000000000000000000000000000000000000000000000111111111111111111
000000000000000000000000000000000000000000000000000000000000000000000000000000000000000000000000000000111111111111111111
000000000000000000000000000000000000000000000000000000000000000000000000000000000000000000000000000001111111111111111111
000000000000000000000000000000000000000000000000000000000000000000000000000000000000000000000111111111111111111111111111
000000000000000000000000000000000000000000000000000000000000000000001111110000000000000000011111111111111111111111111111
000000000000000000000000000000000000000000000000000000000000000011111111111110000000000001111111111111111111111111111111
000000000000000000000000000000000000000000000000000000000000011111111111111111110000001111111111111111111111111111111111
000000000000000000000000000000000000000000000000000000000000111111100110011111111111111111111111111111111111111111111111
000000000000000000000000000000000000000000000000000000000000111100111000000111111111111111111111111111111111111111111111
000000000000000000000000000000000000000000000000000000000000000101111100000011111111111111001111011111111111111111111111
000000000000000000000000000000000000000000000000000000000000000001111100000000011111000000000000000000011111111111111111
000000000000000000000000000000000000000000000000000000000000000000111100000000000000000000000000000000001111111111111111
000000000000000000000000000000000000000000000000000000000000000000111110000000000000000000000000000000001111111111111111
000000000000000000000000000000000000000000000000000000000000000000000000000000000000000000000000000000000111111111111111
000000000000000000000000000000000000000000000000000000000000000000000000000000000000000000000000000000000011111111111111
000000000000000000000000000000000000000000000000000000000000000000000000000000000000000000000000000000000001111111111111
000000000000000000000000000000000000000000000000000000000000000000000000000000000000000000000000000000000001111111111111
000000000000000000000000000000000000000000000000000000000000000000000000000000000000000000000000000000000000111111111111
000000000000000000000000000000000000000000000000000000000000000000000000000000000000000000000000000000000000011111111111
000000000000000000000000000000000000000000000000000000000000000000000000000000000000000000000000000000000000011111111111
000000000000000000000000000000000000000000000000000000000000000000000000000000000000000000000000000000000001111111111111
000000000000000000000000000000000000000000000000000000000000000000000000000000000000000000000000000000000011111111111111
000000000000000000000000000000000000000000000000000000000000000000000000000000000000000000000000000000000011111111111111
000000000000000000000000000000000000000000000000000000000000000000000000000000000000000000000000000000000011111111111111
000000000000000000000000000000000000000000000000000000000000000000000000000000000000000000000000000000001111111111111111
000000000000000000000000000000000000000000000000000000000000000000000000000000000000000111111110000001111111111111111111
000000000000000000000000000000000000000000000000000000000000000000000000000000000000000011111111111111111111111111111111
000000000000000000000000000000000000000000000000000000000000000000000000000000000000000001111111111111111111111111111111
000000000000000000000000000000000000000000000000000000000000000000000000000000000000000000111111111111111111111111111111
000000000000000000000000000000000000000000000000000000000000000000000000000000000000000000111111111111111111111111111111
000000000000000000000000000000000000000000000000000000000000000000000000000000000000000000011111111111111111111111111111
