000000000000000000000000000000000000000000000000000000000000000000000000000000000000000000000000000000000000000000000000
000000000000000000000000000000000000000000000000000000000000000000000000000000000000000000000000000000000000000000000000
000000000000000000000000000000000000000000000000000000000000000000000000000000000000000000000000000000000000000000000000
000000000000000000000000000000000000000000000000000000000000000000000000000000000000000000000000000000000000000000000000
000000000000000000000000000000000000000000000000000000000000000000000000000000000000000000000000000000000000000000000000
000000000000000000000000000000000000000000000000000000011111111000000000000000000000000000000000000000000000000000000000
000000000000000000000000000000000000000000000000000111111111111111111110000000000000000000000000000000000000000000000000
000000000000000000000000000000000000000000000000011111111111111111111000000000000000000000000000000000000000000000000000
000000000000000000000000000000000000000000000000111111111111111111110000000000000000000000000000000000000000000000000000
000000000000000000000000000000000000000000000000011111111111111111111100000000000000000000000000000000000000000000000000
000000000000000000000000000000000000000000000000111111111111111111111100000000000000000000000000000000000000000000000000
000000000000000000000000000000000000000000000001111111111111111111110000000000000000000000000000000000000000000000000000
000000000000000000000000000000000000000000000111111111111111111111111000000000000000000000000000000000000000000000000000
000000000000000000000000000000000000000000000000111111111111111111110000000000000000000000000000000000000000000000000000
000000000000000000000000000000001111111111100011111111111111111111100000000000000000000000000000000000000000000000000000
100000000000000000000000111111111111111111111111111111111111111111000000000000000000000000000000000000000000000000000000
100000000000000011111111111110000000000000000011111111111111111110000000000000000000000000000000000000000000000000000000
111111111111111111111111000000000000000000000000001111111111111111110000000000000000000000000000000000000000000000000000
111111111111111111110000000000000000000000000000000001111111111111111111111000000000000000000000000000000000000000000000
111111111111110000000000000000000000000000000000000001111111111111111111111111100000000000000000000000000000000000000000
111111111111110000000000000000000000000000000000000000111111111111111111111111111100000000000000000000000000000000000000
111111111111110000000000000000000000000000000000000000111111111111111111111111111111110100000000000000000000000000000000
111111111111110000000000000000000000000000000000000000011111111111111111111111000111111111100000000000000000000000000000
111111111111110000000000000000000000000000000000000000011111111111111111111111000001111111110000000000000000000000000000
111111111111110000000000000000000000000000000000000000011111111111111111111100011111111111111100000000000000000000000000
111111111111110000000000000000000000000000000000000000011111111111111111111111111111111110011111000000000000000000000000
111111111111110000000000000000000000000000000000000000001111111111111111111111111111111000000111110000000000000000000000
111111111111110000000000000000000000000000000000000000001111111111111011111111111111111000000001111100000000000000000000
111111111111110000000000000000000000000000000000000000001111111111110000000000000000000000000000011111000000000000000000
111111111111110000000000000000000000000000000000000000011111111111110000000000000000000000000000000111110000000000000000
111111111111110000000000000000000000000000000000000000111111111111111000000000000000000000000000000001111000000000000000
011111111111110000000000000000000000000000000000000001111111111111111000000000000000000000000000000000111100000000000000
011111111111110000000000000000000000000000000000000111111111111111111100000000000000000000000000000000011111000000000000
001111111111110000000000000000000000000000000000001111111111111111111100000000000000000000000000000000000111100000000000
001111111111111000000000000000000000000000000000011111111111111111111100000000000000000000000000000000000011111111000000
000111111111111000000000000000000000000000000000111111111111111111111100000000000000000000000000000000000001111111100000
000111111111111000000000000000000000000000000001111111111111111111111100000000000000000000000000000000000000011111110000
000011111111111100000000000000000000000000000001111111111111111111111100000000000000000000000000000000000000000111110000
000001111111111100000000000000000000000000000011111111111111111111111110000000000000000000000000000000000000000000000000
000001111111111110000000000000000000000000000011111111111111111111111110000000000000000000000000000000000000000000000000
