000000000000000000000000000000000000000000000000000000000011111111111111111100000000000000000000000000000000000000000000
000000000000000000000000000000000000000000000000000000000000111111111111111111000000000000000000000000000000000000000000
000000000000000000000000000000000000000000000000000000000000000000000000001111111000000000000000000000000000000000000000
000000000000000000000000000000000000000000000000000000000000000000000000000001111110000000000000000000000000000000000000
000000000000000000000000000000000000000000000000000000000000000000000000000000011111100000000000000000000000000000000000
000000000000000000000000000000000000000000000000000000000000000000000000000000000111111000000000000000000000000000000000
000000000000000000000000000000000000000000000000000000000000000000000000000000000001111110000000000000000000000000000000
000000000000000000000000000000000000000000000000000000000000000000000000000000000000000111111000000000000000000000000000
000000000000000000000000000000000000000000000000000000000000000000000000000000000000000000001111111000000000000000000000
000000000000000000000000000000000000000000000000000000000000000000000000000000000000000000000000000011000000000000000000
000000000000000000000000000000000000000000000000000000000000000000000000000000000000000000000000000000000000000000000000
000000000000000000000000000000000000000000000000000000000000000000000000000000000000000000000000000000000000000000000000
000000000000000000000000000000000000000000000000000000000000000000000000000000000000000000000000000000000000000000000000
000000000000000000000000000000000000000000000000000000000000000000000000000000000000000000000000000000000000000000000000
000000000000000000000000000000000000000000000000000000000000000000000000000000000000000000000000000000000000000000000000
000000000000000111110000000000000000000000000000000000000000000000000111111100000000000000000000000000000000000000000000
000000000000001111110000000000000000000111111111111111111111111111111111111111111000000000000000000000000000000000000000
000000000000001111110000000000111111111111111111000000000000000111111111111111111001100000000000000000000000000000000000
000000000000001111110000000000000000000000000000000000000000000111111111111111110000100000000000000000000000000000000000
000000000000011111110000000000000000000000000000000000000000000001111111111111110000000000000000000000000000000000000000
000000000000111111111100000000000000000000000000000000000000000000011111111111110000000000000000000000000000000000000000
000000000000011111111000000000000000000000000000000000000000000000111111111111100000000000000000000000000000000000000000
000000000000011111110000000000000000000000000000000000000000000000011111111110000000000000000000000000000000000000000000
000000000000011111111000000000000000000000000000000000000000000000011111111100000000000000000000000000000000000000000000
000000000000011111111000000000000000000000000000000000000000000000011111111100000000000000000000000000000000000000000000
000000000000011111111100000000000000000000000000000000000000000000011111111110000000000000000000000000000000000000000000
000000000000111111110110000000000000000000000000000000000000000000111111111110000001111100000000000000000000000000000000
000000000000001100110000000000000000000000000000001111000000000000111111111110111111110000000000000000000000000000000000
000001111111111110000000000000000000000000000000000000001111100011111111111111110000000000000000000000000000000000000000
000000000000000000000000000000000000000000000000000000000011011111111111111100000000000000000000000000000000000000000000
000000000000000000000000000000000000000000000000000000000000011111111111111110000000000000000000000000000000000000000000
000000000000000000000000000000000000000000000000001000000111111111111111111111111110000000000000000000000000000000000000
000000000000000000000000000000000000000000000000001111111111111111111111111111100001111111110000000000000000000000000000
000000000000000000000000000000000000000000000011111100000111111111111111111111111000000000000000000000000000000000000000
000000000000000000000000000000000000000000000000000000011111111111111111111111111110000000000000000000000000000000000000
000000000000000000000000000000000000000000000000000001111111111111111111111111111111100000000000000000000000000000000000
000000000000000000000000000000000000000000000000000111111111111111111111111111111111111000000000000000000000000000000000
000000000000000000000000000000000000000000000000001111111111111111111111111111111111111000000000000000000000000000000000
000000000000000000000000000000000000000000000000011110111111111111111111111111111111110000000000000000000000000000000000
000000000000000000000000000000000000000000000001111000000011111111111111111111111111000000000000000000000000000000000000
