111111111111111111111111111111111111111111111111111111111111111111111111111111111111111111111111111111111111111111111111
111111111111111111111111111111111111111111111111111111111111111111111111111111111111111111111111111111111111111111111111
111111111111111111111111111111111111111111111111111111111111111111111111111111111111111111111111111111111111111111111111
111111111111111111111111111111111111111111111111111111111111111111111111111111111111111111111111111111111111111111111111
111111111111111111111111111111111111111111111111111111111111111111111111111111111111111111111111111111111111111111111111
111111111111111111111111111111111111111111111111111111111111111111111111111111111111111111111111111111111111111111111111
111111111111111111111111111111111111111111111111111111111111111111111111111111111111111111111111111111111111111111111111
111111111111111111111111111111111111111111111111111111111111111111111111111111111111111111111111111111111111111111111111
111111111111111111111111111111111111111111111111111111111111111111111111111111111111111111111111111111111111111111111111
111111111111111111111111111111111111111111111111110001111111111111111111111111111111111111111111111111111111111111111111
111111111111111111111111111111111111111111111111111001111111111111111111111111111111111111111111111111111111111111111111
111111111111111111111111111111111111111111111111111100111111111111111000011111111111111111111111111111111111111111111111
111111111111111111111111111111111111111111111111111100111111111110000000000011111111111111111111111111111111111111111111
111111111111111111111111111111111111111111111111111110011111111100000000000001111111111111111111111111111111111111111111
111111111111111111111111111111111111111111111111111111001111111100000000000001111111111111111111111111111111111111111111
111111111111111111111111111111111111111111111111111111001111111110000000000001111111111111111111111111111111111111111111
111111111111111111111111111111111111111111111111111111000001111111100000000000111111111111111111111111111111111111111111
111111111111111111111111111111111111111111111111111111100000000100000000000000111111111111111111111111111111111111111111
111111111111111111111111111111111111111111111111111111110000000000000000000000111111111111111111111111111111111111111111
111111111111111111111111111111111111111111111111111111110000000000000000000000111111111111111111111111111111111111111111
111111111111111111111111111111111111111111111111111111110000000010000000000000111111111111111111111111111111111111111111
111111111111111111111111111111111111111111111111111111110000001110000000000001111111111111111111111111111111111111111111
111111111111111111111111111111111111111111111111111111110000011111000000000011111111111111111111111111111111111111111111
111111111111111111111111111111111111111111111111111111111110111111000000000011111111111111111111111111111111111111111111
111111111111111111111111111111111111111111111111111111111110000000000000000001111111111111111111111111111111111111111111
111111111111111111111111111111111111111111111111111111111110000000000000000001111111111111111111111111111111111111111111
111111111111111111111111111111111111111111111111111111111111000100000000000001111111111111111111111111111111111111111111
111111111111111111111111111111111111111111111111111111111111100100000000000001111111111111111111111111111111111111111111
111111111111111111111111111111111111111111111111111111111111100100000000000001111111111111111111111111111111111111111111
111111111111111111111111111111111111111111111111111111111111110000000000000001111111111111111111111111111111111111111111
111111111111111111111111111111111111111111111111111111111111111000000000000001111111111111111111111111111111111111111111
111111111111111111111111111111111111111111111111111111111111111000000000000000111111111111111111111111111111111111111111
111111111111111111111111111111111111111111111111111111111111110000000000000000111111111111111111111111111111111111111111
111111111111111111111111111111111111111111111111111111111111110000000000000000111111111111111111111111111111111111111111
111111111111111111111111111111111111111111111111111111111111110000000000000000111111111111111111111111111111111111111111
111111111111111111111111111111111111111111111111111111111001110000000000000000111111111111111111111111111111111111111111
111111111111111111111111111111111111111111111111111111111110000000000000000000111111111111111111111111111111111111111111
111111111111111111111111111111111111111111111111111111111110001000000000000000111111111111111111111111111111111111111111
111111111111111111111111111111111111111111111111111111111111100000000000000001111111111111111111111111111111111111111111
111111111111111111111111111111111111111111111111111111111111110000000000000011111111111111111111111111111111111111111111
