000000000000000000000000000000000000001111111111110000000000000000000000000000000000000000000000000011111111111111111111
000000000000000000000000000000000000011111111111110000000000000000000000000000000000000000000000000000000011111111111111
000000000000000000000000000000000000000111111111111000000000000000000000000000000000000000000000000000000000000001111111
000000000000000000000000000000000000000001111111111000000000000000000000000000000000000000000000000000000000000000000000
000000000000000000000000000000000000000000011111111100000000000000000000000000000000000000000000000000000000000000000000
000000000000000000000000000000000000000000001111111100000000000000000000000000000000000000000000000000000000000000000000
000000000000000000000000000000000000000000011111111110000000000000000000000000000000000000000000000000000000000000000000
000000000000000000000000000000000000000000111111111111000000000000000000000000000000000000000000000000000000000000000000
000000000000000000000000000000000000000001111111111111100000000000000000000000000000000000000000000000000000000000000000
000000000000000000000000000000000000000001111111111111100000000000000000000000000000000000000000000000000000000000000000
000000000000000000000000000000000000000000111111111111110000000000000000000000000000000000000000000000000000000000000001
000000000000000000000000000000000000000000011111111111111000000000000000000000000000000000000000000000000000000000000001
000000000000000000000000000000000000000000001111111111111100000000000000000000000000000000000000000000000000000000000011
000000000000000000000000000000000000000000001111111111111110000000000000000000000000000000000000000000000000000000000111
000000000000000000000000000000000000000000000111111111111111100000000000000000110000000000000000000000000000000000000111
000000000000000000000000000100000000000000000111111111111111111111000000000011110000000000000000000000000000000000011111
111111111111110000000000111111111111111111111111111111111111111111111111111111111100000000000000000000011111111111111111
111111111111111111111111111111111111111111111111111111111111111111111111111111111111111111111111111111111111111111111111
111111111111111111111111111111111111111111111111111111111111111111111111111111111111111111111111111111111111111111111111
111111101111111111111111111111111111111111111111111111111111111111111111111111111111111111100000011111111111111111111111
111100000000111111111111111111111111111111000000000011111111111111111111111111111111111100000000000000111111110000111111
110000000000000111111111111111111100000000000000000111111111111111111111111000000000000000000000000011111100000000000001
100000000000000000011111111110000000000000000000000111111111111111111111111100000000000000000000011111111111100000000001
100000000000000000000111100000000000000000000000000111111111111111111111111110000000000000001111111111111111111100000001
100000000000000000000000000000000000000000000000001111111111111111111111111111000000011111111111111111111111111110000000
110000000000000000000000000000000000000000000000001111111111111111111111111111100000000111111111111111111111111111000000
111000000000000000000000000000000000000000000000011111111111111111111111111111111000000111111111111111111111111111000000
111100000000000000000000000000000000000000000000011111111111111111111111111111111110000111111111111111111111111111000000
000000000000000000000000000000000000000000000000111111111111111111111111111111111111101111111111111110000000000000000000
000000000000000000000000000000000000000000000001111111111111111111110111111111111111100111111111111100000000000000000000
000000000000000000000000000000000000000000000011111111111111111111100001111111111111111111111111100000000000000000000000
000000000000000000000000000000000000000000001111111111111111111111111111111111111111111111111111100000000000000000000000
000000000000000000000000000000000000000000000011111111111111111111111111111111111111111111111111110000000000000000000000
000000000000000000000000000000000000000000000000011111111111111111111111111111111111111111111111100000000000000000000000
100000000000000000000000000000000000000000000000000111111111111111111111111111111111111111111111000000000000000000000000
111000000000000000000000000000000000000000000000000001111111111111111111111111111111111111111111100000000000000000000000
110000000000000000000000000000000000000000000000000000111111111111111111111111111111111111111111110000000000000000000000
000000000000000000000000000000000000000000000000000000001111111111111111111111111111111111111111111000000000000000000000
000000000000000000000000000000000000000000000000000000000111111111111111111111111111111111111111111000000000000000000000
000111111110000000000000001111000000000000000000000000000001111111111111111111111111111111111111111000000000000000000000
