000000000000000000000000000000000000000000000000000000000000000000000000000000000000000000000000000011111111111111111111
000000000000000000000000000000000000000000000000000000000000000000000000000000000000000000000000000000011111111111111111
000000000000000000000000000000000000000000000000000000000000000000000000000000000000000000000000000000000000111111111111
000000000000000000000000000000000000000000000000000000000000000000000001000000000000000000000000000000000000000000000000
000000000000000000000000000000000000000000000000000000000000000000000011000000000000000000000000000000000000000000000000
000000110000000000000000000000000000000000000000000000000000111000001111000000000000000000000000000000000000000000000011
000000000000000000000000000000000000000000000000000000001111111111101110000000000000000000000000000000000000000000001111
000000000000000000000000000000000000000000000000000000011111111111111100000000000000000000000000000000000000000000111110
000000000000000000000000000000000000000000000000000000111111111111111100000000000000000000000000000000000000000111110000
000000000000000000000000000000000000000000000000000001111111111111111110000000000000000000000000000000000000111100000000
000000000000000000000000000000000000000000000000000011111111111111111110000000000000000000000000000000001111100000000000
000000000000000000000000000000000000000000000000000001111111111111110000000000000000000000000011110001111100000000000000
000000000000000000000000000000000000000000000000000000110111111111100001110000000000000111111111111111100000000000000000
000000000000000000000000000000000000000000000000000000011111111111111111111111111111111111111111111110000000000000000000
000000000000000000000000000000000000000000000000000011111111111111111111111111111111111111111111111000000000000000000000
000000000000111000000000000000000000000000000000011111111111111111111111111111000000001111111111000000000000000000000000
000000000001111110000000000000000000000000000001111111111111111111100000000000000001111111000000000000000000000000000000
000000000011111110000000000000000000000000000001111111111111111111100000000000011111110000000000000000000000000000000000
000000000011111100000000000000000000000000000011111111111111111111100000000011111110000000000000000000000000000000000000
000000000011111110000000000000011100000000001111111000111111111111100000111111100000000000000000000000000000000000000000
000000000011111110000000000000000011100000011111000001111111111111000111111100000000000000000000000000000000000000000000
000000000111111111110000000000000000011100011111000111111111111111111111000000000000000000000000000000000000000000000000
000000001111111111110000000000000000000011111110000001111111111111110000000000000000000000000000000000000000000000000000
000000000001111111000000000000000000000000011111000111111111111110000000000000000000000000000000000000000000000000000000
000000000001111111000000000000000000000000011111111111111111111100000000000000000000000000000000000000000000000000000000
000000000011111111100000000000000000000000111100111111111111111110000000000000000000000000000000000000000000000000000000
000000000011111111100000000000000000000000111111111111111111111111000000000000000000000000000000000000000000000000000000
000000000011111111100000000000000000000111111111111111111111111111000000000000000000000000000000000000000000000000000000
000000000111111110110000000000000011111111100111111111111111111111100000000000000000000000000000000000000000000000000000
000000000001101110000000000000111111111000000111111111111111111111111000000000000000000000000000000000000000000000000000
011111111111111110000000011111111100000000001111111111111111111111111111100000000000000000000000000000000000000000000000
111000000001100000001111111110000000000000011111111111111111111111111101111110000000000000000000000000000000000000000000
000000000000011111111111000000000000000000111111111111111111111111111110000111111000000000000000000000000000000000000000
000000001111111111000000000000000000000001111111111111111111111111111111000000011111100000000000000000000000000000000000
000000001111000000000000000000000000000001111111111111111111111111111111100000000000011000000000000000000000000000000000
000000000000000000000001000000000000000011111111111111111111111111111111110000000000000000000000000000000000000000000000
000000000000000000000011000000000000000011111111111111111111111111111111111000000000000000000000000000000000000000000000
000000000000000000000001000000000000000011111111111111111111111111111111110000000000000000000000000000000000000000000000
000000000000000000000000000000000000000001111111111111111111111111111111100000000000000000000000000000000000000000000000
000000000000000000000000000000000000000000001111111111111111111111111110000000000000000000000000000000000000000000000000
