000000000000000000000000000000000000000000000000000000000000000000000000000000000000000000000000000000000000000000000000
000000000000000000000000000000000000000000000000000000000000000000000000000000000000000000000000000000000000000000000000
000000000000000000000000000000000000000000000000000011111100000000000000000000000000000000000000000000000000000000000000
000000000000000000000000000000000000000000001111111111111111111101111000000000000000000000000000000000000000000000000000
000000000000000000000000000000000000000000111111111111111111111111111110000000000000000000000000000000000000000000000000
000000000000000000000000000000000000000001111111111111111111111111111111100000000000000000000000000000000000000000000000
000000000000000000000000000000000000000001111111111111111111111111111111110000000000000000000000000000000000000000000000
000000000000000000000000000000000000000001111111111111111111111111111111110000000000000000000000000000000000000000000000
000000000000000000000000000000000000000001111111111111111111111111111111110000000000000000000000000000000000000000000000
000000000000000000000000000000000000000011111111111111111111111111111000000000000000000000000000000000000000000000000000
000000000000000000000000000000000000001111111111111111111111111111111100000000000000000000000000000000000000000000000000
000000000000000000000000000000000001111111111111111111111111111111111000000000000000000000000000000000000000000000000000
000000000000000000000000000000000000000100111111111111111111111111110000000000000000000000000000000000000000000000000000
000000000000000000000000000000000000000000000111111111111111111111100000000000000000000000000000000000000000000000000000
000000000000000000000000000000000000000000000001111111111111111111000000000000000000000000000000000000000000000000000000
000000000000000000000000000000000000000000000001001111111111111111000000000110000000000000000000000000000000000000000000
000000000000000000000000000000000000000000000000000011111111111110000000011111111100000000000000000000000000000000000000
000000000000000000000000000000000000000000000000111111111111111100000001111111111111110000000000000000000000000000000000
000000000000000000000000000000000000000000000111111111111111111100000011001111111111111111000000000000000000000000000000
000000000000000000000000000000000000000000111111111111111111111111111111111100000001111111100000000000000000000000000000
000000000000000000000000000000000000001111111111111111111111111111111111111111100000111111111110000000000000000000000000
000000000000000000000000000000000011111111111111111111111111111111111111111111111100000001111111111100000000000000000000
000000000000000000000000000000011111111111111111111111111111111111111111111000000000000000000111111111111000000000000000
000000000000000000000000000000001111111111111000111111111111111111111100001100000000000000000000011111111100000000000000
000000000000000000000000000000111111111111100000111111111111111111111100000000000000000000000000000000000000000000000000
000000000000000000000000001111111111111110000001111111111111111111001110000000000000000000000000000000000000000000000000
000000000000000000000001111111111111111110000010111111111111111111100010000000000000000000000000000000000000000000000000
000000000000000000001111111111111111110000000000011111111111111111110000000000000000000000000000000000000000000000000000
000000000000000000111111111111000000000000000000011111111111111111110000000000000000000000000000000000000000000000000000
000000000000001111111111111100000000000000000000011111111111111111110000000000000000000000000000000000000000000000000000
000000000001111111111111111100000000000000000000011111111111111111110000000000000000000000000000000000000000000000000000
000000011111111111111111110000000000000000000000011111111111111111100000000000000000000000000000000000000000000000000000
001111111111111000001111000000000000000000000001111111111111111111100000000000000000000000000000000000000000000000000000
111111111111100000000000000000000000000000001111111111111111111111110000000000000000000000000000000000000000000000000000
111111111111100000000000000000000000000000111111111111111111111111111000000000000000000000000000000000000000000000000000
011111111111000000000000000000000000000011111110011111111111111111111000000000000000000000000000000000000000000000000000
000000000000000000000000000000000000001111111100011111111111111111111100000000000000000000000000000000000000000000000000
000000000000000000000000000000000000011111111000011111111111111111111110000000000000000000000000000000000000000000000000
000000000000000000000000000000000000011111111000011111111111111111111111000000000000000000000000000000000000000000000000
000000000000000000000000000000000000011111111000111111111111111111111111100000000000000000000000000000000000000000000000
