000000000000000000000000000000000000000000000000000000000000000000000000000000000000000000000000000000000000000000000000
000000000000000000000000000000000000000000000000000000000000000000000000000000000000000000000000000000000000000000000000
000000000000000000000000000000000000000000000000000000000000000000000000000000000000000000000000000000000000000000000000
000000000000000000000000000000000000000000000000000000011000000000000000000000000000000000000000000000000000000000000000
000000000000000000000000000000000000000000000011111111111111110000000000000000000000000000000000000000000000000000000000
000000000000000000000000000000000000000000000111111111111111111001000000000000000000000000000000000000000000000000000000
000000000000000000000000000000000000000000011111111111111111111111100000000000000000000000000000000000000000000000000000
000000000000000000000000000000000000000001111111111111111111111111100000000000000000000000000000000000000000000000000000
000000000000000000000000000000000000000011111111111111111111111111111000000000000000000000000000000000000000000000000000
000000000000000000000000000000000000000111111111111111111111111111111000010000000001000000000000000000000000000000000000
000000000000000000000000000000000000011111111111111111111111111111111100000000000010010000000000000000000000000000000000
000000000000000000000000000000000011111111111111111111111111111111110110000000000111110000000000000000000000000000000000
000000000000000000000000000001111111111111111111111111111111111111101100000000001100000000000000000000000000000000000000
000000000000000000000000001111111111111111111111111111111111111111111110000000100000000001101000000000000000000000000000
000000000000000000000001111111111111111111111111111111111111111111111111111111000000000111000000000000000000000000000000
000000000000000000000011111111111111111111111111111111111111111111110111110010000000000110000000000000000000000000000000
000000000000000000000111111111111111111111111111111111111111111111111111000000000000111000000000010000000000000000000000
000000000000000000000111111111111111111111111111111111111111111001111100000100011111000000000000010000000000000011000000
000000000000000000000111111111111111111111111111111111111111111101111000001111000000000000000110111010001100011000000000
000000000000000000000111111111111111111111111111111111111111111111111001110000000000000000000001110010011101100000000000
000000000000000000011111111111111111111111111111111111111111111111111111010000000001111111110100010011111000000000000000
000000000000000011111111111111111111111111111111111111111111111111111110000000111000110000100001011111110110110000000000
000000000000000111111111111111111111111111111111111111111111111111111111111101000000000110001111111000000000000000000000
000000000000001111111111111111111111111111111111111111111111111111111111110000000000000111111110000000000000000000000000
000000000000011111111111111111111111111111111111111111111111111111111111111000010001111111100000000000000000000000000000
000000000000011111111111111111111111111111111111111111111111111111111111111000011100001100000000000001110000000000000000
000000000000001111111111111111111111111111111111111111111111111111111111111111011000110000000111110111111000000000000000
001111100000001111111111111111111111111111111111111111111111111111111111111100011111000000001111110001111000000000000000
011111100000000111111111111111111111111111111111111111111111111111111111111101110000000000000000000001111100000000000000
001111100000000011111111111111111111111111111111111111111111111111110011111111000000000000000000000001111110000000000000
011111000000000000011111111111111111111111111111111111111111110011111111111000100000000000000000000001111111100000000000
111111000000000000000001111111111111111111111111111111111111000000001111110000000000000000000000000001111111000000000000
111111000000000000000000000000111111110000000111111000000000000000001111100000000000000000000000000001111111000000000000
111110000000000000000000000000000000000000000000000000000000000000001111110000000000000000000000000011111110011000000000
111100000000000000000000000000000000000000000000000000000000000000011111110000000000000000000000000111111111000000000000
111100000000000000000000000000000000000000000000000000000000000000111111110000000000000000000000000111111111000000000000
111100000000000000000000000000000000000000000000000000000000000000111111110000000000000000000000000000111100000000000000
111100000000000000000000000000000000000000000000000000000000000000111111110000000000000000000000000000011100000000000000
111110000000000000000000000000000000000000000000000000000000000001111111110000000000000000000000000000011110000000000000
111110000000000000000000000000000000000000000000000000000000000001111111110000000000000000000000000000011110000000000000
