111111111111111111110000000000000000000000000000000000000000000000000000000000000111111111111111111111111111111111111111
111111111111111111110000000000000000000000000000000000000000000000000000000000000111111111111111111111111111111111111111
111111111111111111111000000000000000000000000000000000000000000000000000000000000111111111111111111111111111111111111111
111111111111111111111000000000000000011110000000000000000000000000000000000000000111111111111111111111111111111111111111
111111111111111111111100000000000001111111000000000000000000000000000000000000001111111111111111111111111111111111111111
111111111111111111111100000000000000011111000000000000000000000000000000000000001111111111111111111111111111111111111111
111111111111111111111000000000000000001111100000000000000000000000000000000000011111111111111111111111111111111111111111
111111111111111111110000000000000000011111111000000000000000000000000000000001111111111111111111111111111111111111111111
111111111111111111111100000000000000011111111100000000000000000000000000000111111111111111111111111111111111111111111111
111111111111111111111100000000000000011111111111100000000000000000000000011111111111111111111111111111111111111111111111
111111111111111111111100000000000000001111111111111110000000000000000111111111111111111111111111111111111111111111111111
111111111111111111111100000000000000001111111111111111111100000000111111111111111111110000000011111111111111111111111111
111111111111111111111100000000000000000111111111111111111110000000111111111111111111100000000000000000111111111111111111
111111111111111111111100100000000000000111111111111111111111000000111111111111111100000000000000000000000001111111111111
111111111111111111111000000000000000000011111111111111111111101111111111111111100000000000000000000000000000001111111111
111111111111111111110000000000000000000011111111111111111111111111111111111111000000000000000000000000000000000011111111
111111111111111111110011100000000000000011111111111111111111111111111111111110000000000000000000000000000000000000011111
111111111111111111100011100000000000000011111111111111111111111111111000111111100000000000000000000000000000000000001111
111111111111111111100000000000000000000001111111111111111111111111110000000000000000000000000000000000000000000000000011
111111111111111111110000001100000000000000111111111111111111111110000000000000000000000000000000000000000000000000000000
111111111111111111100010011110000000000000001111111111111111111100000000000000000000000000000000000000000000000000000000
111111111111111111100010011111000000000000000001111111111111000000000000000000000000000000000000000000000000000000000000
111111111111111111100000011111100000000000000000011111111100000000000000000000000000000000000000000000000000000000000000
111111111111111111000000001111111000000000000000000111111000000000000000000000000000000000000000000000000000000000000000
111111111111111110001110001111111100000000000000000001111100000000000000000000000000000000000000000000000000000000000000
111111111111111110001110011111111111000000000000000000011110000000000000000000000000000000000000000000000000000000000000
111111111111111110000000011111111111110000000000000000000111000000000000000000000000000000000000000000000000000000000000
111111111111111110000000111111111111111100000000000000000011000000000000000000000000000000000000000000000000000000000000
111111111111111110001001111111111111111110000000000000000000000000000000000000000000000000000000000000000000000000000000
111111111111111110011001111111111111111111100000000000000000000000000000000000000000000000000000000000000000000000000000
111111111111111110010001111111111111111111111000000000000000000000000000000000000000000000000000000000000000000000000000
111111111111111100000001111111111111111111111110000000000000000000000000000000000000000000000000000000000000000000000000
111111111111111000000001111111111111111111111111100000000000000000000000000000000000000000000000000000000000000000000000
111111111111111000111001111111111111111111111111111000000000000000000000000000000000000000000000000000000000000000000000
111111111111111001111001111111111111111111111111111110000000000000000000000000000000000000000000000000000000000000000000
111111111111110000000001111111111111111111111111111111000000000000000000000000000000000000000000000000000000000000000000
111111111111111000000011111111111111111111111111111110000000000000000000000000000000000000000000000000000000000000000000
111111111111111001000111111111111111111111111111111100000000000000000000000000000000000000000000000000000000000000000000
111111111111110001000111111111111111111111111111110000000000000000000000000000000000000000000000000000000000000000000000
111111111111110001001111111111111111111111111110000000000000000000000000000000000000000000000000000000000000000000000000
