000000000000000000000000000000000000000000000000000000000000000000000000000000000000000000000000000000000000000000000000
000000000000000000000000000000000000000000000000000000000000000000000000000000000000000000000000000000000000000000000000
000000000000000000000000000000000000000000000000000000010000011111000000000000000000000000000000000000000000000000000000
000000000000000000000000000000000000000000000000011111111111111111111110000000000000000000000000000000000000000000000000
000000000000000000000000000000000000000000000001111111111111111111111111100000000000000000000000000000000000000000000000
000000000000000000000000000000000000000000000011111111111111111111111111111111110000000000000000000000000000000000000000
000000000000000000000000000000000000000000000011111111111111111111111111111111111100000000000000000000000000000000000000
000000000000000000000000000000000000000000000011111111111111111111111111111111111110000000000000000000000000000000000000
000000000000000000000000000000000000000000000011111111111111111111111111111111111110000000000000000000000000000000000000
000000000000000000000000000000000000000000000011111111111111111111111111111111111111000000000000000000000000000000000000
000000000000000000000000000000000000000000001111111111111111111111111111111111111100000000000000000000000000000000000000
000000000000000000000000000000000000000000111111111111111111111111111111100111111100000000000000000000000000000000000000
000000000000000000000000000000000000000000000001111111111111111111111111100111111100000000000000000000000000000000000000
000000000000000000000000000000000000000000000001111111111111111111111111110111111110000000000000000000000000000000000000
000000000000000000000000000000000000000000000000001111111111111111111100000111111110000000000000000000000000000000000000
000000000000000000000000000000000000000000000000001111111111111111111000000111111111000000000000000000000000000000000000
000000000000000000000000000000000000000000000000000010001111111100110000000011111110000000000000000000000000000000000000
000000000000000000000000000000000000000000000000000000011111111110000000000011111110000000000000000000000000000000000000
000000001111111100000000000000000000000000000000000111111111111111111000000001111100000000000000000000000111111000000000
000000111100001111111000000000000000000000000000011111111111111111111110000000000000000000000000000011111110011110000000
000011111000000011110111100000000000000000000001111111111111111111111111100000000000000000000001111111100000000111100000
111111111110000111111000011111000000011111110111111111111111111111111111111001111000000000011111000011110000001111111100
111000111111000111111000000111111111111111111111111111111111111111111111111111111111111111111000000111111000011111001111
100000111111000111111000011111000000111100001111111111111111111111111111111100001111000000111100000111111000111111100001
110000111110000011110000011111100001111110011111111111111111111111111111111100011111100001111110000011111000011111000011
111000011110000001110000011111100000111110001111111111111111111111111111111000111111000001111110000011110000001111000011
111000001100000001100000001111000000111110001111111111111111111111111111111100011111000000111100000001110000001111000111
110000001100000000000000000111000000011110011111111111111111111111111111111100011110000000111100000000100000000110000011
110000000000000000000000000110000000001100011111111111111111111111111111111100011100000000011000000000000000000010000001
100000000000000000000000000010000000000101111111111111111111111111111111111111011000000000011000000000000000000000000000
100000000000000000000000000000000000001111111110011111111111111111111100111111111000000000000000000000000000000000000000
000000000000000000000000000000000000111111111000011111111111111111111100001111111111000000000000000000000000000000000000
000000000000000000000000000000000111111111000000011111111111111111111110000001111111111100000000000000000000000000000000
000000000000000000000011111110111111111000000000011111111111111111111110000000000111111111111111100000000000000000000000
000000000000000000000001111111111110000000000000111111111111111111111111000000000000011111111110000000000000000000000000
000000000000000000111111111111110000000000000001111111111111111111111111100000000000000000111111111100000000000000000000
000000000000000111111111110000000000000000000011111111111111111111111111110000000000000000000011111111111000000000000000
000000000000000000000000000000000000000000000111111111111111111111111111111000000000000000000000000000000000000000000000
000000000000000000000000000000000000000000000111111111111111111111111111111000000000000000000000000000000000000000000000
000000000000000000000000000000000000000000001111111111111111111111111111111100000000000000000000000000000000000000000000
