111111111111111111111111111111111111111111111111111111111111111111111111111111111111111111111111111111111111111111111000
111111111111111111111111111111111111111111111111111111111111111111111111111111111111111111111111111000000000000000000000
111111111111111111111111111111111111111111111111111111111111111111111111111111111111111111111000000000000000000000000000
111111111111111111111111111111111111111111111111111111111111111111111111111111111111111111000000000000000000000000000000
111111111111111111111111111111111111111111111111111111111111111111111111111111111111111100000000000000000000000000000000
111111111111111111111111111111111111111111111111111111111111111111111111111111111111110000000000000000000000000000000000
111111111111111111111111111111111111111111111111111111111111111111111111111111111111100000000000000000000000000000000000
111111111111111111111111111111111111111111111111111111111111111111111111100000000000000000000000000000000000000000000000
111111111111111111111111111111111111111111111111111111111111111111111111000000000000000000000000000000000000000000000000
111111111111111111111111111111111111111111111111111111111111111111111111100000000000000000000000000000000000000000000000
111111111111111111111111111111111111111111111111111111111111111111111111100000000000000000000000000000000000000000000000
111111111111111111111111111111111111111111111111111111111111111111111111111100000000000000000000000000000000000000000000
111111111111111111111111111111111111111111111111111111111111111111111111111111100000000000000000000000000000000000000000
111111111111111111111111111111111111111111111111111111111111111111111111111111110000000000000000000000000000000000000000
111111111111111111111111111111111111111111111111111111111111111111111111111111111110000000000000000000000000000000000000
111111111111111111111111111111111111111111111111111111111111111111111111111111111110000000000000000000000000000000000000
111111111111111111111111111111111111111111111111111111111111111111111111111111111100000000000000000000000000000000000000
111111111111111111111111111111111111111111111111111111111111111111111111111111111110000000000000000000000000000000000000
111111111111111111111111111110000000011111111111111111111111111111111111111111111111000000000000000000000000000000000000
111111111111111111111000000000000000000000001111111111111111111111111111111111111111100000000000000000000000000000000000
111111111111111111111000000000000000000000000000001111111111111111111111111111111111110000000000000000000000000000000000
111111111111111111111110000000000000000000000000000011111111111111111111111111111111111111100110000000000000000000000000
111111111111111111111111100000000000000000000000000000111111111111111111111111111111111111111110000000000000000000000000
111111111111111111111111110000000000000000000000000000001111111111111111111111111111111111111110000000000000000000010000
111111111111111111111111111110000000000000000000000000000011111111111111111111111111111111111100000000000000001100111110
111111111111111111111111111111111000000001000000000000000000111111111111111111111100000000000000000000000000011111111100
111111111111111111111111111111111111111111110000000000000000001111111111111110000000000000000000000000000000011111111100
111111111111111111111111111111111111111111111100000000000000000011111111111000000000000000000000000000000000001111111100
111111111111111111111111111111111111111111111111000000000000000000100000000000000000000000000000000000000000001111111000
111111111111111111111111111111111111111111111111110000000000000000000000000000000000000000000000000000000000000111111000
111111111111111111111111111111111111111111111111111100000000000000000000000000000000000000000000000000000000000111110000
111111111111111111111111111111111111111111111111111111000000000000000000000000000000000000000000000000000000000011100000
111111111111111111111111111111111111111111111111111111110000000000000000000000000000000000000000000000000000000000000000
111111111111111111111111111111111111111111111111111111111110000000000000000000000000000000000000000000000000000000000000
111111111111111111111111111111111111111111111111111111111111111111111111111111000000000000000000000000000000000000000000
111111111111111111111111111111111111111111111111111111111111111111111111111111000000000000000000000000000000000000000000
111111111111111111111111111111111111111111111111111111111111111111111111111111000000000000000000000000000000000000000000
111111111111111111111111111111111111111111111111111111111111111111111111111111000000000000000000000000001111111111100000
111111111111111111111111111111111111111111111111111111111111111111111111111111000000000000000000000000001111111111111100
111111111111111111111111111111111111111111111111111111111111111111111111111111000000000000000000000000011111111111111111
