111111111111111111111111111111111111111111111111111111111111111111111111111111111111111111111111111000000000000000000000
111111111111111111111111111111111111111111111111111111111111111111111111111111111111111111111111111100000000000000000000
111111111111111111111111111111111111111111111111111111111111111111111111111111111111111111111111111111000000000000000000
111111111111111111111111111111111111111111111111111111111111111111111111111111111111111111111111111111000000000000000000
111111111111111111111111111111111111111111111111111111111111111111111111111111111111111111111111111110000000000000000000
111111111111111111111111111111111111111111111111111111111111111111111111111111111111111111111111111110000000000000000000
111111111111111111111111111111111111111111111111111111111111111111111111111111111111111111111111111100000000000000000000
111111111111111111111111111111111111111111111111111111111111111111111111111111111111111111111111111000000000000000000000
111111111111111111111111111111111111111111111111111111111111111111111111111111111111111111111111110000000000000000000000
111111111111111111111111111111111111111111111111111111111111111111111111111111111111111111111111100000011000000000000000
111111111111111111111111111111111111111111111111111111111111111111111111111111111111111111111111100000111110000000000000
111111111111111111111111111111111111111111111111111111111111111111111111111111111111111111111111000001111111000000000000
111111111111111111111111111111111111111111111111111111111111111111111111111111111111111111111110000011111111110000000000
111111111111111111111111111111111111111111111111111111111100000111111111111111111111111111111100000111111111100000000000
111111111111111111111111111111111111111111111111111111111100000011111111111111111111111111111000001111111111000000000000
111111111111111111111111111111111111111111111111111111111110000111111111111111111111111111110000011111111111000000000000
111111111111111111111111111111111111111111111111111111111100000111111111111111111111111111110000011111111111100000000000
111111111111111111111111111111111111111111111111111111111100000111111111111111111111111111100000111111111111000000000000
111111111111111111111111111111111111111111111111111111111100000111111111111111111111111111100000111111111000000011110000
111111111111111111111111111111111111111111111111111111111000000111111111111111111111111111100000111111110000001111111000
111111111111111111111111111111111111111111111111111111111000000111111111100000111111111111100000111111100000111111111110
111111111111111111111111111111111111111111111111111111111000000011111111110000000000001111000000111111000011111111111100
111111111111111111111111111111111111111111111111111111110000000011111111111111111111000000000000000000000111111111111000
111111111111111111111111111111111111111111111111111111110000000011111111111111111111111111000000000111111111111111110000
111111111111111111111111111111111111111111111111111111110000000001111111111111111111111111100111111111111111111110000000
111111111111111111111111111111111111111111111111111111100000000001111111111111111111111111111111111111111111111000000000
111111111111111111111111111111111111111111111111111111100000000000111111111111111111111111111111111111111111100000000000
111111111111111111111111111111111111111111111111111111111110001111111111111111111111111111111111111111111111100000000000
111111111111111111111111111111111111111111111111111111111000001111111111111111111111111111111111111111111110000000000000
111111111111111111111111111111111111111111111111111111111111111111111111111111111111111111111111111111111100000000000000
111111111111111111111111111111111111111111111111111111111111111111111111111111111111111111111111111111110000000000000000
111111111111111111111111111111111111111111111111111111111111111111111111111111111111111111111111111111000000000000000000
111111111111111111111111111111111111111111111111111111111111111111111111111111111111111111111111111110000000000000000000
111111111111111111111111111111111111111111111111111111111111111111111111111111111111111111111111111100000000000000000000
111111111111111111111111111111111111111111111111111111111111111111111111111111111111111111111111110000000000000000000000
111111111111111111111111111111111111111111111111111111111111111111111111111111111111111111111111100000000000000000000000
111111111111111111111111111111111111111111111111111111111111111111111111111111111111111111111111000000000000000000000000
111111111111111111111111111111111111111111111111111111111111111111111111111111111111111111111100000000000000000000000000
111111111111111111111111111111111111111111111111111111111111111111111111111111111111111111111000000000000000000000000000
111111111111111111111111111111111111111111111111111111111111111111111111111111111111111111110000000000000000000000000000
