111111111111111111111111111111111111100000000000000000000000000000000000000000000000000000000000000111111111111111111111
111111111111111111111111111111111111000000000000000000000000000000000000000000000000000000000000000111111111111111111111
111111111111111111111111111111111111100000000000000000000000000000000000000000000000000000000000001111111111111111111111
111111111111111111111111111111111111111000000000000000000000000000000000000000000000000000000000011111111111111111111111
111111111111111111111111111111111111111110100000000000000000000000000000000000000000000000000000111111111111111111111111
111111111111111111111111111111111111111111100000000000000000000000000000000000000000100000000001111111111111111111111111
111111111111111111111111111111111111111110000000000000000000000000000000000000000011100000000001111111111111111111111111
111111111111111111111111111111111111111111100000000000000000000000000000000000000111100000000001111111111111111111111111
111111111111111111111111111111111111111111111000000000000000000000000000000000000111000000000001111111111111111111111111
100001111111111111111111111111111111111111111000000000000000000000000000000000000111000000000000111111111111111111000000
000000000111111111111111111111111111111111111110000000000000000000000000000000011111000000000000111111111111100000000000
111100000000001111111111111111111111111111111111111000000000000000000000000011011111000000000000111111111000000000011111
111111100000000001111111111111111111111111111111111101000000000000000100011111111111000000000000111111000001100000111111
111111000000111100000011111111111111111111111111111111000000000001111110111111111111100000000001100000001111000000011111
001110000000011111000000000000000000000011111111110000000000000000001111111111100000000000000000000000111110000000011100
000110000000001111000001111111110000000001111000000000000000000000000000011111000000000000000011100000011100000000011100
000111000000001110000000111111100000110000000000000000000000000000000000000100000110000000000111000000001100000000111000
000111100000001100000000011111000000001100000000000000000000000000000000000000001100000000001110000000001110000001111000
000011110000001100000000011110000000000000000000000000000000000000000000000000000000000000111110000000001110000011111000
000011111000001110000000011111000000000000000000000000000000000000000000000000000000000000111110000000011110000111111000
100011111100011111000000111111100000000000000000000000000000000000000000000000000000000001111111000000111110011111111001
111011111110011111100000111111100000000000000000000000000000000000000000000000000000000011111111000001111110111111111111
111111111111111111110000111111110000000000000000000000000000000000000000000000000000000011111111000011111111111111111111
111111111111111111111000111111111000000000000000000000000000000000000000000000000000000111111111000111111111111111111111
111111111111111111111101111111111000000000000000000000000000000000000000000000000000001111111111101111111111111111111111
111111111111111111111111111111111100000000000000000000000000000000000000000000000000011111111111111111111111111111111111
111111111111111111111111111111111100000000000000000000000000000000000000000000000000011111111111111111111111111111111111
111111111111111111111111111111111100000000000000000000000000000000000000000000000000011111111111111111111111111111111111
111111111111111111111111111111111000000000000000000000000000000000000000000000000000001111111111111111111111111111111111
111111111111111111111111111111110000000000100000000000000000000000000000000000000000000111111111111111111111111111111111
111111111111111111111111111111110000000000100000000000000000000000000000000000000000000111111111111111111111111111111111
111111111111111111111111111111100000000001100000000000000000000000000000000001000000000111111111111111111111111111111111
111111111111111111111111111111000000000011100000000000000000000000000000000001000000000011111111111111111111111111111111
111111111111111111111111110000000000000111100000000000000000000000000000000011100000000000000111111111111111111111111000
000011111111111111111110000000000000001111100000000000000000000000000000000001110000000000000000011111111111111111100000
100000111111111111100000000000000000011111100000000000000000000000000000000001111100000000000000000011111111111110000011
000000001111111100000000000000000001111111100000000000000000000000000000000001111110000000000000000000001111111000000000
000000000011000000000000000000001111111111100000000000000000000000000000000001111111111000000000000000000000100000000000
000000000000000000000000000011111111111111100000000000000000000000000000000001111111111111100000000000000000000000000000
000000000000000000000000111111111111111111000000000000000000000000000000000000111111111111111110000000000000000000000000
