000000000000000000000000000000000000000000000000000000000000000000000000000000000000000000000000000000000000000000000000
000000000000000000000000000000000000000000000000000000000000000000000000000000000000000000000000000000000000000000000000
000000000000000000000000000000000000000000000000000000000000000000000000000000000000000000000000000000000000000000000000
000000000000000000000000000000000000000000000000000000000000000000000000000000000000000000000000000000000000000000000000
000000000000000000000000000000000000000000000000000000000000000000000000000000000000000000000000000000000000000000000000
000000000000000000000000000000000000000000000000000000000000000000000000000000000000000000000000000000000000000000000000
000000000000000000000000000000000000000000000000000000000000000000000000000000000000000000000000000000000000000000000000
000000000000000000000000000000000000000000000000000000000000000000000000000000000000000000000000000000000000000000000000
000000000000000000000000000000000000000000000000000000000000000000000000000000000000000000000000000000000000000000000000
000000000000000000000000000000000000000000000000000000000000000000000000000000000000000000000000000000000000000000000000
000000000000000000000000000000000000000000000000000000000000000000000000001110000000000000000000000000000000000000000000
000000000000000000000000000000000000000000000000000000000000000000000000011111000000000000000000000000000000000000000000
000000000000000000000000000000000000000000000000000000000000000000000011111111100000000000000000000000000000000000000000
000000000000000000000000000000000000000000000000000000000000000000001111111111111111000000000000000000000000000000000000
000000000000000000000000000000000000000000000000000000000000000000000000111111111100000000000000000000000000000000000000
000000000000000000000000000000000000000000000000000000000000000000000000111111111000000000000000000000000000000000000000
000000000000000000000000000000000000000000000000000000000000000000000001111111100001000000000000000000000000000000000000
000000000000000000000000000000000000000000000000000000000000000000000000111111111111000000000000000000000000000000000000
000000000000000000000000000000000000000000000000000000000000000000000000011111111110000000000000000000000000000000000000
000000000000000000000000000000000000000000000000000000000000000000000000011111111111111111100000000000000000000000000000
000000000000000000000000000000000000000000000000000000000000000000000000111111111111111111111000000000000000000000000000
000000000000000000000000000000000000000000000000000000000000000000001111111111111111111111110000000000000000000000000000
000000000000001000000000000000000000000000000000000000000000000000001111111111111111111111111000000000000000000000000000
000000000000011000000000000000000000000000000000000000000000000000000000011100011111111111111000000000000000000000000000
000000000001111110000000000000000000000000000000000000000000000000000000001100001110111011000000000000000000000000000000
000000000001111110000000000000000000000000000000000000000000000000000000000000000000000000000000000000000000000000000000
000000001111111111110000000000000000000000000000000000000000000000000000000000000000000000000000000000000000000000000000
000000111111111111111000001100000000000000000000000011000000000000000000000000000000000000000000000000000000000000000000
000000011111111111111000011110000000000000000000001111110000000000000000000000000000000000000000000000000000000000000000
000000011111111111111000111111000000000000000000001111110000000000000000000000000000000000000000000000000000000000000000
000000111111111111111000111111000000000000000000001111110000000000000000000000000000000000000000000000000000000000000000
000001111111111111111111111111111111111111111110001111110000000000000000000000000000000000000000000000000000000000000000
111111111111111111111111111111111111111111111111101111110000000000000000000000000000000000000000000000000000000000000000
111111111111111111111111111111111111111111111111111111110000000000000000000000000000000000000000000000000000000000000000
111111111111111111111111111111111111111111111111111111110000000000000000000000000000000000000000000000000000000000000000
111111111111111111111111111111111111111111111111111111110000000000000000000000000000000000000000000000000000000000000000
111111111111111111111111111111111111111111111111111111110000000000000000000000000000000000000000000000000000000000000000
111111111111111111111111111111111111111111111111111111110000000000000000000000000000000000000000000000000000000000000000
111111111111111111111111111111111111111111111111111111110000000000000000000000000000000000000000000000000000000000000000
111111111111111111111111111111111111111111111111111111110000000000000000000000000000000000000000000000000000000000000000
