111111111111111111111111111111111111111111111111111111111111111111111111111111111111111111111111111111111111111111111111
111111111111111111111111111111111111111111111111111111111111111111111111111111111111111111111111111111111111111111111111
111111111111111111111111111111111111111111111111111111111111111111111111111111111111111111111111111111111111111111111111
111111111111111111111111111111111111111111111111111111111111111111111111111111111111111111111111111111111111111111111111
111111111111111111111111111111111111111111111111111111111111111111111111111111111111111111111111111111111111111111111111
111111111111111111111111111111111111111111111111111111111111111111111111111111111111111111111111111111111111111111111111
111111111111111111111111111111111111111111111111111111111111111111011111111111111111111111111111111111111111111111111111
111111111111111111111111111111111111111111111111111111111111111111000111111111111111111111111111111111110111111111111111
111111111111111111111111111110011111111111111111111111111111111100000000111111111111111111111111111111000011111111111111
111111111111111111111111111000001111111111111111111111111111111100000000111111111111111111111111111000000000011111111011
111111111111111111111111000000000011111111111111111111111111111000000001111111111111111111111111111100000000011111101111
111111111111111111111111100000000011111111111111111111111111111000000001111111111111111111111111111000000000011111111111
111111111111111111111111100000000001111111111111111111111111111000000000000000111011111111111111111100000000110111111111
111111111111111111111111111000000001111111111111111111111111111000000000000000000011111111111111110000000000000011111111
111111111111111111111111111000000011111111111111111111111111111110000000011000111111111111111111110000000000000000000000
111111111111111111111111110000000001111111111111111111111111111110000000111111111111111111111111100000000000011100000000
111111111111111111111111100000000001111111111111111111111111111100000001111111111111111111111111000000000000011111111111
111111110000111111111100000000000001111111111111111111111111111100000000111111111111111111111111111110000000011111111111
100000000000000000000001111000000001111111111111111111111111111000000000011111111111111111111111111110000000111111111111
110000000000000000000111110000000001111111111111111111111111111000000000011111111111111111111111111000000000111111111111
111111100000000000000000000000000000011111111111111111111111111000000000001111111111111111111111100000000000111111111111
111111111111000000000000000000000000001111111111111111111111110000000000000111111111111111111111000000000000111111111111
111111111111111100000000000000000000000011111111111111111111110000000000000011111111111111111100000000000000111111111111
111111111111111111111000000000000000000000111111111111111111110000000000001111111111111111110000000000000000111111111111
111111111111111111111111110000000000000000111111111111111111111100011000111111111111111111111000000000000001111111111111
111111111111111111111111110000000000000011111111111111111111111000111001111111111111111111111111000000000011111111111111
111111111111111111111111110000000011111111111111111111111111111001111001111111111111111111111111000111100011111111111111
111111111111111111111111100000000111111111111111111111111111110001111001111111111111111111111110001111100011111111111111
111111111111111111111111111000000011111111111111111111111111110001110001111111111111111111111100011111100011111111111111
111111111111111111111111111111000001111111111111111111111111110000000000000111111111111111111000111111100111111111111111
111111111111111111111111111111110000111111111111111111111111111100000000011111111111111111110001111111100111111111111111
111111111111111111111111111110000000011111111111111111111111111100000000000000111111111111110001111110000111111111111111
111111111111111111111111111100000000001111111111111111111111111111100000000001111111111111110000000000000001111111111111
111111000000000011111111100000000000000000111111111111111111111111111111111111110011111111111100000000000000111111111111
111100000000000000000111111000000000000000111111111111111111111111111111111111111111111111111111111000000000011111111111
111111000000000000000011111000000000011111111111111111111111111111111111111111111111111111111111110000000000000011111111
111111111000000000000000000000000001111111111111111111111111111111111111111111111111111111111111100011110000000100111111
111111111111000000000000000000111111111111111111111111111111111111111111111111111111111111111111111100111111000000000111
111111111111110000000000000000001111111111111111111111111111111111111111111111111111111111111111111111111111111111100001
111111111111111110000000000000000001111111111111111111111111111111111111111111111111111111111111111111111111111111111100
