000000000000000000000000000000000000000000000000001111111111111111111111111111111111111111111111111111111111111111111111
000000000000000000000000000000000000000000000000000011111111111111111111111111111111111111111111111111111111111111111111
000000000000000000000000000000000000000000000000000000011111111111111111111111111111111111111111111111111111111111111111
000000000000000000000000000000000000000000000000000000000011111111111111111111111111111111111111111111111111111111111111
000000000000000000000000000000000000000000000000000000000000111111111111111111111111111111111111111111111111111111111111
000000000000000000000000000000000000000000000000000000000000000111111111111111111111111111111111111111111111111111111111
000000000000000000000000000000000000000000000000000000000000000000111111111111111111111111111111111111111111111111111111
000000000000000000000000000000000000000000000000000000000000000000000111111111111111111111111111111111111111111111111111
000000000000000000000000000000000000000000000000000000000000000000000000111111111111111111111111111111111111111111111111
000000000000000000000000000000000000000000000000000000000000000000000000000111111111111111111111111111111111111111111111
000000000000000000000000000000000000000000000000000000000000000000000000000000011111111111111111111111111111111111111111
000000000000000000000000000000000000000000000000000000000000000000000000000000000000111111111111111111111111111111111111
000000000000000000000000000000000000000000000000000000000000000000000000000000000000000011111111111111111111111111111111
000000000000000000000000000000000000000000000000000000000000000000000000000000000000000000001111111111111111111111111111
000000000000000000000000000000000000000000000000000000000000000000000000000000000000000000000000011111111111111111111111
000000000000000000000000000000000000000000000000000000000000000000000000000000000000000000000000000001111111111111111100
000000000000000000000000000000000000000000000000000000000000010000000000000000000000000000000000000000000001111110000000
000000000000000000000000000000000000000000000001111111111111111000000000000000000000000000000000000000000000000000000000
000000000000000000000000000000000000000000111111111111111111111110000000000000000000000000000000000000000000000000000000
000000000000000000000000000000000000011111111111111111111111111111110000000000000000000000000000000000000000000000000000
000000000000000000000000000000000000111111111111111111111111111111111110000000000000000000000000000000000000000000000000
000000000000000000000000000000000000111111111111111111111111111111111111100000000000000000000000000000000000000000000000
000000000000000000000000000000000101111111111111111111111111111111111111111000000000000000000000000000000000000000000000
000000000000000000000000000000000011111111111111111111111111111111111111111100000000000000000000000000000000000000000000
000000000000000000000000000000000001011111111111111111111111111111111111111100000000000000000000000000000000000000000000
000000000000000000000000000000000001000111111111111111111111111111111111111100000000000000000000000000000000000000000000
000000000000000000000000000000000001000011111111111111111111111111111111111110000000000000000000000000000000000000000000
000000000000000000000000000000000000011111111111111111111111111111111111111110000000000000000000000000000000000000000000
000000000000000000000000000000000000111111111111111111111111111111111111100000000000000000000000000000000000000000000000
000000000000000000000000000000000111111111111111111111111111111111111110000000000000000000000000000000000000000000000000
000000000000000000000000000000001111111111111111111111111110000000111100000000000000000000000000000000000000000000000000
000000000000000000000000000000011111111111111111110000000001000000000000000000000000000000000000000000000000000000000000
000000000000000000000000000000111111111111111111000000000000000000000000000000000000000000000000000000000000000000000000
000000000000000000000000001111111111111111111111000000000000000000000000000000000000000000000000000000000000000000000000
000000000000000000000001111111111111111111111110000000000000000000000000000000000000000000000000000000000000000000000000
000000000000000000000011111111111111111111111110000000000000000000000000000000000000000000000000000000000000000000000000
000000000000000000000011111111111111111111111110000000000000000000000000000000000000000000000000000000000000000000000000
000000000000000000000011111111111111111111111100000000000000000000000000000000000000000000000000000000000000000000000000
000000000000000000000001111111111111111111111100000000000000000000000000000000000000000000000000000000000000000000000000
000000000000000000000001111111111111111111111000000000000000000000000000000000000000000000000000000000000000000000000000
