111111111111111111111111111111111111111111111111111111111111111111111111111111111111111111111111111111111111111111111111
111111111111111111111111111111111111111111111111111111111111111111111111111111111111111111111111111111111111111111111111
111111111111111111111111111111111111111111111111111111111111111111111111111111111111111111111111111111111111111111111111
111111111111111111111111111111111111111111111111111111111111111111111111111111111111111111111111111111111111111111111111
111111111111111111111111111111111111111111111111111111111111111111111111111111111111111111111111111111111111111111111111
111111111111111111111111111111111111111111111111111111111111111111111111111111111111111111111111111111111111111111111111
111111111111111111111111111111111111111111111111111111111111111111111111111111111111111111111111111111111111111111111111
111111111111111111111111111111111111111111111111111111111111111111111111111111111111111111111111111111111111111111111111
111111111111111111111111111111111111111111111111111111111111111111111111111111111111111111111111111111111111111111111111
111111111111111111111111111111111111111111111111011111111111111111111111111111111111111111111111111111111111111111111111
111111111111111111111111111111111111111111111111011111111111111111111111111111111111111111111111111111111111111111111111
111111111111111111111111111111111111111111111111011111111111111111111111111111111111111111111111111111111111111111111111
111111111111111111111111111111111111111111111111001111111111111111111111111111111111111111111111111111111111111111111111
111111111111111111111111111111111111111111111111001111110000011111111111111111111111111111111111111111111111111111111111
111111111111111111111111111111111111111111111111000111000000001111111111111111111111111111111111111111111111111111111111
111111111111111111111111111111111111111111111111000011000000000111111111111111111111111111111111111111111111111111111111
111111111111111111111111111111111111111111111111000000000000000111111111111111111111111111111111111111111111111111111111
111111111111111111111111111111111111111111111111100111000000000011111111111111111111111111111111111111111111111111111111
111111111111111111111111111111111111111111111111101111000000000111111111111111111111111111111111111111111111111111111111
111111111111111111111111111111111111111111111111100000000000001111111111111111111111111111111111111111111111111111111111
111111111111111111111111111111111111111111111111100000000000001111111111111111111111111111111111111111111111111111111111
111111111111111111111111111111111111111111111111101100000000001111111111111111111111111111111111111111111111111111111111
111111111111111111111111111111111111111111111111101100000000000111111111111111111111111111111111111111111111111111111111
111111111111111111111111111111111111111111111111100111000000000111111111111111111111111111111111111111111111111111111111
111111111111111111111111111111111111111111111111100111000000000111111111111111111111111111111111111111111111111111111111
111111111111111111111111111111111111111111111111100110000000000011111111111111111111111111111111111111111111111111111111
111111111111111111111111111111111111111111111111100011000000000001111111111111111111111111111111111111111111111111111111
111111111111111111111111111111111111111111111111100000000000000001111111111111111111111111111111111111111111111111111111
111111111111111111111111111111111111111111111111000010000000000001111111111111111111111111111111111111111111111111111100
111111111111111111111111111111111111111111111111000000100000000001111111111111111111111111111111111111111111111111111000
000111111111111111111111111111111111111111111110000000111000000001111111111111111111111111111111111111111111111111100000
000011111111111111111111111111111111111111111110000000111111001111111111111111111111111111111111111111111111111111000000
000111111111111111111111111111111111111111111100000000011111111111111111111111111111111111111111111111111111111110000000
001111111111111111111111111111111111111111111100000000011111111111111111111111111111111111111111111111111111111110000000
011111111111111111111111111111111111111111111110000000111111111111111111111111111111111111111111111111111111111100000000
011111111111111111111111111111111111111111111111111111111111111111111111111111111111111111111111111111111111111100000000
000111111111111111111111111111111111111111111111111111111111111111111111111111111111111111111111111111111111111111000000
011111111111111111111111111111111111111111111111111111111111111111111111111111111111111111111111111111111111111111111111
111111111111111111111111111111111111111111111111111111111111111111111111111111111111111111111111111111111111111111111111
111111111111111111111111111111111111111111111111111111111111111111111111111111111111111111111111111111111111111111111111
