000000000000000000000000000000000000000000000000000000000000000000000001100000000000000000000000000000000000000000000000
000000000000000000000000000000000000000000000000000000000000000000000011100000000000000000000000000000000000000000000000
000000000000000000000000000000000000000000000000000000000000000000000111110000000000000000000000000000000000000000000000
000000000000000000000000000000000000000000000000000000011111111110001111111000000000000000000000000000000000000000000000
000000000000000000000000000000000000000000000000000001111111111111111111000000000000000000000000000000000000000000000000
000000000000000000000000000000000000000000000000000111111111111111111111000000000000000000000000000000000000000000000000
000000000000000000000000000000000000000000000000001111111111111111111111000000000000000000000000000000000000000000000000
000000000000000000000000000000000000000000000000011111111111111111111111000000000000000000000000000000000000000000000000
000000000000000000000000000000000000000000000000011111111111111111111110000000000000000000000000000000000000000000000000
000000000000000000000000000000000000000000000000111111111111111111111100000000000000000000000000000000000000000000000000
000000000000000000000000000000000000000000000000011111111111111111111000000000000000000000000000000000000000000000000000
000000000000000000000000000000000000000000000000011101111111111111010000000000000000000000000000000000000000000000000000
000000000000000000000000000000000000000000000000000000111111111100000000000000000000000000000000000000000000000000000000
000000000000000000000000000000000000000000000000000011111111111111100000000000000000000000000000000000000000000000000000
000000000000000000000000000000000000000000000000011111111111111111111000000000000000000000000000000000000000000000000000
000000000000000000000000000000000000000000000001111111111111111111111111000000000000000000000000000000000000000111111000
000000000001111100000000000000000000000000000111111111111111111111111111110000000000000000000000000000000000111111111100
000000000011111110000000000000000000000000000111111111111111111111111111110000000000000000000000000000001111100000111000
000000000011111110000000000000000000000000000111111111111111111111111111111000000000000000000000000001111100000000110000
000000000011111110000000000000000000000000001111111111111111111111111111111111111111100000000000011111000000000001100000
000000000011111111000000000000000000000000001111110111111111111111000011111111111111111111110111110000000000000000000000
000000000111111111100000000000000000000000011111100111111111111111000000000000000011111111111110000000000000000000000000
000000011111111111111010000000000000000000011111111111111111111111100000000000000001111111111100000000000000000000000000
000000000111111111110011111100000000000000001111111111111111111111100000000000011111111111111000000000000000000000000000
000000000111111111000000000111111000000000000011111111111111111111000000001111111111001110000000000000000000000000000000
000000000011111111000000000000001111111000001001111111111111111111000011111111110000000000000000000000000000000000000000
000000000011111111000000000000000000011111111100111111111111111111111111111100000000000000000000000000000000000000000000
000000000011111111000000000000000000000000111111111111111111111111111111000000000000000000000000000000000000000000000000
000000000111111111100000000000000000000000100001111111111111111111111000000000000000000000000000000000000000000000000000
000000001111111111100000000000000000000000000011111111111111111111111100000000000000000000000000000000000000000000000000
000000000011001100000000000000000000000000000011111111111111111111111110000000000000000000000000000000000000000000000000
000011111111111110000000000000000000000000001111111111111111111111111111111111000000000000000000000000000000000000000000
111111110000000000000000000000000000000011111111111111111111111111111111001111111111100000000000000000000000000000000000
000000000000000000000000000000000001111111111111111111111111111111111111100000000111111111110000000000000000000000000000
000000000000000000000000000000111111111110011111111111111111111111111111111000000000000011111111111100000000000000000000
000000000000111000000000001111111111100000011111111111111111111111111111111100000000000000000000000000000000000000000000
000000000000111000001111111111110000000000111111111111111111111111111111111110000000000000000000000000000000000000000000
000000000000000111111111110000000000000001111111111111111111111111111111111111000000000000000000000000000000000000000000
000000000111111111111000000000000000000011111111111111111111111111111111111111100000000000000000000000000000000000000000
000000111111111100000000000000000000000011111111111111111111111111111111111111100000000000000000000000000000000000000000
