000000000000000000000000000000000000000001111111111111111111111111111111111111111111111111111111111111111111111111111111
000000000000000000000000000000000000000001111100011111111111111111111111111111111111111111111111111111111111111111111111
000000000000000000000000000000000000000000000111111111111111111111111111111111111111111111111111111111111111111111111111
000000000000000000000000000000000000000000000010000000111111111111111111111111111111111111111111111111111111111111111111
000000000000000000000000000000000000000000000001000000001111111111111111111111111111111111111111111111111111111111111111
000000000000000000000000000000000000000000000000010000000111111111111111111111111111111111111111111111111111111111111111
000000000000000000000000000000000000000000000000000110000111111111111111111111111111111111111111111111111111111111111111
000000000000000000000000000000000000000000000000000000000011111111111111111111111111111111111111111111111111111111111111
000000000000000000000000000000000000000000000000000000000111111111111111111111111111111111111111111111111111111111111111
000000000000000000000000000000000000000000000000000000001111111111111111111111111111111111111111111111111111111111111110
000000000000000000000000000000000000000000000000001110001111111111111111111111111111111111111111111111111111111111111111
000000000000000000000000000000000000000000000000000011011111111111111111111111111111111111111111111111111111111111111111
000000000000000000000000000000000000000000000001011111111111111111111111111111111111111111111111111111111111111111111111
000000000000000000000000000000000000000000000000000111111111111111111111111111111111111111111111111111111111111111111111
000000000000000000000000000000000000000000000000000111111111111111111111111111111111111111111111111111111111111111111111
000000000000000000000000000000000000000000011111111111111111111111111111111111111111001111111111111111111111111111111111
000000000000000000000000000000000000011111111111111111111111111111111111111111111111000001111111111111111111111111111111
000000000000000000000000000000001111111111111111111111111111111111111111111111111111000000011111111111111111111111111111
000000000000000000000000000001111111111111111111111111111111111111111111111111111111100000000111111111111111111111111111
000000000000000000000000000001111111111111111111111111111111111111111111111111111111100000000011111111111111111111111111
000000000000000000000000000000011111111111111111111111111111111111111111111111111111100000000000010011111111111111111111
000000000000000000000000000000000011111111111111111111111111111111111111111111111111110000000000010000000111111111111111
000000000000000000000000000000000000111111111111111111111111111111111111111111111111110000000000001000000000011111111111
000000000000000000000000000000000000000111111111111111111111111111111111111111111111111000000000000100000000000111111111
000000000000000000000000000000000000000000111111111111111101111111111111111111111111111000000000000001100000000000111111
000000000000000000000000000000000000000000001111111111100011111111111111111111111111111100000000000000000111110111111111
000000000000000000000000000000000000000000001111111111101111111111111111111111111111111100000000000000000000000000000100
000000000000000000000000000000000000000000011111111111111111111111111111111111111111111110000000000000000000000000000010
000000000000000000000000000000000000000000001111111111111111111111111111111111111111111110000000000000000000000000000011
000000000000000000000000000000000000000000000111111111111111111111111111111111111111111111000000000000000000000000000000
000000000000000000000000000000000000000000000000111111111111111111111111111111111111111111000000000000000000000000000000
000000000000000000000000000000000000000000000000001111111111111111111111111111111111111111100000000000000000000000000000
000000000000000000000000000000000000000000000000011111111111111111111111111111111111111111110000000000000000000000000000
000000000000000000000000000000000000000000000001111110011111111111111111111111111111111111111000000000000000000000000000
000000000000000000000000000000000000000000000111111000011111111111111111111111111111111111111100000000000000000000000000
000000000000000000000000000000000000000000001111100000011111111111111111111111111111111111111110000000000000000000000000
000000000000000000000000000000000000000000001110000000111111111111111111111111111111111111111110000000000000000000000000
000000000000000000000000000000000000000000000000000000111111111111111111111111111111111111111111000000000000000000000000
000000000000000000000000000000000000000000000000000001111111111111111111111111111111111111111111100000000000000000000000
000000000000000000000000000000000000000000000000000001111111111111111111111111111111111111111110110000000000000000000000
