111111110000000000000000000011111111000000000000000000000000000000000000000000000000000111111111111111111111111111111111
111111100000000000000000000001111111100000000000000000000000000000000000000000000000001111111111111111111111111111111111
111111000000000000000000000000011111110000000000000000000000000000000000000000000000011111111111111111111111111111111111
111110000000000000000000000001111111111000000000000000000000000000000000000000000000111111111111111111111111111111111111
111111100000000000000000000001111111111110000000000000000000000000000000000000000011111111111111111111111111111111111111
111111100000000000000000000001111111111111100000000000000000000000000000000000001111111111111111111111111111111111111111
111111000000000000000000000000111111111111111100000000000000000000000000000001111111111111111111111111111111111111111111
111111000000000000000000000000111111111111111111100000000000000000000000011111111111111111111111111111111111111111111111
111111000000000000000000000000011111111111111111111111110000000000000111111111111111111111111111100000111111111111111111
111111000011000000000000000000011111111111111111111111111110000000000111111111111111111111111111111000000000000000011111
111111000011000000000000000000011111111111111111111111111110000000001111111111111111111111111110000000000000000000000000
111111000010000000000000000000001111111111111111111111111111000000001111111111111111111111100000000000000000000000000000
111110000000000000000000000000001111111111111111111111111111000000001111111111111111111100000000000000000000000000000000
111100000000000000000000000000000111111111111111111111111111100111111111111111111111110000000000000000000000000000000000
111100001110000000000000000000000111111111111111111111111111111111111111111111111111000000000000000000000000000000000000
111000011110000000000000000000000111111111111111111111111111111111111111111111111110000000000000000000000000000000000000
111000011110000000000000000000000111111111111111111111111111111111111111100011111100000000000000000000000000000000000000
111000000100000000000000000000000011111111111111111111111111111111111111000000111111100000000000000000000000000000000000
111000000000001000000000000000000011111111111111111111111111111111111111000000000000000000000000000000000000000000000000
111000000000111100000000000000000001111111111111111111111111111111100000000000000000000000000000000000000000000000000000
111000011000111110000000000000000000011111111111111111111111111111000000000000000000000000000000000000000000000000000000
110000010000111111000000000000000000000011111111111111111111111111000000000000000000000000000000000000000000000000000000
110000110000111111100000000000000000000000111111111111111111001000000000000000000000000000000000000000000000000000000000
110000000000111111110000000000000000000000001111111111111110000000000000000000000000000000000000000000000000000000000000
100000000000111111111100000000000000000000000011111111111000000000000000000000000000000000000000000000000000000000000000
100000000000111111111110000000000000000000000000111111100000000000000000000000000000000000000000000000000000000000000000
000011111000111111111111100000000000000000000000001111110000000000000000000000000000000000000000000000000000000000000000
000011110000111111111111111000000000000000000000000011111000000000000000000000000000000000000000000000000000000000000000
000011110000111111111111111100000000000000000000000000111100000000000000000000000000000000000000000000000000000000000000
000001110000111111111111111111000000000000000000000000011110000000000000000000000000000000000000000000000000000000000000
000000000001111111111111111111110000000000000000000000000110000000000000000000000000000000000000000000000000000000000000
000000000011111111111111111111111100000000000000000000000001000000000000000000000000000000000000000000000000000000000000
000011000011111111111111111111111111000000000000000000000000000000000000000000000000000000000000000000000000000000000000
000011000111111111111111111111111111100000000000000000000000000000000000000000000000000000000000000000000000000000000000
000111000111111111111111111111111111111000000000000000000000000000000000000000000000000000000000000000000000000000000000
000110000111111111111111111111111111111110000000000000000000000000000000000000000000000000000000000000000000000000000000
000000000111111111111111111111111111111111100000000000000000000000000000000000000000000000000000000000000000000000000000
000000000011111111111111111111111111111111111000000000000000000000000000000000000000000000000000000000000000000000000000
000000000011111111111111111111111111111111111110000000000000000000000000000000000000000000000000000000000000000000000000
011111000011111111111111111111111111111111111111100000000000000000000000000000000000000000000000000000000000000000000000
