111111111111111111111111000000000000000000000000000000000000000000000000000000000000011100000011111111111111111111111111
111111111111111111111111100000000000000000000000000000000000000000000000000000000011111110001111111111111111111111111111
111111111111111111111111111000000000000000000000000000000000000000000000000000001111001110011111111111111111111111111111
111111111111111111111111111111110000000000000000000000000000000000000000000000011100000111111111111111111111111111111111
111111111111111111111111111111111000000000000000000000000000000000000000000001110000001111111111111111111111111111111111
111111111111111111111111111111111000000000000000000000000000000000000000000011100000111111111111111111111111111111111111
111111111111111111111111111111111111100000000000000000000000000000000000001110000001111111111111111111111111111111111111
111111111111111111111111111111111111111111111100000000000000000000000000011101111111111111111111111111111111111111111111
111111111111111111111111111111111111111111111111000000000000000000000001111111001111111111111111111111111111111111111111
111111111111111111111111111111111111111111100000000000000000000000000011110111111111111111111111111111111111111111111111
111111111111111111111111111111111110000000000000000000000000000000000000000111111111111111111111111111111111111111111111
111111111111111111111111111111111111000000000000000000000000000000000000011111111111111111111111111111111111111111111111
111111111111111111111111111111111100100000000000000000000000000000000000111100111111111111111111111111111111111111111111
111111111111111111111111111111111100000000000000000000000000000000000000000000011111111111111111111111111111111111111111
111111111111111111111111111111111100000000000000000000000000000000000000000000000000001111111111111111111111111111111111
111111111111111111111111111111111100000000000000000000000000000000000000000000000000000001111111111111111111111111111111
111111111111111111111111111011100000000000000000000000000000000000000000000000000000000000111111111111111111111111111111
111111111111111111111111110110000000000000000000000000000000000000000000000000000000000000001111111111111111111111111111
111111111111111111111111100000000000000000000000000000000000000000000000000000000000000000000000101111111111111111111111
111111111111111111111111110000000000000000000000000000000000000000000000000000000000000000000000000111111111111111111111
111111111111111111111111111100000000000000000000000000000000000000000000000000000000000000000000000111111111111111111111
111111111111111111111111111110000000000000000000000000000000000000000000000000000000000000000000011111111111111111111111
111111111111111111111111100000000000000000000000000000000000000000000000000000000000000000000000111111111111111111111111
111111111111111111111111000000000000000000000000000000000000000000000000000000000000000000000000000111111111111111111111
111111111111111111110000000000000000000000000000000000000000000000000000000000000000000000000000000011111111111111111111
111111111111111111111000000000000000000000000000000000000000000000000000000000000000000000000000000000111111111111111111
111111111111111111110000000000000000000000000000000000000000000000000000000000000000000000000000000000000111111111111111
111111001111111111100000000000000000000000000000000000000000000000000000000000000000000000000000000000000011111111111111
111111000000000000000000000000000000000000000000000000000000000000000000000000000000000000000000000000000000111111111111
111111000000000000000000000000000000000000000000000000000000000000000000000000000000000000000000000000000000011111111111
111111100000000000000000000000000000000000000000000000000000000000000000000000000000000000000000000000000111111111111111
111111111000000000000000000000000000000000000000000000000000000000000000000000000000000000000000000000111111111111111111
111111111111000000000000000000000000000000000000000000000000000000000000000000000000000000000000001111111111111111111111
111111111111110000000000000000000000000000000000000000000000000000000000000000000000000000000000011011111111111111111111
111111111111111110000000000000000000000000000000000000000000000000000000000000000000000000000000011111111111111111111111
111111111111111101100000000000000000000000000000000000000000000000000000000000000000000000000000000011111111111111111111
111111111111111111111110000000000000000000000000000000000000000000000000000000000000000000000000000111111111111111111111
111111111111111111111111000000000000000000000000000000000000000000000000000000000000000000000000001111111111111111111111
111111111111111111111111111000000000000000000000000000000000000000000000000000000000000000000001111111111111111111111111
111111111111111111111111111110000000000000000000000000000000000000000000000000000000000000000111111111111111111111111111
