000000000000000000000000000000000000000000000000000000000000000000000000000000000000000000000000000000000000000000000000
000000000000000000000000000000000000000000000000000000000000000000000000000000000000000000000000000000000000000000000000
000000000000000000000000000000000000000000000000000000000000000000000000000000000000000000000000000000000000000000000000
000000000000000000000000000000000000000000000000000000000000000000000000000000000000000000000000000000000000000000000000
000000000000000000000000000000000000000000000000000000000000000000000000000000000000000000000000000000000000000000000000
000000000000000000000000000000000000000000000000000000000000000000000000000000000000000000000000000000000000000000000000
000000000000000000000000000000000000000000000000000000000000000000000000000000000000000000000000000000000000000000000000
000000000000000000000000000000000000000100000000000000000000000000000000000000000000000000000000000000000000000000000000
000000000000000000000000000000000000000000000000000000000111111100000000000000000000000000000000000000000000000000000000
000000000000000000000010000000000000000000000000000000111111111111000000000000000000000000000000000000000000000000000000
000000000000000000000000000000000000000000000000000001111111111111110000000000000000000000000000000000000000000000000000
000000000000000000000000000000000000000000000000000011111111111111110000000000000000000000000000000000000000000000000000
000000000000000000000000000000000000000000000000001111111111111110000000000000000000000000000000000000000000000000000000
000000000000000000000000000000000010000000000000111111111111111100000000000000000000000000000000000000000000000000001100
000000000000000000000000000000000000000000000000011111111111110000000000000000000000000000000000000000000000000000010000
000000000000000000000000000000000000000000000000000011111111111000000000000000000000000000000000000000000000000000000000
000000000000000000000000000000000000000000000000000011111111111110000000000000000000000000000000000000000000000000001000
000000000000000000000000000000000000000000000000000011111111111111000000000000000000000000000000000000000000000000000000
000000000000000000000000000000000000000000000000000001111111111111100000000000000000000000000000000000000000000000000000
000000000000000000000000000000000000000000000000000001111111111111110000011111111111000000000000000000000000000000000000
000000000000000000000000000000000000000000000000000001111111111111111100111111111111111111000000000000000000000000000000
000000000000000000000000000000000000000000000000000001111111111111011111111111111111111111111100000000000000000000000000
000000000000000000000000000000000000000000000000000111111111111111001111111111111111111111111111100000000000000000000000
000000000000000000000000000000000000000000000000000001111111111111000111111111111111111111111111000000000000000000000000
000000000000000000000000000000000000000000000000000000011111111111110011111111111111111111111110000000000000000000000000
000000000000000000000000000000000000000000000000000000111111111111111111111111111111111111111100000000000000000000000000
000000000000000000000000000000000000000000000000000011111111111111111001111111111111111111110000000000000000000000000000
000000000000000000000000000000000000000000000000001111111111111111111111111111111111111111000000000000000000000000000000
000000000000000000000000000000000000000000000000011111111111111111110000011111111111111110000000000000000000000000000000
000000000000000000000000000000000000000000000011111111111111111111110000000011111111111000000000000000000000000000000000
000000000000000000000000000000000000000000001111111111111111111111110000000000000100000000000000000000000000000000000000
000000000000000000000000000000000000000001111111111111111111111111111000000000000000000000000000000000000000000000000000
000000000000000000000000000000000000001111111111111111111111111111111000000000000000000000000000000000000000000000000000
000000000000000000000000000000000001111111111111111111111111111111111000000000000000000000000000000000000000000000000000
000000000000000000000000000000000111111111111111111111111111111111111000000000000000000000000000000000000000000000000000
000000000000000000000000000000001111111111111111111111111111111111111000000000000000000000000000000000000000000000000000
000000000000000000000000000000011111111111111111111111111111111111111100000000000000000000000000000000000000000000000000
000000000000000000000000000000001111111111111111111111111111111111111100000000000000000000000000000000000000000000000000
000000000000000000000000000000000011111111111111111111111111111111111100000000000000000000000000000000000000000000000000
000000000000000000000000000000000001111111111111111111111111111111111100000000000000000000000000000000000000000000000000
