000000000000000000000000000000000000000000000000000000000000000000000000000000000000000000000000000000000000000000000000
000000000000000000000000000000000000000000000000000000000000000000000000000000000000000000000000000000000000000000000000
000000000000000000000000000000000000000000000000000001111000000000000000000000000000000000000000000000000000000000000000
000000000000000000000000000000000000000000000000000111100000000000000000000000000000000000000000000000000000000000000000
000000000000000000000000000000000000000000000000001111111000000100000001100000000000000000000000000000000000000000000000
000000000000000000000000000000000000000011111110011111000000000010000000110000000000000000000000000000000000000000000000
000000000000000000000000000000000000000001111111111110000000000001100111111100000000000000000000000000000000000000000000
000000000000000000000000000000000000000000111111111111100000000000111111101110000000000000000000000000000000000000000000
000000000000000000000000000000000000111111111111111111111000000000011111111111111111000000000000000000000000000000000000
000000000000000000000000000000000111111111111111111111110000000000001111111111111111111000000000000000000000000000000000
000000000000000000000000000000011111111111111111111100000000000000001111111111111111111110000000000000000000000000000000
000000000000000000000000000000111111111111111111111111000000000000111111111111111111111111000000000000000000000000000000
000000000000000000000000000001111111111111111111111111100000000001111111111111111111111111100000000000000000000000000000
000000000000000000000000000011111111111111111111111111100000000001111111111111111111111111110000000000000000000000000000
000000000000000000000000000011111111111111111111111111100000000001111111111111111111111111110000000000000000000000000000
000000000000000000000000000011111111111111111111111111000000000000111111111111111111111111110000000000000000000000000000
000000000000000000000000000111111111111111111111111000000000000000000011111111111111111111111000000000000000000000000000
000000000000000000000000000111111111111111111111000000000000000000000000111111111111111111111000000000000000000000000000
000000000000000000000000001111111111111111111110000000000000000000000000011111111111111111111100000000000000000000000000
000000000000000000000000011111111111111111111100000000000000000000000000001111111111111111111110000000000000000000000000
000000000000000000000000011111111111111111111100000000000001110000000000001111111111111111111111000000000000000000000000
000000000000000000000000111111111111111111111110000000000111111000000000011111111111111111111111000000000000000000000000
000000000000000000000001111111111111111111111111000000000111111000000000111111111111111111111111100000000000000000000000
000000000000000000000011111111111111111111111111000000000111111000000000111111111111111111111111110000000000000000000000
000000000000000000000011111111111111111111111111000001111111111111100000111111111111111111111111110000000000000000000000
000000000000000000000011111111111111111111111111111111111111111111111111111111111111111111111111111000000000000000000000
000000000000000000000011111111111111111111111111111111001111111100111111111111111111111111111111110000000000000000000000
000000000000000000000011111111111111111111111111111000011111111110000111111111111111111111111111111000000000000000000000
000000000000000000000111111111111111111111111111001111111110011111111100111111111111111111111111111100000000000000000000
000000000000000000001111111111111111111111111111111111111100001111111111111111111111111111111111111110000000000000000000
000000000000000000011111111111111111111111111111111111000000000000111111111111111111111111111111111110000000000000000000
000000000000000000011111111111111111111111111111111000000000000000000111111111111111111111111111111110000000000000000000
000000000000000000001111111111111111111111111110000000000000000000000000011111111111111111111111111110000000000000000000
000000000000000000011101111111111111111111100000000000000000000000000000000001111111111111111111111111000000000000000000
000000000000000000011101111111111111111111110000000000000000000000000000000001111111111111111111111111110000000000000000
000000000000000000010001111111111111111111110000000000000000000000000000000011111111111111111111111111111110000000000000
000000000000000000010011111111111111111111110000000000000000000000000000000011111111111111111111111111111111100000000000
000000000000000000000111111111111111111111111000000000000000000000000000000011111111111111111111111111111111111000000000
000000000000000000001111111111111111111111111000000000000000000000000000000011111111111111111111111111111111111100000000
000000000000000000011111111111111111111111111100000000000000000000000000000011111111111111111111111111111111111111000000
