000000000000000000000000000000000000000000000000000000000000000111111111111111111111111111111111111111111111111100000000
000000000000000000000000000000000000000000000000000000000001111111111111111111111111111111111111111111111111111111000000
000000000000000000000000000000000000000000000000000000001111111111111111111111111111111111111111111111111111111111100000
000000000000000000000000000000000000000000000000000000011111111111111111111111111111111111111111111111111111111111111000
000000000000000000000000000000000000000000000000000000011111111111111111111111111111111111111111111111111111111111111100
000000000000000000000000000000000000000000000000000000001111111111111111111111111111111111111111111111111111111111111111
000000000000000000000000000000000000000000000000000000000011111110001111111111111001111111111111111111111111111111111111
000000000000000000000000000000000000000000000000000000000000000000001111111111100000011111111111111111111111111111111111
000000000000000000000000000000000000000000000000000000000000000000001111111111100000000011111111111111111111111111111111
000000000000000000000000000000000000000000000000000000000000000000001111111111000000000000011111111111111111111111111111
000000000000000000000000000000000000000000000000000000000000000000001111111111000000000000001111111111111111111111111111
000000000000000000000000000000000000000000000000000000000000000000001111111111000000000000001111111111111111111111111111
000000000000000000000000000000000000000000000000000000000000000000001111111111000000000000011111111111111111111111111111
000000000000000000000000000000000000000000000000000000000000000000001111111110000000000000011111111111111111111111111111
000000000000000000000000000000000000000000000000000000000000000000011111111110000000000000111111111111111111111111111111
000000000000000000000000000000000000000000000000000000000000000000111111111110000000000001111111111110111111111111111111
000000000000000000000000000000000000000000000000000000000000000001111111111100000000000011111111111100111111111111111111
000000000000000000000000000000000000000000000000000000000000000011111111111000000000000111111111111000111111111111111111
000000000000000000000000000000000000000000000000000000000000000111111111110000000000001111111111110000011111111111111111
000000000000000000000000000000000000000000000000000000000000001111111111100000000000011111111111100000011111111111111111
000000000000000000000000000000000000000000000000000000000000011111111111000000000001111111111111100000011111111111111111
000000000000000000000000000000000000000000000000000000000000111111111111000000000001111111111111000000011111111111111111
000000000000000000000000000000000000000000000000000000000001111111111111000000000000111111111111000000011111111111111111
000000000000000000000000000000000000000000000000000000000001111111111110000000000001111111111110000000011111111111111111
000000000000000000000000000000000000000000000000000000000001111111111110000000000011111111111110000000011111111111111111
000000000000000000000000000000000000000000000000011111111111111111111111111111111111111111111110000000011111111111111111
000000000000000000000000000000000001111111111111111111111111111111111111111111111111111111111111111000011111111111111111
000000000000000000000000011111111111111111111111111111111111111111111111111111111111111111111111111111111111111111111111
000000000000000001111111111111111111111111111100000000000000000000000000000000000000000100000011111111111111111111111111
000000000001111111111111111111111000000000000000000000000000000000000000000000000000000000000000000001111111111111111111
000000111111111111111111000000000000000000000000000000000000000000000000000000000000000000000000000011111111111111111111
011111111111111110000000000000000000000000000000000000000000000000000000000000000000000000000000000011111111111111111111
111111111111000000000000000000000000000000000000000000000000000000000000000000000000000000000000000011111111111111111111
111111100000000000000000000000000000000000000000000000000000000000000000000000000000000000000000000011111111111111111111
110000000000000000000000000000000000000000000000000000000000000000000000000000000000000000000000000011111111111111111111
000000000000000000000000000000000000000000000000000000000000000000000000000000000000000000000000000011111111111111111111
000000000000000000000000000000000000000000000000000000000000000000000000000000000000000000000000000011111111111111111111
000000000000000000000000000000000000000000000000000000000000000000000000000000000000000000000000000011111111111111111111
000000000000000000000000000000000000000000000000000000000000000000000000000000000000000000000000000011111111111111111111
000000000000000000000000000000000000000000000000000000000000000000000000000000000000000000000000000011111111111111111111
