000000000000000000000000000000000000000000000000000000000000000000000000000000000000000000000000000000000000000000000000
000000000000000000000000000000000000000000000000000000000000000000000000000000000000000000000000000000000000000000000000
000000000000000000000000000000000000000000000000000000000000000000000000000000000000000000000000000000000000000000000000
000000000000000000000000000000000000000000000000000000000000000000000000000000000000000000000000000000000000000000000000
000000000000000000000000000000000000000000000000000000000000000000000000000000000000000000000000000000000000000000000000
000000000000000000001111110000000000000000000000000000000000000000000000000000000000000000000000000000000000000000000000
000000000000000000001111111100000000000000000000000000011111000000000000000000000000000000000000000000000000000000000000
000000000000000000001111111111111111111111111111111111111111100000000000000000000000000000000000000000000000000000000000
000000000000011111111111111111111111111111111111111111111111111000000000000000000000000000000000000000000000000000000000
000000000000000111111111111111111111111111111111111111111111111100000000000000000000000000000000000000000000000000000000
000000000000000000111111111111111111111111111111111111111111111111111000000000000000000000000000000000000000000000000000
000000000000000011111111111111111111111111111111111111111111111111100000000000000000000000000000000000000000000000000000
000000000000001111111111111111111111111111111111111111111111111111000000000000000000000000000000000000000000000000000000
000000000000111111111111111111111111111111111111111111111111111110000000000000000000000000000000000000000000000000000000
000000000000000000000111111111111111111111111111111111111110000000000000000000000000000000000000000000000000000000000000
000000000000000000000000111111111111111111111111111111111110000000000000000000000000000000000000000000000000000000000000
000000000000000000000000111111111111111111111111111111111110000000000000000000000000000000000000000000000000000000000000
000000000000000000000000111111111111111111111111111111111100000000000000000000000000000000000000000000000000000000000000
000000000000000000000000111111111111111111111111111111111100000000000000000000000000000000000000000000000000000000000000
000000000000000000000000111111111111111111111111111111111100000000000000000000000000000000000000000000000000000000000000
000000000000000000000000111111111111111111111111111111111100000000000000000000000000000000000000000000000000000000000000
000000000000000000000000111111111111111111111111111111111100000000000000000000000000000000000000000000000000000000000000
000000000000000000000000111111111111111111111111111111111100000000000000000000000000000000000000000000000000000000000000
000000000000000000000000111111111111111111111111111111111100000000000000000000000000000000000000000000000000000000000000
000000000000000000000000111111111111111111111111111111111100000000000000000000000000000000000000000000000000000000000000
000000000000000000000001111111111111111111111111111111111100000000000000000000000000000000000000000000000000000000000000
000000000000000011111111111111111111111111111111111111111110000000000000000000000000000000000000000000000000000000000000
000000000000111111111111111111111111111111111111111111111111110000000000000000000000000000000000000000000000000000000000
000000000001111111111111111111111111111111111111111111111111111000000000000000000000000000000000000000000000000000000000
000000000011111111111111111111111111111111111111111111111111111100000000000000000000000000000000000000000000000000000000
000000001111111111111111111111111111111111111111111111111111111110000000000000000000000000000000000000000000000000000000
000000011111111111111111111111111111111111111111111111111111111111000000000000000000000000000000000000000000000000000000
000001111111111111111111111111111111111111111111111111111111111111000000000000000000000000000000000000000000000000000000
000111111111111111111111111111111111111111111111111111111111111110000000000000000000000000000000000000000000000000000000
001111111111111111100011111111111111111111111111111111111111111100000000000000000000000000000000000000000000000000000000
011111111111111100000011111111111111111111111111111111111111111000000000000000000000000000000000000000000000000000000000
011111111111111110000011111111111111111111111111111111111111111000000000000000000000000000000000000000000000000000000000
001111111111111111000111111111111111111111111111111111111111111000000000000000000000000000000000000000000000000000000000
000111111111111111100111111111111111111111111111111111111111111000000000000000000000000000000000000000000000000000000000
000011111111111111111111111111111111111111111111111111111111111000000000000000000000000000000000000000000000000000000000
