000000000000000000000000000000000000000000000000000000000000000000000000000000000000000000000000000000000000000000000000
000000000000000000000000000000000000000000000000000000000000000000000000000000000000000000000000000000000000000000000000
000000000000000000000000000000000000000000000000000000000000000000000000000000000000000000000000000000000000000000000000
000000000000000000000000000000000000000000000000111111111000000000000000111100000000000000000000000000000000000000000000
000000000000000000000000000000000000000000000001111111111111101100111111111100000000000000000000000000000000000000000000
000000000000000000000000000000000000000000000001111111111111111111111111111000000000000000000000000000000000000000000000
000000000000000000000000000000000000000000000001111111111111111111111111111000000000000000000000000000000000000000000000
000000000000000000000000000000000000000000000000000011111111111111111111110000000000000000000000000000000000000000000000
000000000000000000000000000000000000000000000000000111111111111111111111000000000000000000000000000000000000000000000000
000000000000000000000000000000000000000000000000001111111111111111111111100000000000000000000000000000000000000000000000
000000000000000000000000000000000000000000000000001111111111111111111111100000000000000000000000000000000000000000000000
000000000000000000000000000000000000000000000000011111111111111111111111000000000000000000000000000000000000000000000000
000000000000000000000000000000000000000000000000011111111111111111111110000000000000000000000000000000000000000000000000
000000000000000000000001111100000000000000000000111111111111111111111111000000000000000000000000000000000000000000000000
000000000000000000000011111111100000000000000000111111111111111111111111000000000000000000000000000000000000000000000000
000000000000000000000000111111111000000000000000111111111111111111111101100000000000000000000000000000000000000000000000
000000000000000000000111111111111100000000011001111111111111111111111101100000000000000000000000000000000000000000000000
000000000000000000001111111111111000000000011111111111111111111111111111111110000000000000000000000000000000000000000000
000000000000000000000011111111111000000000000001111111111111111111111111110000000000000000000000000000000000000000000000
000000000000000000000011111111110000000000000011111111111111111111111111110000000000000000000000000000000000000000000000
000000000000000000000011111111110000000000000111111111111111111111111111111000000000000000000000000000000000000000000000
000000000000000000000001111111100000000000001111111111111111111111111111111000000000000000000000000000000000000000000000
000000000000000000111111111111001010000000001111111111111111111111111111111100000000000000000000000000000000000000000000
000000000000000000000111111111111111111000011111111111111111111111111111111100000000000000000000000000000000000000000000
000000000000000000000000000000111111111111111111111111111111111111111111111100000000000000000000000000000000000000000000
000000000000000000000000000000011111111111111111111111111111111111111111111100000000000000000000000000000000000000000000
000000000000000000000000000000000000001111111111001011111111111111111111111111100000000000000000000000000000000000000000
000000000000000000000000000000000000000000000000000111111111111111111111111111110000000000000000000000000000000000000000
000000000000000000000000000000000000000000000000000111111111111111111110001111111110000000000000000000000000000000000000
000000000000000000000000000000000000000000000000000111111111111111111110001011111111110000000000000000000000000000000000
000000000000000000000000000000000000000000000000000111111111111111111110000000011111111111000000000000000000000000000000
000000000000000000000000000000000000000000000000000111111111111111111111000000000011111110000000000000000000000000000000
000000000000000000000000000000000000000000000000001111111111111111111111100000000001111111000000000000000000000000000000
000000000000000000000000000000000000000000000000011111111111111111111111110000000000111111000000000000000000000000000000
000000000000000000000000000000000000000000000000111111111111111111111111110000000000000000000000000000000000000000000000
000000000000000000000000000000000000000000000000111111111111111111111111111000000000000000000000000000000000000000000000
000000000000000000000000000000000000000000000001111111111111111111111111111100000000000000000000000000000000000000000000
000000000000000000000000000000000000000000000011111111111111111111111111111110000000000000000000000000000000000000000000
000000000000000000000000000000000000000000000011111111111111111111111111111110000000000000000000000000000000000000000000
000000000000000000000000000000000000000000000111111111111111111111111111111111000000000000000000000000000000000000000000
