111111111111111111111111111111111111111111111111111111111111111110000111111111111111111111111111111111111111111111111111
111111111111111111111111111111111111111111111111111111111111111100000011111111111111111111111111111111111111111111111111
111111111111111111111111111111111111111111111111111111111111111000000111111111111111111111111111111111111111111111111111
111111111111111111111111111111111111111111111111111111111111110000000111111111111111111111111111111111111111111111111111
111111111111111111111111111111111111111111111111111111111111110000001111111111111111111111111111111111111111111111111111
111111111111111111111111111111111111111111111111111111111111111000001111111111111111111111111111111111111111111111111111
111111111111111111111111111111111111111111111111111111111111110000001111111111111111111111111111111111111111111111111111
111111111111111111111111111111111111111111111111100011111111100000000000001111111111111111111111111111111111111111111111
111111111111111111111111111111111111111111111111100001111111000000000000000011111111111111111111111111111111111111111111
111111111111111111111111111111111111111111111111110000001100000000000000000001111111111111111111111111111111111111111111
111111111111111111111111111111111111111111111111110000000000000000000000000000111111111111111111111111111111111111111111
111111111111111111111111111111111111111111111111110000000000000000000000000000111111111111111111111111111111111111111111
111111111111111111111111111111111111111111111111100000000000000000000000000000011111111111111111111111111111111111111111
111111111111111111111111111111111111111111111111000000000000000000000000000000011111111111111111111111111111111111111111
111111111111111111111111111111111111111111111110000000000000000000000000000111111111111111111111111111111111111111111111
111111111111111111111111111111111111111111111111000000000000000000000000000111111111111111111111111111111111111111111111
111111111111111111111111111111111111111111111111100000000000000000000000000111111111111111111111111111111111111111111111
111111111111111111111111111111111111111111111111111100000000000000000000000111111111111111111111111111111111111111111111
111111111111111111111111111111111111111111111111111000000000000000000000000111111111111111111111111111111111111111111111
111111111111111111111111111111111111111111111111111110000000000000000000000111111111111111111111111111111111111111111111
111111111111111111111111111111111111111111111111111110000000000000000000001111111111111111111111111111111111111111111111
111111111111111111111111111111111111111111111111111110000000000000000000001111111111111111111111111111111111111111111111
111111111111111111111111111111111111111111111111111110000000000000000000011111111111111111111111111111111111111111111111
111111111111111111111111111111111111111111111111111100000000000000000000111111111111111111111111111111111111111111111111
111111111111111111111111111111111111111111111111111100000000000000000000111111111111111111111111111111111111111111111111
111111111111111111111111111111111111111110011111111000000000000000000000111111111111111111111111111111111111111111111111
111111111111111111111111111111111000000000001111111000000000000000000000111111111111111111111111111111111111111111111111
111111111111111111111111111111000000000000000111110000000000000000000000011111111111111111111111111111111111111111111111
111111111111111111111111111110000000000000000011100000000000000000000000011111111111111111111111111111111111111111111111
111111111111111111111111111100000000000000000001100000000000000000000000001111111111111111111111111111111111111111111111
111111111111111111111111111000000000000000000001100000000000000000000000000111111111111111111111111111111111111111111111
111111111111111111111111111000000000000000000001100000000000000000000000000111111111111111111111111111111111111111111111
111111111111111111111110000000000000000000000000000000000000000000000000000011111111111111111111111111111111111111111111
111111111111111111111000000000000000000000000000000000000000000000000000000001111111111111111111111111111111111111111111
111111111111111111110000000000000000000000000000000000000000000000001000000001111111111111111111111111111111111111111111
111111111111111111100000000000000000000000000000110000000000000000001100000000111111111111111111111111111111111111111111
111111111111111111000000000000000000000000010011110000000000000000000010000000111111111111111111111111111111111111111111
111111111111111111000000000000000000000000010011100000000000000000000000000000111111111111111111111111111111111111111111
111111111111111111100000000000000000000000010111000000000000000000000000000000111111111111111111111111111111111111111111
111111111111111111110000000000000000000011011100000000000000000000000000000001111111111111111111111111111111111111111111
