000000000000000000000000000000000000000000000000000000000000000000000000000000000000000000000000000000000000000000000000
000000000000000000000000000000000000000000000000000000000000000000000000000000000000000000000000000000000000000000000000
000000000000000000000000000000000000000000000000000000000000000000000000000000000000000000000000000000000000000000000000
000000000000000000000000000000000000000000000000000000000000000000000000000000000000000000000000000000000000000000000000
000000000000000000000000000000000000000000000000000000000000000000000000000000000000000000000000000000000000000000000000
000000000000000000000000000000000000000000000000000000000000000111111111111100000000000000000000000000000000000000000000
000000000000000000000000000000000000000000000000000000000011111111111111111111100000000000000000000000000000000000000000
000000000000000000000000000000000000000000000000000000001111111111111111111111100000000000000000000000000000000000000000
000000000001111111100000000000000000000000000000000000111111111111111111111111100000000000000000000000000000000000000000
000000000000111111111111110000000000000000000000000111111111111111111111111111000000000000000000000000000000000000000000
000000000000111111111111111111000000000000000000011111111111111111111111111111100000000000000000000000000000000000000000
000000000001111111111111110101111111110000000011111111111111111111111111111111100000000000000000000000000000000000000000
000000000011111111111111100000000000011111111111111111111111111111111111111111000000000000000000000000000000000000000000
000000000011111111111111000000000000000000000111111111111111111111111111111100000000000000000000000000000000000000000000
000000000111111111111111000000000000000000000000000111111111111111111111111111100000000000000000000000000000000000000000
000000000111111111111110000000000000000000000000000000001111111111111111111111111111000000000000000000000000000000000000
000000000111111111111100000000000000000000000000000000011111111111111111111111111111111100000000000000000000000000000000
000000001111111111111100000000000000000000000000000000001111111111111111111111111111111111111111111110011111100000000000
000000001111111111111000000000000000000000000000000000000000000011111111111111111111110000000000011111111111111111110000
000000001111111111111000000000000000000000000000000000000000000011111111111111111111111000000000000000011111111111111111
000000001111111111111000000000000000000000000000000000000000000111111111111111111111111100000000000000011111111100000000
000000001111111111111000000000000000000000000000000000000000001111111111111111111111111110000000011111111111111000000000
000000001111111111111000000000000000000000000000000000000000011111111111111111111111111111011111111111111111000000000000
000000001111111111111000000000000000000000000000000000000000111111000111111111111111111111111111111111100000000000000000
000000000111111111111000000000000000000000000000000000000000011111110111111111111111111111111111110000000000000000000000
000000000111111111111000000000000000000000000000000000000000000111111111111111111111110001110000000000000000000000000000
000000000111111111111000000000000000000000000000000000000000000001111111111111111111100000000000000000000000000000000000
000000000011111111111000000000000000000000000000000000000000000000001111111111111111100000000000000000000000000000000000
000000000011111111111100000000000000000000000000000000000000000000000111111111111111111000000000000000000000000000000000
000000000001111111111100000000000000000000000000000000000000000000001111111111111111111100000000000000000000000000000000
000000000000111111111110000000000000000000000000000000000000000000111111111111111111111100000000000000000000000000000000
000000000000011111111111000000000000000000000000000000000000000111111111111111111111111110000000000000000000000000000000
000000000000001111111111100000000000000000000000000000000001111111111111111111111111111111100000000000000000000000000000
000000000000000111111111110000000000000000000000000000111111111111111111111111111111111111110000000000000000000000000000
000000000000000011111111110000000000000000000000011111111111111111111111111111111111111111111100000000000000000000000000
000000000000000001111111111000000000000000001111111111111111111111111111111111111111111111111100000000000000000000000000
000000000000000000111111111100000000000011111111111111111111111111111111111111111111111111111000000000000000000000000000
000000000000000000011111111100000000011111111111111111111111111111111111111111111111111111111100000000000000000000000000
000000000000000000011111111100000011111111111111111111111111111111111111111111111111111111111100000000000000000000000000
000000000000000000011111111000001111111111111111111111111111111111111111111111111111111111111110000000000000000000000000
