000000000000000000000000000000000000000000000000000000000000000000000000000000000000000000000000000000000000000000000000
000000000000000000000000000000000000000000000000000000000000000000000000000000000000000000000000000000000000000000000000
000000000000000000000000000000000000000000000000000000000000000000000000000000000000000000000000000000000000000000000000
000000000000000000000000000000000000000000000000000000000000000000000000000000000000000000000000000000000000000000000000
000000000000000000000000000000000000000000000000000000000000000000000000000000000000000000000000000000000000000000000000
000000000000000000000000000000000000000000000000000000000000000000000000000000000000000000000000000000000000000000000000
000000000000000000000000000000000000000000000000000000000000000000000000000000000000000000000000000000000000000000000000
000000000000000000000000000000000000000000000000000000000000000000000000000000000000000000000000000000000000000000000000
000000000000000000000000000000000000000000000000000000000000000000000000000000000000000000000000000000000000000000000000
000000000000000000000000000000000000000000000000000000000000000000000011110000000000000000000000000000000000000000000000
000000000000000000000000000000000000000000000000000000000000000011101111111100000000000000000000000000000000000000000000
000000000000000000000000000000000000000000000000000000000000000011001111111000000000000000000000000000000000000000000000
000000000000000000000000000000000000000000000000000000000000000010000011111000000000000000000000000000000000000000000000
000000000000000000000000000000000000000000000000000000000000000110000011111100000000000000000000000000000000000000000000
000000000000000000000000000000000000000000000000000000000000000110000011111111000000000000000000000000000000000000000000
000000000000000000000000000000000000000000000000000000000000000100000001111100000000000000000000000000000000000000000000
000000000000000000000000000000000000000000000000000000000000000110000011111110000000000000000000000000000000000000000000
000000000000000000000000000000000000000000000000000000000000000100001111111111000000000000000000000000000000000000000000
000000000000000000000000000000000000000000000000000000000000000100011111111111000000000000000011100000000000000000000000
000000000000000000000000000000000000000000000000000000000000000101111111111111100000000000000111100000000000000000000000
000000000000000000000000000000000000000000000000000000000000000001111111111111000000000000001111000000000000000000000000
000000000000000000000011111111111111111111111111000000000000000011111111111111000111111111111111000000000000000000000000
000000000000000000000011111111111111111111111111111111111111111000001111111111111111111111111100000000000000000000000000
000000000000000000000001111111111111111111111111111111111111111111111111111111111111111111111000000000000000000000000000
000000000000000000000000001111111111111111111111111111111111111111111111111111111111111111110000000000000000000000000000
000000000000000000000000000111111111111111111111111111111111111111111111111111111111111111100000000000000000000000000000
000000000000000000000000000000000000001111111111111111111111111111111111111111111111111110000000000000000000000000000000
000000000000000000000000000000000000000001111111111111111111111111111111111111111111111100000000000000000000000000000000
000000000000000000000000000000000000000000001111111111111111111111111111111111111111110000000000000000000000000000000000
000000000000000000000000000000000000000000000000011111100000000000000000000000000000000000000000000000000000000000000000
000000000000000000000000000000000000000000000000000000000000000000000000000000000000000000000000000000000000000000000000
000000000000000000000000000000000000000000000000000000000000000000000000000000000000000000000000000000000000000000000000
000000000000000000000000000000000000000000000000000000000000000000000000000000000000000000000000000000000000000000000000
000000000000000000000000000000000000000000000000000000000000000000000000000000000000000000000000000000000000000000000000
000000000000000000000000000000000000000000000000000000000000000000000000000000000000000000000000000000000000000000000000
000000000000000000000000000000000000000000000000000000000000000000000000000000000000000000000000000000000000000000000000
000000000000000000000000000000000000000000000000000000000000000000000000000000000000000000000000000000000000000000000000
000000000000000000000000000000000000000000000000000000000000000000000000000000000000000000000000000000000000000000000000
000000000000000000000000000000000000000000000000000000000000000000000000000000000000000000000000000000000000000000000000
000000000000000000000000000000000000000000000000000000000000000000000000000000000000000000000000000000000000000000000000
