000000000000000000000000000000000000000000000000000000000000000000000000000000000000000000000000000000000000000000000000
000000000000000000000000000000000000000000000000000000000000000000000000000000000000000000000000000000000000000000000000
000000000000000000000000000000000000000000000000000000000000000000000000000000000000000000000000000000000000000000000000
000000000000000000000000000000000000000000000000000000000000000000000000000000000000000000000000000000000000000000000000
000000000000000000000000000000000000000000000000000000000000000000000000000000000000000000000000000000000000000000000000
000000000000000000000000000000000000000000000000000000000000000000000000000000000000000000000000000000000000000000000000
000000000000000000000000000000000000000000000000000000000000000000000000000000000000000000111111111111111000100000000000
000000010000000000000000000000000000000000000000000000000000000000000000000000000000000011111111111111111111110000000000
001111111000000000000000000000000000000000000000000000000000000000000000000000000000000111111111111111111111111000000000
011111110000000000000000000000000000000000000000000000000000000000000000000000000000111111111111111111111111110000000000
001111111111111100000000000000000000000000000000000000000000000000000000000000000001111111111111111111111111110000000000
000011111111111111111111100000000011111111111000000000000000000000000000000000000001111111111111111111111111111111100000
000001111111111111111111111111111111111111111111111111100000000000000000000000000011111111111111111111111111100000000000
000011111111111111111111111111111111000000111111111111111111100000000000000000000111111111111111111111111111100000000000
000011111111111111111100000000000000000000000000000011111111111111000000000000001111111111111111111111111111000000000000
000111111111111111111000000000000000000000000000000000000011111111111100000000001111111111111111111111110000000000000000
000111111111111111110000000000000000000000000000000000000000000111111111110000000111111111111111111111111110000000000000
001111111111111111100000000000000000000000000000000000000000000000011111111110001111111111111111111111111111100000000000
001111111111111111100000000000000000000000000000000000000000000000000001111111111111111111111111111111111111100000000000
001111111111111111000000000000000000000000000000000000000000000000000000000111111111111111111111111111111111100000000000
011111111111111111000000000000000000000000000000000000000000000000000000000001111111111111111111111111111100000000000000
011111111111111110000000000000000000000000000000000000000000000000000000000011111111111111111111111111111100000000000000
011111111111111110000000000000000000000000000000000000000000000000000000000111111111111111111111111111111111000000000000
011111111111111100000000000000000000000000000000000000000000000000000000001111111111111111111111111111111111100000000000
111111111111111100000000000000000000000000000000000000000000000000000000001111111111111111111111111111111111100000000000
111111111111111100000000000000000000000000000000000000000000000000000000011111111111111111111111111111111111111000000000
111111111111111000000000000000000000000000000000000000000000000000000000111111111111111111111111111111111111111100000000
111111111111111000000000000000000000000000000000000000000000000000000001111111111111111111111111111111111111111111000000
111111111111110000000000000000000000000000000000000000000000000000000111111111111111111111111111111111111111111111100000
111111111111110000000000000000000000000000000000000000000000000000000111111111111111111111111111111111111111111111110000
111111111111110000000000000000000000000000000000000000000000000000000011111100011111111111111110111111111111111111100000
011111111111110000000000000000000000000000000000000000000000000000000000000000011111111111111110000000001111110000000000
011111111111110000000000000000000000000000000000000000000000000000000000000001111111111111111110000000000111111000000000
011111111111110000000000000000000000000000000000000000000000000000000000000011111111111111111111000000000001111100000000
001111111111110000000000000000000000000000000000000000000000000000000000001111111111111111111111000000000000111110000000
001111111111110000000000000000000000000000000000000000000000000000000000111111111111111111111111100000000000011111000000
000111111111110000000000000000000000000000000000000000000000000000000001111111111111111111111111110000000000001111100000
000011111111110000000000000000000000000000000000000000000000000000000011111111111111111111111111110000000000000111110000
000011111111111000000000000000000000000000000000000000000000000000000111111111111111111111111111111000000000000011111000
000001111111111000000000000000000000000000000000000000000000000000001111111111111111111111111111111000000000000011111000
