000000000000000000000000000000000000000110000111111111111111111111111111111111111111111111111111111111111111111111111100
000000000000000000000000000000000000000011001111111111111111111111111111111111111111111111111111111111111111111111111110
000000000000000000000000000000000000000001111111111111111111111111111111111111111111111111111111111111111111111111111111
000000000000000000000000000000000000000000111100001111111111111111111111111111111111111111111111111111111111111111111111
000000000000000000000000000000000000000000000111111100111111111111111111111111111111111111111111111111111111111111111111
000000000000000000000000000000000000000000000001000000001111111111111111111111111111111111111111111111111111111111111111
000000000000000000000000000000000000000000000000100000000111111111111111111111111111111111111111111111111111111111111111
000000000000000000000000000000000000000000000000000110110011111111111111111111111111111111111111111111111111111111111111
000000000000000000000000000000000000000000000000000000000001111111111111111111111111111111111111111111111111111111111111
000000000000000000000000000000000000000000000000000001111101111111111111111111111111111111111111111111111111111111111110
000000000000000000000000000000000000000000000000000111000011111111111111111111111111111111111111111111111111111111111110
000000000000000000000000000000000000000000000000001111111111111111111111111111111111111111111111111111111111111111111100
000000000000000000000000000000000000000000000000000111111111111111111111111111111111111111111111111111111111111111111110
000000000000000000000000000000000000000000000000000001111111111111111111111111111111111111111111111111111111111111111111
000000000000000000000000000000000000000000000000000000011111111111111111111111111111111111111111111111111111111111111111
000000000000000000000000000000000000000000000000000000000011111111111111111111111111111111111111111111111111111111111111
000000000000000000000000000000000000000000000000000000000001111111111111111111111111110111111111111111111111111111111111
000000000000000000000000000000000000000000000000000000000000111111111111111111111111110000111111111111111111111111111111
000000000000000000000000000000000000000000000000000000000000111111111111111111111111110000000111111111111111111111111111
000000000000000000000000000000000000000000000000000000000000111011111111111111111111111000000001111111111111111111111111
000000000000000000000000000000001111111111111111110000000000111011111111111111111111110000000000001111111111111111111111
000000000000000000000000000000011111111111111111111111110000111111111111111111111111110000000000000111111111111111111111
000000000000000000000000000000001111111111111111111111111111111111111111111111111111111000000000000011100001111111111111
000000000000000000000000000000000011111111111111111111111111111111111111111111111111111000000000000001111000001111111111
000000000000000000000000000000000001111111111111111111111111111111111111111111111111111000000000000000111100000001111111
000000000000000000000000000000000000011111111111111111111111111111111111111111111111111000000000000000000111100000001111
000000000000000000000000000000000000000111111111111111111111111111111111111111111111111000000000000000000000111111111111
000000000000000000000000000000000000000011111111111111111111111111111111111111111111111000000000000000000000000000000001
000000000000000000000000000000000000000000111111111111111111111111111111111111111111111000000000000000000000000000000000
000000000000000000000000000000000000000000001111111111111111111111111111111111111111111000000000000000000000000000000000
000000000000000000000000000000000000000000011111111111111111111111111111111111111111111000000000000000000000000000000000
000000000000000000000000000000000000000000111111111111111111111111111111111111111111111000000000000000000000000000000000
000000000000000000000000000000000000000000111111111111111111111111111111111111111111111100000000000000000000000000000000
000000000000000000000000000000000000000000011111111111111111111111111111111111111111111100000000000000000000000000000000
000000000000000000000000000000000000000000001111111111111111111111111111111111111111111110000000000000000000000000000000
000000000000000000000000000000000000000000000111111111111111111111111111111111111111111110000000000000000000000000000000
000000000000000000000000000000000000000000011111111111111111111111111111111111111111111111000000000000000000000000000000
000000000000000000000000000000000000000000011111000001111111111111111111111111111111111111100000000000000000000000000000
000000000000000000000000000000000000000000000000000001111111111111111111111111111111111111100000000000000000000000000000
000000000000000000000000000000000000000000000000000001111111111111111111111111111111111111110000000000000000000000000000
