000000000000000000000000000000000000000000000000000000000000000000000011000000000000000000000000000000000000000000000000
000000000000000000000000000000000000000000000000000000000000000000000111000000000000000000000000000000000000000000000000
000000000000000000000000000000000000000000000000000000000000000000001111100000000000000000000000000000000000000000000000
000000000000000000000000000000000000000000000000000000111111111000111111110000000000000000000000000000000000000000000000
000000000000000000000000000000000000000000000000000111111111111111111111000000000000000000000000000000000000000000000000
000000000000000000000000000000000000000000000000011111111111111111111110000000000000000000000000000000000000000000000000
000000000000000000000000000000000000000000000000111111111111111111111110000000000000000000000000000000000000000000000000
000000000000000000000000000000000000000000000000111111111111111111111110000000000000000000000000000000000000000000000000
000000000000000000000000000000000000000000000001111111111111111111111000000000000000000000000000000000000000000000000000
000000000000000000000000000000000000000000000001111111111111111111110000000000000000000000000000000000000000000000000000
000000000000000000000000000000000000000000000001111111111111111111110000000000000000000000000000000000000000000000000000
000000000000000000000000000000000000000000000001111111111111111111100000000000000000000000000000000000000000000000000000
000000000000000000000000000000000000000000000000000011111111110000000000000000000000000000000000000000000000000000000000
000000000000000000000000000000000000000000000000000111111111111110000000000000000000000000000000000000000000000000000000
000000000000000000000000000000000000000000000000111111111111111111000000000000000000000000000000000000000000000000000000
000000000000000000000000000000000000000000000011111111111111111111111000000000000000000000000000000000000000000000000000
000000000001111110000000000000000000000000001111111111111111111111111110000000000000000000000000000000000011111110000000
000000000001111111000000000000000000000000001111111111111111111111111111000000000000000000000000000000011111101111000000
000000000001111111000000000000000000000000001111111111111111111111111110000000000000000000000000000011111000001111000000
000000000001111111000000000000000000000000011111111111111111111111111111111100000000000000000000111110000000000111000000
000000000011111111000000000000000000000000011111111111111111111110111111111111111111100000000111110000000000000011000000
000000001111111111100000000000000000000000111111001111111111111110000001111111111111111111111100000000000000000000000000
000000011111111111111000000000000000000000111111111111111111111111000000000000001111111111100000000000000000000000000000
000000000111111111111100000000000000000000011111111111111111111111000000000000011111111111100000000000000000000000000000
000000000111111111000111111100000000000000001111111111111111111110000000000111111111111110000000000000000000000000000000
000000000011111111000000001111111100000000000011111111111111111110000001111111111001100000000000000000000000000000000000
000000000011111111000000000000001111111110011000111111111111111111011111111110000000000000000000000000000000000000000000
000000000011111111000000000000000000000111111111111111111111111111111111100000000000000000000000000000000000000000000000
000000000011111111100000000000000000000000111111111111111111111111111000000000000000000000000000000000000000000000000000
000000000111111111100000000000000000000000000011111111111111111111111000000000000000000000000000000000000000000000000000
000000000001101100000000000000000000000000000011111111111111111111111111100000000000000000000000000000000000000000000000
000001111111111111000000000000000000000000000111111111111111111111111111111111111000000000000000000000000000000000000001
111111110000000000000000000000000000000000111111111111111111111111111111000011111111111111000000000000000000000000000000
000000000000000000000000000000000000001111111111111111111111111111111111100000000000011111111111111100000000000000000000
000000000000000000000000000000000011111111111111111111111111111111111111110000000000000000000000000000000000000000000000
000000000000000000000000000001111111111100011111111111111111111111111111111100000000000000000000000000000000000000000000
000000000000111000000000011111111111000000111111111111111111111111111111111110000000000000000000000000000000000000000000
000000000000001000001111111111100000000000111111111111111111111111111111111111000000000000000000000000000000000000000000
000000000000001111111111110000000000000001111111111111111111111111111111111111100000000000000000000000000000000000000000
000000000111111111111000000000000000000001111111111111111111111111111111111111100000000000000000000000000000000000000000
