111111111111111111111111111111111111111111111111111111111111111111111111111111111111111111111111111111111111111111111111
111111111111111111111111111111111111111111111111111111111111111111111111111111111111111111111111111111111111111111111111
111111111111111111111111111111111111111111111111111111111111111111111111111111111111111111111111111111111111111111111111
111111111111111111111111111111111111111111111111111111111111111111111111111111111111111111111111111111111111111111111111
111111111111111111111111111111111111111111111111111111111111111111111111111111111111111111111111111111111111111111111111
111111111111111111111111111111111111111111111111111111111111111111111111111111111111111111111111111111111111111111111111
111111111111111111111111111111111111111111111111111111111111111111111111111111111111111111111111111111111111111111111111
111111111111111111111111111111111111111111111111111111111111111111111111111111111111111111111111111111111111111111111111
111111111111111111111111111111111111111111111111111111111111111111111111111111111111111111111111111111111111111111111111
111111111111111111111111111111111111111111111111111111111111111111111111111111111111111111111111111111111111111111111111
111111111111111111111111111111111111111111111111111111111111111111111111111111111111111111111111111111111111111111111111
111111111111111111111111111111111111111111111110111111111111111111111111111111111111111111111111111111111111111111111111
111111111111111111111111111111111111111111111110011111111111111111111111111111111111111111111111111111111111111111111111
111111111111111111111111111111111111111111111111011111111111111111111111111111111111111111111111111111111111111111111111
111111111111111111111111111111111111111111111111011111111111111111111111111111111111111111111111111111111111111111111111
111111111111111111111111111111111111111111111111001111110000001111111111111111111111111111111111111111111111111111111111
111111111111111111111111111111111111111111111111100111000000000111111111111111111111111111111111111111111111111111111111
111111111111111111111111111111111111111111111111100001100000000111111111111111111111111111111111111111111111111111111111
111111111111111111111111111111111111111111111111100000000000000111111111111111111111111111111111111111111111111111111111
111111111111111111111111111111111111111111111111000000000000000111111111111111111111111111111111111111111111111111111111
111111111111111111111111111111111111111111111111100001000000001111111111111111111111111111111111111111111111111111111100
111111111111111111111111111111111111111111111111110011000000001111111111111111111111111111111111111111111111111111110000
111111111111111111111111111111111111111111111111110000000000001111111111111111111111111111111111111111111111111110000000
000011111111111111111111111111111111111111111111111011000000001111111111111111111111111111111111111111111111111100000000
000001111111111111111111111111111111111111111111111011000000000111111111111111111111111111111111111111111111111000000000
000001111111111111111111111111111111111111111111111101000000000111111111111111111111111111111111111111111111111100000000
000001111111111111111111111111111111111111111111111100000000000011111111111111111111111111111111111111111111111111000000
000011111111111111111111111111111111111111111111111100000000000011111111111111111111111111111111111111111111111111111000
000000001111111111111111111111111111111111111111111100000000000001111111111111111111111111111111111111111111111111111111
000000001111111111111111111111111111111111111111111100000000000001111111111111111111111111111111111111111111111111111111
000000011111111111111111111111111111111111111111111100000000000001111111111111111111111111111111111111111111111111111111
000001111111111111111111111111111111111111111111111100000000000001111111111111111111111111111111111111111111111111111111
000111111111111111111111111111111111111111111111111100000000000001111111111111111111111111111111111111111111111111111111
001111111111111111111111111111111111111111111111111100000011111111111111111111111111111111111111111111111111111111111111
000111111111111111111111111111111111111111111111111000000001111111111111111111111111111111111111111111111111111111111111
000000111111111111111111111111111111111111111111111000000000111111111111111111111111111111111111111111111111111111111111
111000111111111111111111111111111111111111111111110000000000011111111111111111111111111111111111111111111111111111111111
111111111111111111111111111111111111111111111111110000000000111111111111111111111111111111111111111111111111111111111111
111111111111111111111111111111111111111111111111111000000000111111111111111111111111111111111111111111111111111111111111
111111111111111111111111111111111111111111111111111110000001111111111111111111111111111111111111111111111111111111111111
