111111111111111111111111111111111111111111111111111111111111111111000000000000000000111111111111111111111111111111111111
111111111111111111111111111111111111111111111111111111111111111111100000000000000000000000000111111111111111111111111111
111111111111111111111111111111111111111111111111111111111111111111111000000000000000000000000000111111111111111111111111
111111111111111111111111111111111111111111111111111111111111111111100000000000000000000000000000001111111111111111111111
111111111111111111111111111111111111111111111111111111111111110000000000000000000000000000000000000111111111111111111111
111111111111111111111111111111111111111111111111111111111111000000000000000000000000000000000000000011111111111111111111
111111111111111111111111111111111111111111111111111111111000000000000000000000000000000000000000000001111111111111111111
111111111111111111111111111111111111111111111111111111110000000000000000000000000000000000000000000000111111111111111111
111111111111111111111111111111111111111111111111111111100000000000000000000000000000000000000000000000011111111111111111
111111111111111111111111111111111111111111111111111111000000000000000000000000000000000000000000000000001111111111111111
111111111111111111111111111111111111111111111111111110000000000000000000000000000000000000000000000000000111111111111111
111111111111111111111111111111111111111111111111111110000000000000000000000000000000000000000000000000000111111111111111
111111111111111111111111111111111111111111111111111100000000000000000000000000000000000000000000000000000011111111111111
111111111111111111111111111111111111111111111111111110000000000000000000000000000000000000000000000000000011111111111111
111111111111111111111111111111111111111111111111111110000000000000000000000000000000000000000000000000000001111111111111
111111111111111111111111111111111111111111111111111111100000000000000000000000000000000000000000000000000001111111111111
111111111111111111111111111111111111111111111111111111111100000000000000000000000000000000000000000000000000111111111111
111111111111111111111111111111111111111111111111111111111111100000000000000000000000000000000000000000000000111111111111
111111111111111111111111111111111111111111111111111111111111000000000000000000000000000000000000000000000000111111111111
111111111111111111111111111111111111111111111111111111111111000000000000000000000000000000000000000000000000011111111111
111111111111111111111111111111111111111111111111011111111111110000000000000000000000000000000000000000000000011111111111
111111111111111111111111111111111111111111111111000000000111111110000000000000000000000000000000000000000000011111111111
111111111111111111111111111111111111111111100000000000000001111111000000000000000000000000000000000000000000011111111111
111111111111111111111111111111111111111110000000000000000001111111100000000100000000000000000000000000000000011111111111
111111111111111111111111111111111111111110000000000000000000111111100000000000000000000000000000000000000000001111111111
111111111111111111111111111111111111111100000000000000000000111111110000000000000000000000000000000000010000001111111111
111111111111111111111111111111111111111110000000000000000000111111111000000000000000000000000000000000011001001111111111
111111111111111111111111111111111111111111000000000000000000001111111000000000000000000000000000000000011101100111111111
111111111111111111111111111111111111111111000000000000000000000111111100000000000000000000000000000000101110111111111111
111111111111111111111111111111111111111111110000000000000000000001111000000000000000000000000000000000011111111111111111
111111111111111111111111111111111111111111111110000000000000000000000000000000000000000000000000000110011111111111111111
111111111111111111111111111111111111111111111111000000000000000000000000000000000000000000000000000011001111111111111111
111111111111111111111111111111111111111111111110000000000000000000000000000000000000000000000000000011111111111111111111
111111111111111111111111111111111111111111111100000000000000000000000000000000000000000000000000000001111111111111111111
111111111111111111111111111111111111111111111100000000000000000000000000000000000000000000000000000000111111111111111111
111111111111111111111111111111111111111111111100000000000000000000000000000000000000000000000000000000111111111111111111
111111111111111111111111111111111111111111111100000000000000000000000000000000000000000000000000000000011111111111111111
111111111111111111111111111111111111111111111100000000000000000000000000000000000000000000000000000000011111111100011111
111111111111111111111111111111111111111111111000000000000000000110000000000000000000000000000000000000001111100000111111
111111111111111111111111111111111111111111111000000000000000001110000000000000000000000000000000000000000000000011111111
