000000000000000000000000000000000000000000000000000000000000000000000000000000000000000000000000001111111111111111111111
000000000000000000000000000000000000000000000000000000000000000000000000000000000000000000000000011111111111111111111111
000000000000000000000000000000000000000000000000000000000000000000000000000000000000000000000000011111111111111111111111
000000000000000000000000000000000000000000000000000000000000000000000000000000000000000000000000011111111111111111111111
000000000000000000000000000000000000000000000000000000000000000000000000000000000000000000000000001111111111111111111111
000000000000000000000000000000000000000000000000000000000000000000000000000000000000000000000000011111111111111111111111
000000000000000000000000000000000000000000000000000000000000000000000000000000000000000000000000001111111111111111111111
000000000000000000000000000000000000000000000000000000000000000000000000000000000000000000000000001111111111111111111111
000000000000000000000000000000000000000000000000000000000000000000000000000000000000000000000000111111111111111111111111
000000000000000000000000000000000000000000000000000000000000000000000000000000000000000000000001111111111111111111111111
000000000000000000000000000000000000000000000000000000000000000000000000000000000000000000001111111111111111111111111111
000000000000000000000000000000000000000000000000000000000000000000000000000000000000000001111111111111111111111111111111
000000000000000000000000000000000000000000000000000000000000000000000000000000000000000111111111111111111111111111111111
000000000000000000000000000000000000000000000000000000000000000000000000000000000000000000001111111111111111111111111111
000000000000000000000000000000000000000000000000000000011111110000000000000000000000000000001111111111110000011111111111
000000000000000000000000000000000000000000000000000111111111111100000000000000000000000000001111111111110000001111111111
000000000000000000000000000000000000000000000001111111111111111111100000000000000000000000001111111111100000010111111111
000000000000000000000000000000000000000000111111111111100000111111111100000000000000000000000111111111100000000010100000
000000000000000000000000000000000000111111111111111110000000000111111111000000000000000000000011111111000000000000000000
000000000000000000000000000001111111111111111111111111000000000001111111111000000000000000000011111111000000000000011111
000000000000000000011111111111111111111111100011111111110000000001111111111110000000000000000000111110000000000111111111
000011111111111111111111111111111111000000000111111111110000000111111111111111100000000000000000000000000000011111111111
111111111111111111111100000111111000000000000111111111111000001111111111101111111000000000000000000000000001111111111111
111111111111100000000000001111111110000000001111111111111000011111111111110011111110000000000000000000000011111111111111
000000111111000000000000011111111111000000000111111111111000011111111111110000111111110000000000000000001111111111111111
000011111111110000000000111111111111100000000111111111110000001111111111110000011111111111000000000000011111111111111111
000111111111110000000000111111111111100000000011111111110000001111111111100000111111111111111111111111111111111111111111
001111111111111000000000111111111111100000000011111111100000000111111111100001111111110000000111111111111111111111111111
001111111111111100000000011111111111000000000001111111100000000111111111000011111111111000000111111100011111111111111111
001111111111111000000000011111111111000000000000111111000000000011111111000111111111111100011111111110000111111111111111
000111111111111000000000001111111110000000000000111111000000000001111110000111111111111100111111111111000111111111111111
000111111111110000000000001111111110000000000000011111000000000001111110000011111111111000111111111111101111111111111111
000011111111110000000000000111111100000000000000011110000000000000111100000011111111111000111111111111111111111111111111
000001111111100000000000000011111100000000000000000000000000000000110000000001111111110000011111111111011111111111111111
000001111111100000000000000011111000000000000000000000000000000000000000000000111111110000011111111111011111111111111111
000000111111000000000000000001111000000000000000000000000000000000000000000000111111100000001111111110111111111111111111
000000111111000000000000000001110000000000000000000000000000000000000000000000011111100000001111111100111111111111111111
000000011110000000000000000000000000000000000000000000000000000000000000000000011111000000000111111101111111111111111111
000000011100000000000000000000000000000000000000000000000000000000000000000000001111000000000111111011111111111111111111
000000000000000000000000000000000000000000000000000000000000000000000000000000001000000000000011111011111111111111111111
