000000000000000000000000000000000000000000000000000111111111111111100000000000000000000000000000000000000000000000000000
000000000000000000000000000000000000000000000000001111111111111111110000000000000000000000000000000000000000000000000000
000000000000000000000000000000000000000000000000011111111111111111111000000000000000000000000000000000000000000000000000
000000000000000000000000000000000000000000000000011111111111111111111000000000000000000000000000000000000000000000000000
000000000000000000000000000000000000000000000000011111111111111111111000000000000000000000000000000000000000000000000000
000000000000000000000000000000000000000000000000001111111111111111111000000000000000000000000000000000000000000000000000
000000000000000000000000000000000000000000000000001111111111111111110000000000000000000000000000000000000000000000000000
000000000000000000000000000000000000000000000000000011111111111111100000000000000000000000000000000000000000000000000000
000000000000000000000000000000000000000000000000000001111111111110000000000000000000000000000000000000000000000000000000
000000000000000000000000000000000000000000000000000000011111111100000000000000000000000000000000000000000000000000000000
000000000000000000000000000000000000000000000000000000000111110000000000000000000000000000000000000000000000000000000000
000000000000000000000000000000000000000000000000000000000001000000000000000000000000000000000000000000000000000000000000
000000000000000000000000000000000000000000000000000000000000000000000000000000000000000000000000000000000000000000000000
000000000000000000000000000000000000000000000000000000000000000000000000000000000000000000000000000000000000000000000000
000000000000000000000000000000000000000000000000000000001000000000000000000000000000000000000000000000000000000000000000
000000000000000000000000000000000000000000000000000000001111100000000000000000000000000000000000000000000000000000000000
000000000000000000000000000000000000000000000000000000111111111000000000000000000000000000000000000000000000000000000000
000000000000000000000000000000000000000000000000000001111111111111111100000000000000000000000000000000000000000000000000
000000000000000000000000000000000000000000000000000001111111111111111111110000000000000000000000000000000000000000000000
000000000000000000000000000000000000000000000000011111111111111111111111111110000000000000000000000000000000000000000000
000000000000000000000000000000000000000000000001111111111111111111111111111000000000000000000000000000000000000000000000
000000000000000000000000000000000000000000000111111111111111111111111100000000000000000000000000000000000000000000000000
000000000000000000000000000000000000000000001111111111111111111111100000000000000000000000000000000000000000000000000000
000000000000000000000000000000000000000000000011000111111111111000000000000000000000000000000000000000000000000000000000
000000000000000000000000000000000000000000000000000000111111111100000000000000000000000000000000000000000000000000000000
000000000000000000000000000000000000000000000000000000111111111100000000000000000000000000000000000000000000000000000000
000000000000000000000000000000000000000000000000000001111111111100000000000000000000000000000000000000000000000000000000
000000000000000000000000000000000000000000000000000011111111110110010000000000000000000000000000000000000000000000000000
000000000000000000000000000000000000000000000000000011111111110001110000000000000000000000000000000000000000000000000000
000000000000000000000000000000000000000000000000000011111111110000000000000000000000000000000000000000000000000000000000
000000000000000000000000000000000000000000000000000011111111111000000000000000000000000000000000000000000000000000000000
000000000000000000000000000000000000000000000000000111111111111000000000000000000000000000000000000000000000000000000000
000000000000000000000000000000000000000000000000011111111111111000000000000000000000000000000000000000000000000000000000
000000000000000000000000000000000000000000000000111111111111111100000000000000000000000000000000000000000000000000000000
000000000000000000000000000000000000000000000011111111111111111110000000000000000000000000000000000000000000000000000000
000000000000000000000000000000000000000000000111111111111111111110000000000000000000000000000000000000000000000000000000
000000000000000000000000000000000000000000000011111111111111111110000000000000000000000000000000000000000000000000000000
000000000000000000000000000000000000000000000000001111111111111110000000000000000000000000000000000000000000000000000000
000000000000000000000000000000000000000000000000000000001100001100000000000000000000000000000000000000000000000000000000
000000000000000000000000000000000000000000000000000000001110011100000000000000000000000000000000000000000000000000000000
