111111111111111111111111111111111111111111111111111111111111111111111111111111111111111111111111111111111111111111111111
111111111111111111111111111111111111111111111111111111111111111111111111111111111111111111111111111111111111111111111111
111111111111111111111111100001111111111111111111111111111111111111111111111111111111111111111111111111111111111111111111
111111111111111111111111000000011111111111111111111111111111111111111111101111111111111111111111111111111111111111111111
111111111111111111111000000000000011111111111111111111111111111111111111101111111111111111111111111111111111111111111111
111111111111111111111000000000000011111111111111111111111111111111111100001111111111111111111111111111111111111111111111
111111111111111111111100000000000011111111111111111111111111111111100000000011111111111111111111111111111111111111111111
111111111111111111111100000000000010000011111111111111111111111000000000000000111111111111111111111111111111111111111111
111111111111111111111100000000000000000001111111111111111111111100000000000000011111111111111111111111111111111111111111
111111111111111111111100000000000000000001111111111111111111111100000000000000111111111111111111111111111111111111111111
111111111111111111111000000000000000000011111111111111111111111100000000000000011111111111111111111111111111111111111111
111111111111111111110000000000000000000001111111111111111111111110000000000000011111111111111111111111111111111111111111
111111111111111111111100000000000000000000111111011111111111111111000000000000111111111111111111111111111111111111111111
111111111111111111111111000000000000011111100000000011111111110000000000000001111111111111111111111111111111111111111111
111111111111111111111111110000000000011111000000000000011000000000000000000001111111111111111111111111111111111111111111
111111111111111111111111111000000000001111111111100000000000000000000000000000110011111111111111111111111111111111111111
111111111111111111111111111000000000011111111111110000000000000000000000000001111111111111111111111111111111111111111111
111111111111111111111111111000000000001111111111111111110000000000000000000001111111111111111111111111111111111111111111
111111111111111111111111100000000000000111111111111111000000000000000000000011111111111111111111111111111111111111111111
111111111111111111111111100000000000000111111111111111000000000000000000000011111111111111111111111111111111111111111111
111111111111111111111111000000000000000111111111111111000000000000000000000001111111111111111111111111111111111111111111
111111111111111111111110000000000000000011111111111111011111111110000000000001111111111111111111111111111111111111111111
111111111111111111111000000000000000000011111111111111111111111100000000000001111111111111111111111111111111111111111111
111111111111111111100000000000000000000011111111111111111111111000000000000000111111111111111111111111111111111111111111
111111111111111111000000000000000000000011111111111111111111100000000000000000111111111111111111111111111111111111111111
111111111111111110000000000000000000000111111111111111111111000000000000000000011111111111111111111111111111111111111111
111111111111111111110000000000000000001111111111111111111100000000000000000000011111111111111111111111111111111111111111
111111111111111111111100000111110000011111111111111111111000000000000000000000001111111111111111111111111111111111111111
111111111111111111111000001111111000001111111111111111110000000000000000000000000111111111111111111111111111111111111111
111111111111111111111000011111111000001111111111111111100000000000000000000000000011111111111111111111111111111111111111
111111111111111111111000011111111100011111111111111111111000000000000000000000000001111111111111111111111111111111111111
111111111111111111111000011111111100001111111111111111111111000000000000000000000111111111111111111111111111111111111111
111111111111111111110000111111111100001111111111111111111111111100000000000000111111111111111111111111111111111111111111
111111111111111111110000011111111100001111111111111111111111111100000110000001111111111111111111111111111111111111111111
111111111111111111100000000000000000000111111111111111111111111000001110000001111111111111111111111111111111111111111111
111111111111111111100000000000000000000011111111111111111111111000001111000001111111111111111111111111111111111111111111
111111111111111111000000000000000000000111111111111111111111111000011111000001111111111111111111111111111111111111111111
111111111111111111111110000000000000001111111111111111111111111000011111000001111111111111111111111111111111111111111111
111111111111111111111111000000000000000111111111111111111111111000011111000001111111111111111111111111111111111111111111
111111111111111111111110000000000000000011111111111111111100000000000000000000111111111111111111111111111111111111111111
