111111111111111111110000000000000000000000001111111111111111111111111111111111111111111111111100000000000000000000000000
111111111111111111111000000000000000000000000111111111111111111111111111111111111111111111111100000000000000000000000000
111111111111111111111110000000000000000000000011111111111111111111111111111111111111111111111100000000000000000000000000
111111111111111111111111000000000000000000000001111111111111111111111111111111111111111111111100000000000000000000000000
111111111111111111111111000000000000000000000001111111111111111111111111111111111111111111111100000000000000000000000000
111111111111111111111111000000000000000000000011111111111111111111111111111111111111111111111100000000000000000000000000
111111111111111111111111100000000000000000000011111111111111111111111111111111111111111111111100000000000000000000000000
111111111111111111111111100000000000000000000011111111111111111111111111111111111111111111111100000000000000000000000000
111111111111111111111111100000000000000000000001111111111111111111111111111111111111111111111100000000000000000000000000
111111111111111111111111100000000000000000000000001111111111111111111111111111111111111111111100000000000000000000000000
111111111111111111111111100000000000000000000000000111111111111111111111111111111111111111111100000000000000000000000000
111111111111111111111111100000000000000000000000000111111111111111111111111111111111111111111100000000000000000000000000
111111111111111111111111000000000000000000000000001111111111111111111111111111111111111111111100000000000000000000000000
111111111111111111111100000000000000000000000000001110011111111111111111111111111111111111111100000000000000000000000000
111111111111111111111000000000000000000000000000111000111111111111111111111111111111111111111100000000000000000000000000
111111111111111111111000000000000000000000000000000000111111111111111111111111111111111111111100000000000000000000000000
111111111111111111100000000000000000000000000000000000111111111111111111111111111111111111111100000000000000000000000000
111111111111111111100000000000000000000000000000000000111111111111111111111111111111111111111100000000000000000000000000
111111111111111111000000110000000000000000000000000000111111111111111111111111111111111111111100000000000000000000000000
111111111111111111000000110000000000000000000000000111111111111111111111111111111111111111111100000000000000000000000000
111111111111111111000001111000000000111111111111111111111111111111111111111111111111111111111100000000000000000000000000
111111111111111110000001111110000111111111111111111111111111111111111111111111111111111111111100000000000000000000000000
111111111111111111000001111111111111111111111111111111111111111111111111111111111111111111111100000000000000000000000000
111111111111111111000000111111111111111111111111111111111111111111111111111111111111111111111100000000000000000000000000
111111111111111111000000111111111111111111111111111111111111111111111111111111111111111111111100000000000000000000000000
111111111111111111111111111111111111111111111111111111111111111111111111111111111111111111111100000000000000000000000000
111111111111111111111111111111111111111111111111111111111111111111111111111111111111111111111100000000000000000000000000
111111111111111111111111111111111111111111111111111111111111111111111111111111111111111111111100000000000000000000000000
111111111111111111111111111111111111111111111111111111111111111111111111111111111111111111111100000000000000000000000000
111111111111111111111111111111111111111111111111111111111111111111111111111111111111111111111100000000000000000000000000
111111111111111111111111111111111111111111111111111111111111111111111111111111111111111111111100000000000000000000000000
111111111111111111111111111111111111111111111111111111111111111111111111111111111111111111111100000000000000000000000001
111111111111111111111111111111111111111111111111111111111111111111111111111111111111111111111100000000000000000000000000
111111111111111111111111111111111111111111111111111111111111111111111111111111111111111111111100000000000000000000000000
111111111111111111111111111111111111111111111111111111111111111111111111111111111111111111111100000000000000000000000000
111111111111111111111111111111111111111111111111111111111111111111111111111111111111111111111100000000000000000000000000
111111111111111111111111111111111111111111111111111111111111111111111111111111111111111111111100000000000000000000000000
111111111111111111111111111111111111111111111111111111111111111111111111111111111111111111111100000000000000000000000000
111111111111111111111111111111111111111111111111111111111111111111111111111111111111111111111100000000000000000000000000
111111111111111111111111111111111111111111111111111111111111111111111111111111111111111111111100000000000000000000000000
