111111111111111111111111111111111111111111111111111111111111111111111111111111111111111111111111111111111111111111111111
111111111111111111111111111111111111111111111111111110000000000000001111111111111111111111111111111111111111111111111111
111111111111111111111111111111111111111111111111111000000000000000000000001111111111111111111111111111111111111111111111
111111111111111111111111111111111111111111111111100000000000000000000000000011111111111111111111111111111111111111111111
111111111111111111111111111111111111111111111111000000000000000000000000000001111111111111111111111111111111111111111111
111111111111111111111111111111111111111111111111000000000000000000000000000000111111111111111111111111111111111111111111
111111111111111111111111111111111111111111111111000000000000000000000000000000110000000111111111111111111111111111111111
111111111111111111111111111111111111111111000000000000000000000000000000000000000000000011111111111111111111111111111111
111111111111111111111111111111111111111110000000000000000000000000000000000000000000000011111111111111111111111111111111
111111111111111111111111111111111111111111100000000000000000000000000000000000000000000011111111111111111111111111111111
111111111111111111111111111111111111111111111110000000000000000000000000000000000000000111111111111111111111111111111111
111111111111111111111111111111111111111111111100000000000000000000000000000001000000001111111111111111111111111111111111
111111111111111111111111111111111111111111111100000000000000000000000000000111000000011111111111111111111111111111111111
111111111111111111111111111111111111111111111111000000000000000000000000000111000000011111111111111111000000111111111111
111111111111000001111111111111111111111111111111100000000000000000000000000110000000001111111111100000001110000011111111
111111110000011000000011111111111111111111111111111000000000000000000000101110000000001111111100000000111111100000000111
111100000001111110000000001111111111111111111111111111100000000000100011111110000000001111000011110000001111000000000000
000000000001111000000111100000011111111111011111111111100000000011111111111000000000000000001111110000000111000000001100
000100000001110000000111111000000000000000000111110000000000000000001111110000000000011110000011111000000111110000001110
001100000011110000000111100000111111100001100000000000000000000000000001000011000000111110000001111100000011111100000111
111000000111110000011111000000011111000000110000000000000000000000000000001110000000111110000001111111000011111111000011
111000011111110000111111000000111110000000100000000000000000000000000000000000000000111111000001111111100011111111111011
110001111111110001111111000001111110000000000000000000000000000000000000000000000000111111100001111111111011111111111111
110111111111110011111111000011111111000000000000000000000000000000000000000001100001111111110001111111111111111111111111
111111111111111111111111000111111111000010000000000000000000000000000000000000110001111111111001111111111111111111111111
111111111111111111111111001111111111000110000000000000000000000000000000000001111001111111111101111111111111111111111111
111111111111111111111111111111111111001110000000000000000000000000000000000000111001111111111111111111111111111111111111
111111111111111111111111111111111111111100000000000000000000000000000000000000011111111111111111111111111111111111111111
111111111111111111111111111111111111111000000000000000000000000000000000000000011111111111111111111111111111111111111111
111111111111111111111111111111111111111000000000000000000000000000000000000000001111111111111111111111111111111111111111
111111111111111111111111111111111111110000000010000000000000000000000000000000001111111111111111111111111111111111111111
111111111111111111111111111111111111110000000111000000000000000000000000110000000111111111111111111111111111111111111111
111111111111111111111111111111111110000000001111000000000000000000000000111000000000011111111111111100011111111111111111
111111001111111110000111111111100000000000011110000000000000000000000000111100000000000001111111111000111111111001111111
111111000111000000000001111100000000000000111110000000000000000000000000011110000000000000001111000000000000000000111111
111111000000000000000000000000000000001111111110000000000000000000000000011111111000000000000000000000000000000001111111
111111110000000000000000000000000001111111111110000000000000000000000000011111111111100000000000000000000000000001111111
111111111111000000000000000000011111111111111100000000000000000000000000001111111111111110000000000000000000000111111111
111111111111111111111111101111111111111111111000000000000000000000000000000111111111111111111100001111111111111111111111
111111111111111111111111111111111111111111110000000000000000000000000000000011111111111111111111111111111111111111111111
