000000000000000000000000000000000000000000000000000000000000000000000001111111111111111111111111111111111111111111000000
000000000000000000000000000000000000000000000000000000000000000000000011111111111111111111111111111111111111111000000000
000000000000000000000000000000000000000000000000000000000000000000001111111111111111111111111111111111111100000000000000
000000000000000000000000000000000000000000000000000000000000000011111111111111111111111111111111111111111110000000000000
000000000000000000000000000000000000000000000000000000000000001111111111111111111111111111111111111111111111000000000000
000000000000000000000000000000000000000000000000000000000000001111111111111111111111111111111111111111111111000000000000
000000000000000000000000000000000000000000000000000000000000000000011111111111111111111111111111111111111110000000000000
000000000000000000000000000000000000000000000000000000000000000001111111111111111111111111111111111111111100000000000000
111110000000000000000000000111111111111111111111111111100000000111111111111111111111111111111111111110000000000000000000
111111111111111111111111111111111111111111111111111111111111111111111111111111111111111111111111111110000000000000000000
111111111111111111111111111111111111111111111111111111111111111111111111111111111111111111111111111111000000000000000000
111111111111111111111111111111000000000000000000111111111111111111111111111111111111111111111111111110000000000000000000
111111111111111111111111000000000000000000000000000000000001111111111111111111111111111111111111111110000000000000000000
111111111011111110000000000000000000000000000000000000000000000011111111111111111111111111111111111110000000000000000000
111111110000000000000000000000000000000000000000000000000000000000111111111111111111111111111111111100000000000000000000
111111100000000000000000000000000000000000000000000000000000000000000111111111111111111111111111110000000000000000000000
111111000000000000000000000000000000000000000000000000000000000000000000011111111111111111111111111000000000000000000000
111111000000000000000000000000000000000000000000000000000000000000000000111111111111111111111111111111000000000000000000
111110000000000000000000000000000000000000000000000000000000000000000000111111111111111111111111111111111100000000000000
111110000000000000000000000000000000000000000000000000000000000000000001111111111111111111111111111111111111100000000000
111100000000000000000000000000000000000000000000000000000000000000000001111111111111111111111111111111111111111111100000
111100000000000000000000000000000000000000000000000000000000000000000011111111111111111111111111111111111111111111111100
111100000000000000000000000000000000000000000000000000000000000000000000011111111111111111111111111110001111111111111111
111000000000000000000000000000000000000000000000000000000000000000000000011111111111111111111111111111000011111111111111
111000000000000000000000000000000000000000000000000000000000000000000000111111111111111111111111111111000011111111111111
111000000000000000000000000000000000000000000000000000000000000000000000111111111111111111111111111111000011111111111111
110000000000000000000000000000000000000000000000000000000000000000000000111111111111111111111111111111000111111111111111
110000000000000000000000000000000000000000000000000000000000000000000000111111111111111111111111111111111111111111111111
110000000000000000000000000000000000000000000000000000000000000000000000011111111111111111111111111111111111111111111111
100000000000000000000000000000000000000000000000000000000000000000000000011111111111111111111111111111111111111111111111
100000000000000000000000000000000000000000000000000000000000000000000000011111111111111111111111111111111111111111111111
100000000000000000000000000000000000000000000000000000000000000000000000011111111111111111111111111111111111111111111111
000000000000000000000000000000000000000000000000000000000000000000000000011111111111111111111111111111111111111111111111
000000000000000000000000000000000000000000000000000000000000000000000000011111111111111111111111111111111111111111111111
000000000000000000000000000000000000000000000000000000000000000000000000011111111111111111111111111111111111111111111111
000000000000000000000000000000000000000000000000000000000000000000000000011111111111111111111111111111111111111111111111
000000000000000000000000000000000000000000000000000000000000000000000000011111111111111111111111111111111000000111111111
000000000000000000000000000000000000000000000000000000000000000000000000011111111111111111111111111111100000000000000011
000000000000000000000000000000000000000000000000000000000000000000000000111111111111111111111111111110000000000000000000
000000000000000000000000000000000000000000000000000000000000000000000011111111111111111111111111111000000000000000000000
