000000000000000000000000000000000000000001111111111111111111111111111111111111111111111111111111111111111111111111111111
000000000000000000000000000000000000000001111111111111111111111111111111111111111111111111111111111111111111111111111111
000000000000000000000000000000000000000001111111111111111111111111111111111111111111111111111111111111111111111111111111
000000000000000000000000000000000000000001111111111111111111111111111111111111111111111111111111111111111111111111111111
000000000000000000000000000000000000000001111111111111111111111111111111111111111111111111111111111111111111111111111111
000000000000000000000000000000000000000001111111111111111111111111111111111111111111111111111111111111111111111111111111
000000000000000000000000000000000000000001111111111111111111111111111111111111111111111111111111111111111111111111111111
000000000000000000000000000000000000000001111111111111111111111111111111111111111111111111111111111111111111111111111111
000000000000000000000000000000000000000001111111111111111111111111111111111111111111111111111111111111111111111111111111
000000000000000000000000000000000000000001111111111111111111111111111111111111111111111111111111111111111111111111111111
000000000000000000000000000000000000000001111111111111111111111111111111111111111111111111111111111111111111111111111111
000000000000000000000000000000000000000001111111111111111111111111111111111111111111111111111111111111111111111111111111
000000000000000000000000000000000000000001111111111111111111111111111111111111111111111111111111111111111111111111111111
000000000000000000000000000000000000000001111111001111111100011111111111111111111111111111111111111111111111111111111111
000000000000000000000000000000000000000001111110000000000000001111111111111111111111111111111111111111111111111111111111
000000000000000000000000000000000000000001011000000000000000001111111111111111111111111111111111111111111111111111111111
000000000000000000000000000000000000000001000000000000000000000101111111111111111111111111111111111111111111111111111111
000000000000000000000000000000000000000001100000000000000000000001111111111111111111111111111111111111111111111111111111
000000000000000000000000000000000000000000000000000000000000000001111111110001111111111111111111111111111111111111111111
000000000000000000000000000000000000000001110000000000000000000000111111100000111111111111111111111111111111111111111111
000000000000000000000000000000000000000001110000000000000000000000111111100000001111111111111111111111111111111111111111
000000000000000000000000000000000000000001111100000000000000000010111000000000001111111111111111111111111111111111111111
000000000000000000000000000000000000000001111111000000000000000000000000000010111111111111111111111111111111111111111111
000000000000000000000000000000000000000001111111100000000000000000000000000111111111111111111111111111111111111111111111
000000000000000000000000000000000000000001111111000000000000000000011111111111111111111111111111111111111111111111111111
000000000000000000000000000000000000000001111111000000000000000001111111111111111111111111111111111111111111111111111111
000000000000000000000000000000000000000001111000000000000000000000111111111111111111111111111111111111111111111111111111
000000000000000000000000000000000000000000001000000000000000000000001111111111111111111111111111111111111111111111111111
000000000000000000000000000000000000001111110000000000000000000000000011111111111111111111111111111111111111111111111111
000000000000000000000000000000000000011001100100010000000000000000010011111111111111111111111111111111111111111111111111
000000000000000000000000000000000001100001000100110000000000000000111111111111111111111111111111111111111111111111111111
000000000000000000000000000000000011000000001000110000000000000000011111111111111111111111111111111111111111111111111111
000000000000000000000000000000000010000010011001100000000000000000000111111111111111111111111111111111111111111111111111
000000000000000000000000000000000000000010010001000000000000000000000001111111111111111111111111111111111111111111111111
000000000000000000000000000000000000000110110000000000000000000111000000001111111111111111111111111111111111111111111111
000000000000000000000000000000000000001111100000000000000000000011110000000111111111111111111111111111111111111111111111
000000000000000000000000000000000000001111100000000000000000000001111100000000011111111111111111111111111111111111111111
000000000000000000000000000000000000000001100000000000000000000000111111111000000111111111111111111111111111111111111111
000000000000000000000000000000000000000001000000000000000000000000111111111111100111111111111111111111111111111111111111
000000000000000000000000000000000000000000000000000000000000000000011111111111110111111111111111111111111111111111111111
