000000000000000000000000000000000000000000000000000000000000000000011111111111111111111100000000000000000000000000000000
000000000000000000000000000000000000000000000000000000000000000000111111111111111111111111000000000000000000000000000000
000000000000000000000000000000000000000000000000000000000000000000111111111111111000111111110000000000000000000000000000
000000000000000000000000000000000000000000000000000000000000000000011111111111110000000111111111111000000000000000000000
000000000000000000000000000000000000000000000000000000000000000000000111111111000000000000111111111110000000000000000000
000000000000000000000000000000000000000000000000000000000000000000000000000000000000000000000000000110000000000000000000
000000000000000000000000000000000000000000000000000000000001111000000000000000000000000000000000000000000000000000000000
000000000000000000000000000000000000000000000000000111100111111110000000000000000000000000000000000000000000000000000000
000000000000000000000000000000000000000000000000111111111111111000111000000001000000000000000000000000000000000100000000
000000000000000000000000000000000000000000000001111111111111111000000001110000000000000000000000000000000000000000000000
000000000000000000000000000000000000000000000011111111111111010000000000000111111100000000000000000000000000000000000000
000000000000000000000000000000000000000000000011111111111111000000000001111111011111111100000000000000000000000000000000
000000000000000000000000000000000000000000000000101111101100111111111111110000000010011111111111000000000000000000000011
000000000000000000000000000000000000000000000000011111111111111111100000000000000000000000111111111111000000000000000011
000000000000000000000000000000000000000000000001111111111111111100000000000000000000000000000001111111111111000000000000
000000000000000111110000000000000000000000000111111111111110000000000000000000000000000000000000000011111111111111000000
000000000000001111110000000000000000000000001111111111111110000000000000000000000000000000000000000000000111111111111000
000000000000001111110000000000000000000000011111001111111110000000000000000000000000000000000000000000000000001111111110
000000000000001111110000000000000000000000011110001111111110000000000000000000000000000000000000000000000000000000001111
000000000000011111110000000000000001110000001110011111111111000000000000000000000000000000000000000000000000000000000000
000000000000111111111100000000000000000111101111001111111110111100000000000000000000000000000000000000000000000000000000
000000000000011111111000000000000000000000011111111111111111110000000000000000000000000000000000000000000000000000000000
000000000000111111110000000000000000000000000111111111111111000000000000000000000000000000000000000000000000000000000000
000000000000001111111000000000000000000000001111111111111111100000000000000000000000000000000000000000000000000000000000
000000000000011111111100000000000000001111111011111111111111111110000000000000000000000000000000000000000000000000000000
000000000000011111111100000001101111111000000011111111111111111111111110000000000000000000000000000000000000000000000000
000000000000111111111111111111111000000000000111111111111111111110000001111100000000000000000000000000000000000000000000
000000000000001100111000000000000000000000000111111111111111111111100000000000000000000000000000000000000000000000000000
000011111111111000000000000000000000000000001111111111111111111111110000000000000000000000000000000000000000000000000000
000000000000000000000000000000000000000000001111111111111111111111111000000000000000000000000000000000000000000000000000
000000000000000000000000000000000000000000011111111111111111111111111000000000000000000000000000000000000000000000000000
000000000000000000000000000000000000000000001111111111111111111111100000000000000000000000000000000000000000000000000000
000000000000000000000000000000000000000000000011111111111111111000000000000000000000000000000000000000000000000000000000
000000000000000000000000000000000000000000000011110000000001111100000000000000000000000000000000000000000000000000000000
000000000000000000000000000000000000000000000111100000000000111100000000000000000000000000000000000000000000000000000000
000000000000000000000000000000000000000000000111100000000000011110000000000000000000000000000000000000000000000000000000
000000000000000000000000000000000000000000000111100000000000011110000000000000000000000000000000000000000000000000000000
000000000000000000000000000000000000000000000111000000000000001110000000000000000000000000000000000000000000000000000000
000000000000000000000000000000000000000000000111000000000000001110000000000000000000000000000000000000000000000000000000
000000000000000000000000000000000000000000000111000000000000001111000000000000000000000000000000000000000000000000000000
