000000000000000000000000000000000000000100001111111111111111111111111111111111100000011111111111111111111111111111111000
000000000000000000000000000000000000000110000111111111111111111111111111111111111111111111111111111111111111111111111100
000000000000000000000000000000000000000110001111111111111111111111111111111111111111111111111111111111111111111111111110
000000000000000000000000000000000000000011110100111111111111111111111111111111111111111111111111111111111111111111111111
000000000000000000000000000000000000000001110111110011111111111111111111111111111111111111111111111111111111111111111111
000000000000000000000000000000000000000000000111000000011111111111111111111111111111111111111111111111111111111111111111
000000000000000000000000000000000000000000000000100000000111111111111111111111111111111111111111111111111111111111111111
000000000000000000000000000000000000000000000000001100000111111111111111111111111111111111111111111111111111111111111111
000000000000000000000000000000000000000000000000000000111111111111111111111111111111111111111111111111111111111111111110
000000000000000000000000000000000000000000000000000001111111111111111111111111111111111111111111111111111111111111111110
000000000000000000000000000000000000000000000000000111100011111111111111111111111111111111111111111111111111111111111100
000000000000000000000000000000000000000000000000001011111111111111111111111111111111111111111111111111111111111111111100
000000000000000000000000000000000000000000000000000011111111111111111111111111111111111111111111111111111111111111111100
000000000000000000000000000000000000000000000000000000111111111111111111111111111111111111111111111111111111111111111111
000000000000000000000000000000000000000000000000000000001111111111111111111111111111111111111111111111111111111111111111
000000000000000000000000000000000000000000000000000000000001111111111111111111111111111111111111111111111111111111111111
000000000000000000000000000000000000000000000000000000000000111111111111111111111111111111111111111111111111111111111111
000000000000000000000000000000000000000000000000000000000000111111111111111111111111111000111111111111111111111111111111
000000000000000000000000000000000000000000000000000000000000111111111111111111111111111000000111111111111111111111111111
000000000000000000000000000000000000011111111000000000000000111011111111111111111111111000000001111111111111111111111111
000000000000000000000000000000011111111111111111111100000000111011111111111111111111111000000000011111111111111111111111
000000000000000000000000000000001111111111111111111111111000111111111111111111111111111000000000000111111111111111111111
000000000000000000000000000000000111111111111111111111111111111111111111111111111111111000000000000011100011111111111111
000000000000000000000000000000000001111111111111111111111111111111111111111111111111111000000000000010111000001111111111
000000000000000000000000000000000000011111111111111111111111111111111111111111111111111000000000000001001110000001111111
000000000000000000000000000000000000001111111111111111111111111111111111111111111111111100000000000000010011100000011111
000000000000000000000000000000000000000011111111111111111111111111111111111111111111111100000000000000000001111111111111
000000000000000000000000000000000000000001111111111111111111111111111111111111111111111100000000000000000000000000111111
000000000000000000000000000000000000000000011111111111111111111111111111111111111111111100000000000000000000000000000000
000000000000000000000000000000000000000000001111111111111111111111111111111111111111111100000000000000000000000000000000
000000000000000000000000000000000000000000111111111111111111111111111111111111111111111110000000000000000000000000000000
000000000000000000000000000000000000000001111111111111111111111111111111111111111111111110000000000000000000000000000000
000000000000000000000000000000000000000000111111111111111111111111111111111111111111111110000000000000000000000000000000
000000000000000000000000000000000000000000011111111111111111111111111111111111111111111111000000000000000000000000000000
000000000000000000000000000000000000000000001111111111111111111111111111111111111111111111100000000000000000000000000000
000000000000000000000000000000000000000000000111111111111111111111111111111111111111111111110000000000000000000000000000
000000000000000000000000000000000000000000001111111111111111111111111111111111111111111111111000000000000000000000000000
000000000000000000000000000000000000000000011111000000111111111111111111111111111111111111111100000000000000000000000000
000000000000000000000000000000000000000000000000000001111111111111111111111111111111111111111110000000000000000000000000
000000000000000000000000000000000000000000000000000001111111111111111111111111111111111111111111000000000000000000000000
