111111111111111111111111111111111111111111111111111111111111111111111111111111111111111111111111111111111111111111111111
111111111111111111111111111111111111111111111111111111111111111111111111111111111111111111111111111111111111111111111111
111111111111111111111111111111111111111111111111111111111111111111111111111111111111111111111111111111111111111111111111
111111111111111111111111111111111111111111111111111111111111111111111111111111111111111111111111111111111111111111111111
111111111111111111111111111111111111111111111111111111111111111111111111111111111111111111111111111111111111111111111111
111111111111111111111111111111111100000000011111111111111111111111111111111111111111111111111111111111111111111111111111
111111111111111111111111111111100000000000000011111111111111111111111111111111111111111111111111111111111111100111111111
111111111111111111111111111110000000000000000000011111111111111111111111111111111111111111111111111111111000011111111111
111111111111111111111111111000000000000000000000001111111111111111111111111111111111111111111111111111000001111111111111
111111111111111111111111110000000000000000000000001111111111111111111111111111111111111111111111110000000111111111111111
111111111111111111111111110000000000000000000000000111111111111111111111111111111111111111111110000000000011111111111111
111111111111111111111111100000000000000000000000000000011111111111111111111111111111111111100000000000000011111111111111
111111111111111111111111110000000000000000000000000000000001111111111000000011111000010000000000000000000111111111111111
111111111111111111111111111000000000000000000000000000000000111111000000000000000000000000000011111111111111111111111111
111111111111111111111111111100000000000000000000000000000000011100000000000000000000000000011111111111111111111111111111
111111111111111111111111111111100000000000000000000000000000011100000000000000000000000011111111111111111111111111111111
111111111111111111111111111111111111111100000000000000000000011100000000000000000000000000000000001111111111111111111111
111111111111111111111111111111111111100000000000000000000000000000000000000000000000000000000000000111111111111111111111
111111111111111111111111111111111100000000000000000000000000000000000000000000000000000000000000001111111111111111111111
111111111111111111111111111111111100000000001100000000001110000000000000000000000000000000000000011111111111111111111111
111111111111111111111111111111110010000000011111111111111111000000000000000000000000000000000000111111111111111111111111
111111111111111111111111111111111111000000011111111111111111110000000000000000000000000000000001111111111111111111111111
111111111111111111111111111111111111000000001111111111111111110000000000000000000000000000000111111111111111111111111111
111111111111111111111111111111111111000000001111111111111111100000000000000000000000000110111111111111111111111111111111
111111111111111111111111111111111111100000001111111111111111000000000000000000000000001111111111111111111111111111111111
111111111111111111111111111111111111110000000111111111111000000000000000000000000000011111111111111111111111111111111111
111111111111111111111111111111111111110000000000000000000000000000000000000000000000011111111111111111111111111111111111
111111111111111111111111111111111111110000000000000000000000000000000000000000000000111111111111111111111111111111111111
111111111111111111111111111111111111110000000000000000000000000000000000000000000000111111111111111111111111111111111111
111111111111111111111111111111111111111000111111100000000000000000000000000000000000111111111111111111111111111111111111
111111111111111111111111111111111111111101111111000000000000000000000000000000000001111111111111111111111111111111111111
111111111111111111111111111111111111111000111110000000000000000000000000000000000001111111111111111111111111111111111111
111111111111111111111111111111111111110110111110000000000000000000000000000000000001111111111111111111111111111111111111
111111111111111111111111111111111111111000111110000000000000000000000110000000000000111111111111111111111111111111111111
111111111111111111111111111111111111111001111110000000000000000000011111000000000000001111111111111111111111111111111111
111111111111111111111111111111111111111000111110000000000000000000111111100000000000000111111111111111111111111111111111
111111111111111111111111111111111111110110111110000000000000000001111111100000000000000011111111111111111111111111111111
111111111111111111111111111111111111110000111110000000000000000001111111110000000000000001111111111111111111111111111111
111111111111111111111111111111111111111011111110000000000000000000111111110000000000000001111111111111111111111111111111
111111111111111111111111111111111111110001111110000000000000000000111111110000000000000001111111111111111111111111111111
