111111111111111111111111111111111111111111111111111111111111111111111111111111111111111111111111111111111111111111111111
111111111111111111111111111111111111111111111111111111111111111111111111111111111111111111111111111111111111111111111111
111111111111111111111111111111111111111111111111111111111111111111111111111111111111111111111111111111111111111111111111
111111111111111111111111111111111111111111111111111111111111111111111111111111111111111111111111111110011111111111111111
111111111111111111111111111111111111111111111111111111111111111111111111111111111111111111111111110001111111111111111111
111111111111111111111111111111111111111111111111111111111111111111111111111111111111111111111110000011111111111111111111
111111111111111111111111111100000000001111111111111111111111111111111111111111111111111111110000000111111111111111111111
111111111111111111111111100000000000000000111111111111111111111111111111111111111111111110000000001111111111111111111111
111111111111111111111110000000000000000000001111111111111111111111111111111111111111110000000000000111111111111111111111
111111111111111111111100000000000000000000000111111111111111111111111111111111111110000000000000111111111111111111111111
111111111111111111111000000000000000000000000011111111111111111111100001110001100000000001111111111111111111111111111111
111111111111111111110000000000000000000000000000000000111111110000000000000000000000000111111111111111111111111111111111
111111111111111111110000000000000000000000000000000000001111000000000000000000000000111100111111111111111111111111111111
111111111111111111110000000000000000000000000000000000000111000000000000000000000000000000000111111111111111111111111111
111111111111111111111000000000000000000000000000000000000011000000000000000000000000000000000111111111111111111111111111
111111111111111111111100000000000000000000000000000000000000000000000000000000000000000000000111111111111111111111111111
111111111111111111111111000000000000000000000000000000000000000000000000000000000000000000001111111111111111111111111111
111111111111111111111111111100000000000000000000000000000000000000000000000000000000000000011111111111111111111111111111
111111111111111111111111111111111110000000000000000000011000000000000000000000000000000000111111111111111111111111111111
111111111111111111111111111111111000000000110000000011111100000000000000000000000000100011111111111111111111111111111111
111111111111111111111111111111110000000000111111111111111100000000000000000000000001111111111111111111111111111111111111
111111111111111111111111111111101100000000111111111111111100000000000000000000000001111111111111111111111111111111111111
111111111111111111111111111111111100000000011111111111111000000000000000000000000011111111111111111111111111111111111111
111111111111111111111111111111111110000000111111111111110000000000000000000000000111111111111111111111111111111111111111
111111111111111111111111111111111111000000111111111110000000000000000000000000000111111111111111111111111111111111111111
111111111111111111111111111111111111000000011000000000000000000000000000000000001111111111111111111111111111111111111111
111111111111111111111111111111111111000000000000000000000000000000000000000000001111111111111111111111111111111111111111
111111111111111111111111111111111111100000000000000000000000000000000000000000001111111111111111111111111111111111111111
111111111111111111111111111111111111100000000011110000000000000000000000000000011111111111111111111111111111111111111111
111111111111111111111111111111111111110111111111100000000000000000000000000000000111111111111111111111111111111111111111
111111111111111111111111111111111111110011111111100000000000000000000000000000000001111111111111111111111111111111111111
111111111111111111111111111111111111101101111111100000000000000000000000000000000000001111111111111111111111111111111111
111111111111111111111111111111111111101101111111100000000000000000000000000000000000000111111111111111111111111111111111
111111111111111111111111111111111111110011111111100000000000000000001000000000000000000001111111111111111111111111111111
111111111111111111111111111111111111110011111111100000000000000000011000000001111000000000111111111111111111111111111111
111111111111111111111111111111111111101101111111100000000000000000011000000001110000000000111111111111111111111111111111
111111111111111111111111111111111111101101111111110000000000000000011000000011000000000001111111111111111111111111111111
111111111111111111111111111111111111111011111111110000000000000000001000000010000000000111111111111111111111111111111111
111111111111111111111111111111111111110001111111100000000000000000000000000000000000011111111111111111111111111111111111
111111111111111111111111111111111111110111111111000000000000000000000000000000000001111111111111111111111111111111111111
