111111111111111111111111111111111111111000000000000000000010000000000000000000000000000011111110000000000000000111111111
111111111111111111111111111111111111111000000000000000000000000000000000000000000000000000011110000000000000000011111111
111111111111111111111111111111111111111100000000000000000000000000000000000000000000000111111110000000000000000011111111
111111111111111111111111111111111111111111101000000000000000000000000000000000000000100111111110000000000000000011111111
111111111111111111111111111111111111111111111100100000000000000000000000000000000001110111111110000000000000000011111111
111111111111111111111111111111111111111111111111100000000000000000100000010000001111111111111110000000000000000111111111
001111111111111111111111111111111111111111111111111000000000000000001001110000111111111111111111000000000000000111111000
000001111111111111111111111111111111111111111111111000000000000000011111111111111111111111111111000000000000001110000000
100000000000111111111111100000001111111111111100000000000000000000000000011111111111111000000000000000000000000000000011
111000000000000000000000000000000111111110000000000000000000000000000000000001111111110000000000000000000000000000000111
110000000111111111111100000000000001100000000000000000000000000000000000000000001111100000000000000000000001111000000000
000000000011111111110000000111000000000000000000000000000000000000000000000000000010000000111000000000000001110000000000
000000000011111111100000000011110000000000000000000000000000000000000000000000000000000011110000000000001111110000000000
000000000001111111000000000001100000000000000000000000000000000000000000000000000000000001100000000000011111100000000000
000000000001111110000000000000000000000000000000000000000000000000000000000000000000000000000000000000011111100000000000
000000000001111110000000000000000000000000000000000000000000000000000000000000000000000000000000000000011111110000000000
000000000011111111000000000000000000000000000000000000000000000000000000000000000000000000000000000000111111110000000000
000000000111111111000000000000000000000000000000000000000000000000000000000000000000000000000000000000111111111000000000
100000000111111111000000000000000000000000000000000000000000000000000000000000000000000000000000000001111111111100000000
100000001111111111100000000000000000000000000000000000000000000000000000000000000000000000000000000001111111111100000001
110000011111111111100000000000000000000000111111111111111111111111111111111111111111111111111111111111111111111111111111
111111111111111111111111111111111111111111111111111111111111111111111111111111111111111111111111111111111111111111111111
111111111111111111111111111111111111111111111111111111111111111111111111111111111111111111111111111111111111111111111111
111111111111111111111111111111111111111111111111111111111111111111111111111111111111111111111111111111111111111111111111
111111111111111111111111111111111111111111111111110000000000000000000000000000000000000000000011000111111111111111111111
111111111111111111111100000000000000000000000000000000000000000000000000000000000000000000000001101111111111111111111111
111111111111111111111100000000000000000000000000000000000000000000000000000000000000000000000000111111111111111111111111
111111111111111111111100000000000000000000000000000000000000000000000000000000000000000000000000011111111111111111111111
111111111111111111111000000000000000000000000000000000000000000000000000000000000000000000000000001111111111111111111111
111111111111111111110000000000000000000000000000000000000000000000000000000000000000000000000000001111111111111111111111
111111111111111111110000000000000010000000000000000000000000000000000000000000000000000000000000000111111111111111111111
111111111111111111100000000000000010000000000000000000000000000000000000000000000000000000000000000111111111111111111111
111111111111111111100000000000000110000000000000000000000000000000000000000000000000000000000000000111111111111111111111
111111111111111111000000000000001110000000000000000000000000000000000000000000000000110000000000000011111111111111111111
111111111111111000000000000000011110000000000000000000000000000000000000000000000000111000000000000000011111111111111111
111111111110000000000000000000111110000000000000000000000000000000000000000000000000111100000000000000000001111111111111
111111100000000000000000000001111110000000000000000000000000000000000000000000000000111110000000000000000000000011111111
111000000000000000000000000011111110000000000000000000000000000000000000000000000000111111000000000000000000000000001111
000000000000000000000000000111111110000000000000000000000000000000000000000000000000011111100000000000000000000000000000
000000000000000000000000111111111110000000000000000000000000000000000000000000000000011111111000000000000000000000000000
