111111111111111111111111111111111111111111111111111111111110000000000000000000000000000000000000000011111111111111111111
111111111111111111111111111111111111111111111111111111100000000000000000000000000000000000000000000001111111111111111111
111111111111111111111111111111111111111111111111111110000000000000000000000000000000000000000000000000111111111111111111
111111111111111111111111111111111111111111111111111100000000000000000000000000000000000000000000000000011111111111111111
111111111111111111111111111111111111111111111111111100000000000000000000000000000000000000000000000000011111111111111111
111111111111111111111111111111111111111111111111111000000000000000000000000000000000000000000000000011111111111111111111
111111111111111111111111111111111111111111111111111000000000000000000000000000000000000000000000000000111111111111111111
111111111111111111111111111111111111111111111110000000000000000000000000000000000000000000000000000011111111111111111111
111111111111111111111111111111111111111100000000000000000000000000000000000000000000000000000000001111111111111111111111
111111111111111111111111111111111111111100000000000000000000000000000000000000000000000111110011111111111111111111111111
111111111111111111111111111111111111111111111111000000000000000000000000000000000000001111111111111111111111111111111111
111111111111111111111111111111111111111111111111100000000000000000000000000000000000000111111111111111111111111111111111
111111111111111111111111111111111111111111111111111000000000000000000000000000000000000001111111111111111111111111111111
111111111111111111111111111111111111111111111111111110000000000000000000000000000000000000111111111111111111111111111111
111111111111111111111111111111111111111111111111111111100000000000000000000000000000010001111111111111111111111111111111
111111111111111111111111111111111111111111111111111111100000000000000000000000000000011111111111111111111111111111111111
111111111111111111111111111111111111111111111111111111100000000000000000000000000000001111111111111111111111111111111111
111111111111111111111111111111111111111111111111111111111100000000000000000000000000111111111111111111111111111111111111
111111111111111111111111111111111111111111111111111111111000000110000000000000010111111111111111111111111111111111111111
111111111111111111111111111111111111111111111111111111110000000000000000000111111111111111111111111111111111111111111111
111111111111111111111111111111111111111111111111111111100000000000000000000000111111111111111111111111111111111111111111
111111111111111111111111111111111111111111111111111111000000000000000000000000000111111111111111111111111111111111111111
111111111111111111111111111111111111111111111111111111000000000000000000000000000001111111111111111111111111111111111111
111111111111111111111111111111111111111111111111111000000000000000000000000000000000111111111111111111111111111111111111
111111111111111111111100000000000000000000000000100000000000000000000000000000000000111111111111111111111111111111111111
111111111111111111111110000000000000000000000000000000000000000000000000000000000000111111111111111111111111111111111111
111111111111111111111111000000000000000000000000000000000000000000000000000000000000000111111111111111111111111111111000
111111111111111111111000000000000000000000000000000000000000000000000000000000000000000000011110000111111111111110000000
111111111111111111111111000000000000000000000000000000000000000000000000000000000000000000000000000000000000000000000000
111111111111111111111111111000000011110000000000000000000000000000000000000000000011111100000000000000000000000000000000
111111111111111111111111111111111111111000000000000000000000000000000000000000000111111111110000000000000000000000000000
111111111111111111111111111111111111111100000000000000000000000000000000000011111111111111111110000000000000000000000000
111111111111111111111111111111111111111111000000000000000000000000000000000001111111111111111111110000000000000000000000
111111111111111111111111111111111111111111100000000000000000000000000000001111111111111111111111111110000000000000000000
111111111111111111111111111111111111111111111100000000000000000000000000001111111111111111111111111111100000000011111100
111111111111111111111111111111111111111111111111100000000000000000000000011111111111111111111111111111111100011111111111
111111111111111111111111111111111111111111111111100000000000000000000000011111111111111111111111111111111111111111111111
111111111111111111111111111111111111111111111111100000000000000000000000011111111111111111111111111111111111111111111111
111111111111111111111111111111111111111111111111000000000000000000000000011111111111111111111111111111111111111111111111
111111111111111111111111111111111111111111111000000000000000000000000000000011111111111111111111111111111111111111111111
