111111111111111111111111111111111111111111111111111111111111111111111111111111111111111111111111111111111111111111111111
111111111111111111111111111111111111111111111111111111111111111111111111111111111111111111111111111111111111111111111111
111111111111111111111111111111110000000000011111111111111111111111111111111111111111111111111111111111111111111111111111
111111111111111111111111111110000000000000000011111111111111111111111111111111111111111111111111111111111111111111111111
111111111111111111111111111000000000000000000000111111111111111111111111111111111111111111111111111111111111111111111111
111111111111111111111111110000000000000000000000011111111111111111111111111111111111111111111111111111111111111111111111
111111111111111111111111100000000000000000000000011111111111111111111111111111111111111111111111111111111111111111111111
111111111111111111111111000000000000000000000000001111111111111111111111111111111111111111111111111111111111111111111111
111111111111111111111111000000000000000000000000000011111111111111111111111111111111111111111111111111111111110000111111
111111111111111111111111100000000000000000000000000000000111111111111111111111111111111111111111111111111100000111111111
111111111111111111111111110000000000000000000000000000000001111111111111111111111111111111111111111111000000011111111111
111111111111111111111111111000000000000000000000000000000000111111111111111111111111111111111111110000000000011111111111
111111111111111111111111111111000000000000000000000000000000111111111111111111111111000111111000000000000000111111111111
111111111111111111111111111111111111100000000000000000000000111111110000000000000000000000000000000000000000011111111111
111111111111111111111111111111110000000000000000000000000001111111100000000000000000000000000000011111111111111111111111
111111111111111111111111111111100000000000000000000000000000111111000000000000000000000000000111111111111111111111111111
111111111111111111111111111111000000000000110000000000011000111111000000000000000000000000011100011111111111111111111111
111111111111111111111111111110010000000001111111111111111111111000000000000000000000000000000000000011111111111111111111
111111111111111111111111111111111100000001111111111111111111110000000000000000000000000000000000000001111111111111111111
111111111111111111111111111111111100000000111111111111111111110000000000000000000000000000000000000011111111111111111111
111111111111111111111111111111111100000000011111111111111111100000000000000000000000000000000000000111111111111111111111
111111111111111111111111111111111111000000011111111111111111111000000000000000000000000000000000001111111111111111111111
111111111111111111111111111111111111000000001111111111111111111000000000000000000000000000000000111111111111111111111111
111111111111111111111111111111111111000000000111111111111111110000000000000000000000000000000011111111111111111111111111
111111111111111111111111111111111111000000000000000000000000000000000000000000000000000011011111111111111111111111111111
111111111111111111111111111111111111011000000000000000000000000000000000000000000000000111111111111111111111111111111111
111111111111111111111111111111111111000111000000000000000000000000000000000000000000001111111111111111111111111111111111
111111111111111111111111111111111111100111111111111111000000000000000000000000000000001111111111111111111111111111111111
111111111111111111111111111111111111100011111111111110000000000000000000000000000000011111111111111111111111111111111111
111111111111111111111111111111111111101001111111111000000000000000000000000000000000011111111111111111111111111111111111
111111111111111111111111111111111111110011111111110000000000000000000000000000000000111111111111111111111111111111111111
111111111111111111111111111111111111110011111111100000000000000000000000000000000000111111111111111111111111111111111111
111111111111111111111111111111111111110001111111100000000000000000000000000000000001111111111111111111111111111111111111
111111111111111111111111111111111111110101111111100000000000000000000000000000000001111111111111111111111111111111111111
111111111111111111111111111111111111111001111111100000000000000000000101000000000000111111111111111111111111111111111111
111111111111111111111111111111111111111001111111100000000000000000001111100000000000011111111111111111111111111111111111
111111111111111111111111111111111111111000111111100000000000000000011111100000000000001111111111111111111111111111111111
111111111111111111111111111111111111111010111111100000000000000000011111100000000000000111111111111111111111111111111111
111111111111111111111111111111111111111000111111100000000000000000011111110000000000000011111111111111111111111111111111
111111111111111111111111111111111111111001111111100000000000000000011111110000000000000011111111111111111111111111111111
