000000000000000000000000000000000000001111111111111111111111111111111111111111111111111111111111111111111111111111111111
000000000000000000000000000000000000000111110001111111111111111111111111111111111111111111111111111111111111111111111111
000000000000000000000000000000000000000000111111111111111111111111111111111111111111111111111111111111111111111111111111
000000000000000000000000000000000000000000011000000001111111111111111111111111111111111111111111111111111111111111111111
000000000000000000000000000000000000000000000110000000111111111111111111111111111111111111111111111111111111111111111111
000000000000000000000000000000000000000000000000111011111111111111111111111111111111111111111111111111111111111111111111
000000000000000000000000000000000000000000000000000000001101111111111111111111111111111111111111111111111111111111111110
000000000000000000000000000000000000000000000000000000000100001111111111111111111111111111111111111111111111111111111110
000000000000000000000000000000000000000000000000000000000010111111111111111111111111111111111111111111111111111111111111
000000000000000000000000000000000000000000000000000011111111111111111111111111111111111111111111111111111111111111111111
000000000000000000000000000000000000000000000000001111110011111111111111111111111111111111111111111111111111111111111111
000000000000000000000000000000000000000000000001111111111111111111111111111111111111111111111111111111111111111111111111
000000000000000000000000000000000000000000000111111011111111111111111111111111111111111111111111111111111111111111111111
000000000000000000000000000000000000000000011111000011111111111111111111111111111111111111111111111111111111111111111111
000000000000000000000000000000000000000001111100000011111111111111111111111111111111100111111111111111111111111111111111
000000000000000000000000000000000000000111111000000001111111111111111111111111111111110000111111111111111111111111111111
000000000000000000000000000000000000001111100000000000011111111111111111111111111111110000000111111111111111111111111111
000000000000000000000000000000000000111111000000000000000001111111111111111111111111111000000001111111111111111111111111
000000000000000000000000000000000011111111000000000000000000111111111111111111111111111000000000011111111111111111111111
000000000000000000000000000000001111111111000000000000000000111111111111111111111111111100000000001000000111111111111111
000000000000000000000000000000011111111100000000000000000000111111111111111111111111111100000000000100000000011111111111
000000000000000000000000000000011111111110000000000000001111111111111111111111111111111100000000000011000000000111111111
000000000000000000000000000000000011111111100000000000111111111111111111111111111111111100000000000000110000000001111111
000000000000000000000000000000000000111111111100000000001111111111111111111111111111111110000000000000000011101111001111
000000000000000000000000000000000000001111111111111111111111111111111111111111111111111110000000000000000000000000000001
000000000000000000000000000000000000000011111111111111111111111111111111111111111111111110000000000000000000000000000000
000000000000000000000000000000000000000001111111111111111111111111111111111111111111111111000000000000000000000000000000
000000000000000000000000000000000000000000001111111111111111111111111111111111111111111111000000000000000000000000000000
000000000000000000000000000000000000000000000000000000001111111111111111111111111111111111100000000000000000000000000000
000000000000000000000000000000000000000000000000000000011111111111111111111111111111111111100000000000000000000000000000
000000000000000000000000000000000000000000000000000000111111111111111111111111111111111111100000000000000000000000000000
000000000000000000000000000000000000000000000000000011111111111111111111111111111111111111110000000000000000000000000000
000000000000000000000000000000000000000000000000000111111111111111111111111111111111111111110000000000000000000000000000
000000000000000000000000000000000000000000000000011111100011111111111111111111111111111111111000000000000000000000000000
000000000000000000000000000000000000000000000001111111000011111111111111111111111111111111111100000000000000000000000000
000000000000000000000000000000000000000000000011111100000011111111111111111111111111111111111110000000000000000000000000
000000000000000000000000000000000000000000000111110000000111111111111111111111111111111111111111000000000000000000000000
000000000000000000000000000000000000000000000000000000000111111111111111111111111111111111111111000000000000000000000000
000000000000000000000000000000000000000000000000000000001111111111111111111111111111111111111111100000000000000000000000
000000000000000000000000000000000000000000000000000000001111111111111111111111111111111111111111110000000000000000000000
