000000000000000001111111111111100000000000000000000000000000000000000000000000000000000000000000000000000000000000000000
000000000000000000001111110001110000000000000000000000000000000000000000000000000000000000000000000000000000000000000000
000000000000000000011111111111111111100000000000000000000000000000000000000000000000000000000000000000000000000000000000
000000000000011111111111111111111111100000000000000000000000000000000000000000000000000000000000000000000000000000000000
000000000000001111111111111111111111111100000000000000000000000000000000000000000000000000000000000000000000000000000000
000000000000001111111111111111111111111111000000000000000000000000000000000000000000000000000000000000000000000000000000
000000000000001111111111111111111111000111110000000000000000000000000000000000000000000000000000000000000000000000000000
000000000000000111111111111111111110000001111100000000000000000000000000000000000000000000000000000000000000000000000000
000000000000000111111111111111111100000000001111100000000000000000000000000000000000000000000000000000000000000000000000
000000000000000111111111110000000000000000000011111000000000000000000000000000000000000000000000000000000000000000000000
000000000000011111111111110000000000000000000000111110000000000000000000000000000000000000000000000000000000000000000000
000011111111111111111111111110000000000000000000001111110000000000000000000000000000000000000000000000000000000000000000
001111111111111111111111111111111000000000000000000011111100000000000000000000000000000000000000000000000000000000000000
111111111111111111111111111111111111111111111000000001111111000000000000000000000000000000000000000000000000000000000000
111111111111111111111111111111111111111111111111100000011111100000000000000000000000000000000000000000000000000000000000
111111111111111111111111111111111111111111111111111000001111110000000000000000000000000000000000000000000000000000000000
111111111111111111111111111111111111111111111111110000000011111000000000000000000000000000000000000000000000000000000000
111111111111111111111111111111111111111111111111100000000001111100000000000000000000000000000000000000000000000000000000
111111111111111111111111111111111111111111111111111111111111111111111111111111111111111111111111111111111111100000000000
111111111111111111111111111111110000001111111000000000000000111000000000000000000000000000000000000000000000000000000000
111111111111111111111111111111111000000000000000000000000000010000000000000000000000000000000000000000000000000000000000
001111111111111111111111111111111100000000000000000000000000000000000000000000000000000000000000000000000000000000000000
000000111111111111111111111111111110000000000000000000000000000000000000000000000000000000000000000000000000000000000000
000000000000111111111111111110000000000000000000000000000000000000000000000000000000000000000000000000000000000000000000
000000000000001111100001111100000000000000000000000000000000000000000000000000000000000000000000000000000000000000000000
000000000000000011111111111100000000000000000000000000000000000000000000000000000000000000000000000000000000000000000000
000000000000000000111111111100000000000000000000000000000000000000000000000000000000000000000000000000000000000000000000
000000000000000000111111111111000000000000000000000000000000000000000000000000000000000000000000000000000000000000000000
000000000000000001111111110000000000000000000000000000000000000000000000000000000000000000000000000000000000000000000000
000000000000000001111000000000000000000000000000000000000000000000000000000000000000000000000000000000000000000000000000
000000000000000000000000000000000000000000000000000000000000000000000000000000000000000000000000000000000000000000000000
000000000000000000000000000000000000000000000000000000000000000000000000000000000000000000000000000000000000000000000000
000000000000000000000000000000000000000000000000000000000000000000000000000000000000000000000000000000000000000000000000
000000000000000000000000000000000000000000000000000000000000000000000000000000000000000000000000000000000000000000000000
000000000000000000000000000000000000000000000000000000000000000000000000000000000000000000000000000000000000000000000000
000000000000000000000000000000000000000000000000000000000000000000000000000000000000000000000000000000000000000000000000
000000000000000000000000000000000000000000000000000000000000000000000000000000000000000000000000000000000000000000000000
000000000000000000000000000000000000000000000000000000000000000000000000000000000000000000000000000000000000000000000000
000000000000000000000000000000000000000000000000000000000000000000000000000000000000000000000000000000000000000000000000
000000000000000000000000000000000000000000000000000000000000000000000000000000000000000000000000000000000000000000000000
