111111111111111111111111111111111111111111111111111111000000000000000000010111100000000011111111111111111111111111111111
111111111111111111111111111111111111111111111111111111000000000000000000000000000000000000011111111111111111111111111111
111111111111111111111111111111111111111111111111111111100000000000000000000000000000000000000011111111111111111111111111
111111111111111111111111111111111111111111111111111111111000000000000000000000000000000000000001111111111111111111111111
111111111111111111111111111111111111111111111111111111111110000000000000000000000000000000000000111111111111111111111111
111111111111111111111111111111111111111111111111111111111100000000000000000000000000000000000000011111111111111111111111
111111111111111111111111111111111111111111111111111111110000000000000000000000000000000000000000001111111111111111111111
111111111111111111111111111111111111111111111111111111000000000000000000000000000000000000000000000111111111111111111111
111111111111111111111111111111111111111111111111111110000000000000000000000000000000000000000000000011111111111111111111
111111111111111111111111111111111111111111111111111100000000000000000000000000000000000000000000000001111111111111111111
111111111111111111111111111111111111111111111111111000000000000000000000000000000000000000000000000000111111111111111111
111111111111111111111111111111111111111111111111111000000000000000000000000000000000000000000000000000011111111111111111
111111111111111111111111111111111111111111111111111000000000000000000000000000000000000000000000000000011111111111111111
111111111111111111111111111111111111111111111111110000000000000000000000000000000000000000000000000000011111111111111111
111111111111111111111111111111111111111111111111110000000000000000000000000000000000000000000000000000001111111111111111
111111111111111111111111111111111111111111111111111000000000000000000000000000000000000000000000000000001111111111111111
111111111111111111111111111111111111111111111111111111000000000000000000000000000000000000000000000000001111111111111111
111111111111111111111111111111111111111111111111111111111100000000000000000000000000000000000000000000001111111111111111
111111111111111111111111111111111111111111111111111111111111110000000000000000000000000000000000000000001111111111111111
111111111111111111111111111111111111111111111111111111111111100000000000000000000000000000000000000000001111111111111111
111111111111111111111111111111111111111111111111111111111111110000000000000000000000000000000000000000001111111111111111
111111111111111111111111111111111111111111111111111111111111111100000000000000000000000000000000000000001111111111111111
111111111111111111111111111111111111111111111111111111111111111100000000001100000000000000000000000000011111111111111111
111111111111111111111111111111111111111111111111111111111111111000000000111110000000000000000000000000001111111111111111
111111111111111111111111111111111111111111111111111111111111111000000000111110000000000000000000010000001111111111111111
111111111111111111111111111111111111111111100000111111111111111000000001111000000000000000000000011000000111111111111111
111111111111111111111111111111111111110000000000001111111111111000000011100000000000000000000000011101011111111111111111
111111111111111111111111111111111110000000000000000111111111111100000011000000000000000000000000001111111111111111111111
111111111111111111111111111111111100000000000000000011111111111100000110000000000000000000000000000111111111111111111111
111111111111111111111111111111111100000000000000000011111111111110000000000000000000000000000000000011111111111111111111
111111111111111111111111111111111100000000000000000001111111111110010000000000000000000000000000000001111111111111111111
111111111111111111111111111111111100000000000000000000000111111110000000000000000000000000000000011100111111111111111111
111111111111111111111111111111111110000000000000000000000000111100000000000000000000000000000000011110001111111111111111
111111111111111111111111111111111111000000000000000000000000001110000000000000000000000000000000001111111111111111111111
111111111111111111111111111111111111111000000000000000000000000000000000000000000000000000000000001111111111111111111111
111111111111111111111111111111111111111111111100000000000000000000000000000000000000000000000000001111111111111111111111
111111111111111111111111111111111111111111111100000000000000000000000000000000000000000000000000000111111111111111111111
111111111111111111111111111111111111111111111000000000000000000000000000000000000000000000000000000111111111111111111111
111111111111111111111111111111111111111111110000000000000000000000000000000000000000000000000000000111111111111111111111
111111111111111111111111111111111111111111110000000000000000000000000000000000000000000000000000000011111111111111111111
