111111111111111111111111111111111111111111111111111111111111111111111111111111111111111111111111111111111111111111111111
111111111111111111111111111111111111111111111111111111111111111111111111111111111111111111111111111111111111111111111111
111111111111111111111111111111111111111111111111111111111111111111111111111111111111111111111111111111111111111111111111
111111111111111111111111111111111111111111111111111111111111111111111111111111111111111111111111111111111111111111111111
111111111111111111111111111111111111111111111111111111111111111111111111111111111111111111111111111111111111111111111111
111111111111111111111111111111111111111111111111111111111111111111111111111111111111111111111111111111111111111111111111
111111111111111111111111111111111111111111111111111111111111111111111111111111111111111111111111111111111111111111111111
111111111111111111111111111111111111111111111111111111111111111111111111111111111111111111111111111111111111111111111111
111111111111111111111111111111111111111111111111111111111111111111111111111111111111111111111111111111111111111111111111
111111111111111111111111111111111111111111111111111111111111111111111111111111111111111111111111111111111111111111111111
111111111111111111111111111111111111111111111111111111111111111111111111111111111111111111111111111111111111111111111111
111111111111111111111111111111111111111111111111111111111111111111111111111111111111111111111111111111111111111111111111
111111111111111111111111111111111111111111111111111111111111111111111111111111111111111111111111111111111111111111111111
111111111111111111111111111111111111111111111111111111111111111111111111111111111111111111111111111111111111111111111111
111111111111111111111111111111111111111111111111111111111111111111111111111111111111111111111111111111111111111111111111
111111111111111111111111111111111111111111111111111111111111111111111111111111111111111111111111111111111111111111111111
111111111111111111111111111111111111111111111111111111111111111111111111111111111111111111111111111111111111111111111111
111111111111111111111111111111111111111111111111111111111111111111111111111111111111111111111111111111111111111111111111
111111111111111111111111111111111111111111111111111111111111111111111111111111111111111111111111111111111111111111111111
000000000000000000000011111111111111111111111111111111111111111111111111111111111111111111111111111111100000000000000000
000000000000000000000000000011111111111111111111111111111111111111111111111111111111111111111110000000000000000000000000
000000000000000000000000000000000111111111111111111111111111111111111111111111111111111111000000000000000000000000000000
000000000000000000000000000000000000011111111111111111111111111111111111111111111111100000000000000000000000000000000000
110000000000000000000000000000000000000011111111111111111111111111111111111111111000000000000000000000000000000000000000
111111110000000000000000000000000000000000001111111111111111111111111111111110000000000000000000000000000000000000000011
111111111111111110000000000000000000000000000001111100000000000000000011110000000000000000000000000000000000001111111111
111111111111111111111111100000000000000000000000000000000000000000000000000000000000000000000000000011111111111111111111
111111111111111111111111111111110000000000000000000000000000000000000000000000000000000000011111111111111111111111111111
111111111111111111111111111111111111100000000000000000000000000000000000000000000000001111111111111111111111111111111111
111111111111111111111111111111111111111100000000000000000000000000000000000000000011111111111111111111111111111111111111
111111111111111111111111111111111111110000000000000000000000000000000000000000000000111111111111111111111111111111111111
111111111111111111111111111111111111100000000000000000000000000000000000000000000000011111111111111111111111111111111111
111111111111111111111111111111111111000000000000000000000000000000000000000000000000001111111111111111111111111111111111
111111111111111111111111111111111111000000000000000000000000000000000000000000000000000111111111111111111111111111111111
111111111111111111111111111111111110000000000000000000000000000000000000000000000000000111111111111111111111111111111111
111111111111111111111111111111111100000000000000000000000000000000000000000000000000000011111111111111111111111111111111
111111111111111111111111111111111000000000000000000000000000000000000000000000000000000001111111111111111111111111111111
111111111111111111111111111111110000000000000000000000000000000000000000000000000000000000111111111111111111111111111111
111111111111111111111111111111110100000000000000000000000000000000000000000000000000000000111111111111111111111111111111
111111111111111111111111111111111100000000000000000000000000000000000000000000000000000010011111111111111111111111111111
