111111111111111111111111111111111111111111111111111111111111111111111111111111111111111111111111111111111111111111111111
111111111111111111111111111111111111111111111111111111111111111111111111111111111111111111111111111111111111111111111111
111111111111111111111111111111111111111111111111111111111111111111111111111111111111111111111111111111111111111111111111
111111111111111111111111111111111111111111111111111111111111111111111111111111111111111111111111111111111111111111111111
111111111111111111111111111111111111111111111111111111111111111111111111111111111111111111111111111111111111111111111111
111111111111111111111111111111111111111111111111111111111111111111111111111111111111111111111111111111111111111111111111
111111111111111111111111111111111111111111111111111110000000000000000000111111100001111111111111111111111111111111111111
111111111111111111111111111111111111111111111111111000000000000000000000001100000000111111111111111111111111111111111111
111111111111111111111111111111111111111111111111110000000000000000000000000000000000011111111111111111111111111111111111
111111111111111111111111111111111111111111111111100000000000000000000000000000000000001111111111111111111111111111111111
111111111111111111111111111111111111111111111111100000000000000000000000000000000000000011111111111111111111111111111111
111111111111111111111111111111111111111111111111100000000000000000000000000000000001111111111111111111111111111111111111
111111111111111111111111111111111111111111111111100000000000000000000000000000000001111111111111111111111111111111111111
111111111111111111111111111111111111111111111100000000000000000000000000000001111101111111111111111111111111111111111111
111111111111111111111111111111111111111111110000000000000000000000000000000000011111111111111111111111111111111111111111
111111111111111111111111111111111111111111111100000000000000000000000000000001111111111111111111111111111111111111111111
111111111111111111111111111111111111111111111111111000000000000000000000000011111111111111111111111111111111111111111111
111111111111111111111111111111111111111111111111110000000000000000000000000001111111111111111111111111111111111111111111
111111111111111111111111111111111111111111111111110000000000000000000000000001111111111111111111111111111111111111111111
111111111111111111111111001111111111111111111111111100000000000000000000011111111111111111111111111111111111111111111111
111111111111111111111100001111111111111111111111111111111110000000001111111111111111111111111111111111111111111111111111
111111111111111111110000000000111111111111111111111111111000000000000111111111111111111111111111111111111111111110000111
111111111111111111000000000000000111111111111111110000000000000000000000000001111111111111111111111111111111000000000011
111111111111111000000000000000000001111111111111000000000000000000000000000000011111111111111111111111110000000000000000
111111111111000000000000000000000000001111111100000000000000000000000000000000001111111111111111111100000000000000000000
111111111000000000000000000000000000000000000000000000000000000000000000000000000011000000000000000000000000000000000000
111111000000000000000000000000000000000000000000000000000000000000000000000000000000000000000000000000000000000000000000
110000000000000000111101111000000000000000000000000000000000000000000000000000000100000000000000000000000000000000000000
111111111111100011111111111110011111000000000000000000000000000000000000000000011111111100000000000000000000000000011000
111111111111111111111111111111111111111000011110000000000000000000000000000000011111111111110000111111100001111111111100
111111111111111111111111111111111111111111111110000000000000000000000000000000111111111111111111111111111111111111111111
111111111111111111111111111111111111111111111100000000000000000000000000000000111111111111111111111111111111111111111111
111111111111111111111111111111111111111111111100000000000000000000000000000000111111111111111111111111111111111111111111
111111111111111111111111111111111111111111111100000000000000000000000000000000111111111111111111111111111111111111111111
111111111111111111111111111111111111111111111111000100000000000000000000000001111111111111111111111111111111111111111111
111111111111111111111111111111111111111111111111111100000000000000000000011111111111111111111111111111111111111111111111
111111111111111111111111111111111111111111111111111000000000000000000000011111111111111111111111111111111111111111111111
111111111111111111111111111111111111111111111111100000000000000000000000000111111111111111111111111111111111111111111111
111111111111111111111111111111111111111111111111000000000000000000000000000111111111111111111111111111111111111111111111
111111111111111111111111111111111111111111111111000000000000000000000000001111111111111111111111111111111111111111111111
