111111111111111111111111111111111111111111111111111111111111111111111111111111111111111111111111111111111111111111111111
111111111111111111111111111111111111111111111111111111111111111111111111111111111111111111111111111111111111111111111111
111111111111111111111111111111111111111111111111111111111111111111111111111111111111111111111111111111111111111111111111
111111111111111111111111111111111111111111111111111111111111111111111111111111111111111111111111111111111111111111111111
111111111111111111111111111111111111111111111111111111111111111111111111111111111111111111111111111111111111111111111111
111111111111111111111111111111111111111111111111111111111111111111111111111111111111111111111111111111111111111111111111
111111111111111111111111111111111111111111111111111111111111111111111111111111111111111111111111111111111111111111111111
111111111111111111111111111111111111111111111111111111111111111111111111111111111111111111111111111111111111111111111111
111111111111111111111111111111111111111111111111111111111111111111111111111111111111111111111111111111111111111111111111
111111111111111111111111111111111111111111111110011111111111111111111111111111111111111111111111111111111111111111111111
111111111111111111111111111111111111111111111110011111111111111111111111111111111111111111111111111111111111111111111111
111111111111111111111111111111111111111111111111011111111111111111111111111111111111111111111111111111111111111111111111
111111111111111111111111111111111111111111111111011111111001111111111111111111111111111111111111111111111111111111111111
111111111111111111111111111111111111111111111111001111000000001111111111111111111111111111111111111111111111111111111111
111111111111111111111111111111111111111111111110000111000000000111111111111111111111111111111111111111111111111111111111
111111111111111111111111111111111111111111111110000000000000000111111111111111111111111111111111111111111111111111111111
111111111111111111111111111111111111111111111111001110000000000111111111111111111111111111111111111111111111111111111111
111111111111111111111111111111111111111111111111101111000000000011111111111111111111111111111111111111111111111111111111
111111111111111111111111111111111111111111111111100000000000000011111111111111111111111111111111111111111111111111111111
111111111111111111111111111111111111111111111111100000000000000011111111111111111111111111111111111111111111111111111111
111111111111111111111111111111111111111111111111100000000000000111111111111111111111111111111111111111111111111111111111
111111111111111111111111111111111111111111111111100000000000000111111111111111111111111111111111111111111111111111111111
111111111111111111111111111111111111111111111111110111000000000111111111111111111111111111111111111111111111111111111111
111111111111111111111111111111111111111111111111100111000000000111111111111111111111111111111111111111111111111111111111
111111111111111111111111111111111111111111111111100010000000000011111111111111111111111111111111111111111111111111111111
111111111111111111111111111111111111111111111111100010000000000011111111111111111111111111111111111111111111111111111111
111111111111111111111111111111111111111111111111100001000000000001111111111111111111111111111111111111111111111111111111
111111111111111111111111111111111111111111111111000000000000000001111111111111111111111111111111111111111111111111111111
111111111111111111111111111111111111111111111111000000000000000001111111111111111111111111111111111111111111111111111111
111111111111111111111111111111111111111111111110000000000000000001111111111111111111111111111111111111111111111111111111
111111111111111111111111111111111111111111111100000000001000000011111111111111111111111111111111111111111111111111111111
111111111111111111111111111111111111111111111111000000011111111111111111111111111111111111111111111111111111111111111111
111111111111111111111111111111111111111111111111111011111111111111111111111111111111111111111111111111111111111111111111
111111111111111111111111111111111111111111111111111111111111111111111111111111111111111111111111111111111111111111111111
111111111111111111111111111111111111111111111111111111111111111111111111111111111111111111111111111111111111111111111111
111111111111111111111111111111111111111111111111111111111111111111111111111111111111111111111111111111111111111111111111
111111111111111111111111111111111111111111111111111111111111111111111111111111111111111111111111111111111111111111111111
111111111111111111111111111111111111111111111111111111111111111111111111111111111111111111111111111111111111111111111111
111111111111111111111111111111111111111111111111111111111111111111111111111111111111111111111111111111111111111111111111
111111111111111111111111111111111111111111111111111111111111111111111111111111111111111111111111111111111111111111111111
