111111111111111111111111111111111111111111111111111110000011111111111111111111111111111111111111111111111111111111111111
111111111111111111111111111111111111111111111111111110000011111111111111111111111111111111111111111111111111111111111111
111111111111111111111111111111111111111111111111111100000011111111111111111111111111111111111111111111111111111111111111
111111111111111111111111111111111111111111111111111100000001111111111111111111111111111111111111111111111111111111111111
111111111111111111111111111111111111111111111111111000000001111111111111111111111111111111111111111111111111111111111111
111111111111111111111111111111111111111111111111111000000001111111111111111111111111111111111111111111111111111111111111
111111111111111111111111111111111111111111111111111000000001111111111111111111111111111111111111111111111111111111111111
111111111111111111111111111111111111111111111111111000000001111111111111111111111111111111111111111111111111111111111111
111111111111111111111111111111111111111111111111110000000001111111111111111111111111111111111111111111111111111111111111
111111111111111111111111111111111111111111111111110000000001111111111111111111111111111111111111111111111111111111111111
111111111111111111111111111111111111111111111111110000000000111111111111111111111111111111111111111111111111111111111111
111111111111111111111111111111111111111111111111110000000000111111111111111111111111111111111111111111111111111111111111
111111111111111111111111111111111111111111111111110000000000111111111111111111111111111111111111111111111111111111111111
111111111111111111111111111111111111111111111111110000000000111111111111111111111111111111111111111111111111111111111111
111111111111111111111111111111111111111111111111110000000000011111111111111111111111111111111111111111111111111111111111
111111111111111111111111111111111111111111111111110000000000011111111111111111111111111111111111111111111111111111111111
111111111111111111111111111111111111111111111111110000000000001110011111111111111111111111111111111111111111111111111111
111111111111111111111111111111111111011111001010010000000000001100011111111111111111111111111111111111111111111111111111
111111111111111111111111111111111111001000000000000000000000000000001001101111111111111111111111111111111111111111111111
111111111111111111111111111111111100000000000000000000000000000000000001000111111111111111111111111111111111111111111111
111111111111111111111111111111111100000000000000000000000000000000000000000000011111111111111111111111111111111111111111
111111111111111111111111111110000000000000000000000000000000000000000000000000000011111111111111111111111111111111111111
000000000000000000000000000000000000000000000000000000000000000000000000000000000000000000000000000000000000000000000000
000000000000000000000000000000000000000000000000000000000000000000000000000000000000000000000000000000000000000000000000
000000000000000000000000000000000000000000000000000000000000000000000000000000000000000000000000000000000000000000000000
000000000000000000000000000000000000000000000000000001111100000000000000000000000000000000000000000000000000000000000000
000000000000000000000000000000000000000000000000000111111000000000000000000000000000000000000000000000000000000000000000
000000000000000000000000000000000000000000000000001111110000000000000000000000000000000000000000000000000000000000000000
000000000000000000000000000000000000000000000000001111110000000000000000000000000000000000000000000000000000000000000000
000000000000000000000000000000000000000000000000000011111000000000000000000000000000000000000000000000000000000000000000
000000000000000000000000000000000000000000000000000001111000000000000000000000000000000000000000000000000000000000000000
000000000000000000000000000000000000000000000000111111111000000000000000000000000000000000000000000000000000000000000000
000000000000000000000000000000000000000000000001111111111111011110000000000000000000000000000000000000000000000000000000
000000000000000000000000000000000000000000000001111111111111111111100000000000000000000000000000000000000000000000000000
000000000000000000000000000000000000000000000001111111111111111111100000000000000000000000000000000000000000000000000000
000000000000000000000000000000000000000000000001111111111111111111100000000000000000000000000000000000000000000000000000
000000000000000000000000000000000000000000000000111111111111111110000000000000000000000000000000000000000000000000000000
000000000000000000000000000000000000000000000000011111111111111000000000000000000000000000000000000000000000000000000000
000000000000000000000000000000000000000000000000011111111111110000000000000000000000000000000000000000000000000000000000
000000000000000000000000000000000000000000000000011111111111100000000000000000000000000000000000000000000000000000000000
