000000000000000000000000000000000000000000000000000000000000000000000000000000000000000000000000000000000000000000000000
000000000000000000000000000000000000000000000000000000000000000000000000000000000000000000000000000000000000000000000000
000000000000000000000000000000000000000000000000000000000000000000000000000000000000000000000000000000000000000000000000
000000000000000000000000000000000000000000000000000000000000000000000000000000000000000000000000000000000000000000000000
000000000000000000000000000000000000000000000000000000000000000000000000000000000000000000000000000000000000000000000000
000000000000000000000000000000000000000000000000000000000000000000000000000000000000000000000000000000000000000000000000
000000000000000000000000000000000000000000000000000000000000000000000000000000000000000000000000000000000000000000000000
000000000000000000000000000000000000000000000000000000000000000000000000000000000000000000000000000000000000000000000000
000000000000000000000000000000000000000000000000000000000000000000000000000000000000000000000000000000000000000000000000
000000000000000000000000000000000000000000000000000000000000000000000000000000000000000000000000000000000000000000000000
000000000000000000000000000000000000000000000000000000000000000000000000000000000000000000000000000000000000000000000000
000000000000000000000000000000000000000000000000000000000000000000000000000000000000000000000000000000000000000000000000
000000000000000000000000000000000000000000000000000000000000000000000000000000000000000000000000000000000000000000000000
000000000000000000000000000000000000000000000000000000011000000000000000000000000000000000000000000000000000000000000000
000000000000000000000000000000000000000000000001110100011100000000011111000000000000000000000000000000000000000000000000
000000000000000000000000000000000000000000000001111100011000000111111111111111111000000000000000000000000000000000000000
000000000000000000000000000000000000000000000011111100011001111111111111111111111000000000000000000000000000000000000000
000000000000000000000000000000000000000000110111111110011111111111111111111111111000000000000000000000000000000000000000
000000000000000000000000000000000000000000000001111111111111111111111111111111110000000000000000000000000000000000000000
000000000000000000000000000000000000000000000011111111111111111111111111111111100000000000000000000000000000000000000000
000000000000000000000000000000000000000000000011111111111111111111111111111111000000000000000000000000000000000000000000
000000000000000000000000000000000000000000001111111111111111111111111111111000000000000000000000000000000000000000000000
000000000000000000000000000000000000000001111111111111111111111111111111100000000000000000000000000000000000000000000000
000000000000000000000000000000000000001111111111111111111111111111111100000000000000000000000000000000000000000000000000
000000000000000000000000000000000000111111111111111111111111111111110000000000000000000000000000000000000000000000000000
000000000000000000000000000000000000111111111111111111111111111100000000000000000000000000000000000000000000000000000000
000000000000000000000000000000000000001111111111111111111111100000000000000000000000000000000000000000000000000000000000
000000000000000000000000000000000000000011111111111111111110000000000000000000000000000000000000000000000000000000000000
000000000000000000000000000000000000000000111111111111110000000000000000000000000000000000000000000000000000000000000000
000000000000000000000000000000000000000000000111110000000000000000000000000000000000000000000000000000000000000000000000
000000000000000000000000000000000000000000000000000000000000000000000000000000000000000000000000000000000000000000000000
000000000000000000000000000000000000000000000000000000000000000000000000000000000000000000000000000000000000000000000000
000000000000000000000000000000000000000000000000000000000000000000000000000000000000000000000000000000000000000000000000
000000000000000000000000000000000000000000000000000000000000000000000000000000000000000000000000000000000000000000000000
000000000000000000000000000000000000000000000000000000000000000000000000000000000000000000000000000000000000000000000000
000000000000000000000000000000000000000000000000000000000000000000000000000000000000000000000000000000000000000000000000
000000000000000000000000000000000000000000000000000000000000000000000000000000000000000000000000000000000000000000000000
000000000000000000000000000000000000000000000000000000000000000000000000000000000000000000000000000000000000000000000000
000000000000000000000000000000000000000000000000000000000000000000000000000000000000000000000000000000000000000000000000
000000000000000000000000000000000000000000000000000000000000000000000000000000000000000000000000000000000000000000000000
