000000000000000000000000000000000000000000000000000000000000000000001111111111111111100000000000000000000000000000000000
000000000000000000000000000000000000000000000000000000000000000000000111111111111111100000000000000000000000000000000000
000000000000000000000000000000000000000000000000000000000000000000000000111111111111110000000000000000000000000000000000
000000000000000000000000000000000000000000000000000000000000000000000000000000011111111000000000000000000000000000000000
000000000000000000000000000000000000000000000000000000000000000000000000000000000111111110000000000000000000000000000000
000000000000000000000000000000000000000000000000000000000000000000000000000000000001111111100000000000000000000000000000
000000000000000000000000000000000000000000000000000000000000000000000000000000000000011111111000000000000000000000000000
000000000000000000000000000000000000000000000000000000000000000000000000000000000000000111111111111000000000000000000000
000000000000000000000000000000000000000000000000000000000000000000000000000000000000000000011111111111000000000000000000
000000000000000000000000000000000000000000000000000000000000000000000000000000000000000000000000000011110000000000000000
000000000000000000000000000000000000000000000000000000000000000000000000000000000000000000000000000000111111100000000000
000000000000000000000000000000000000000000000000000000000000000000000000000000000000000000000000000000001111110000000000
000000000000000000000000000000000000000000000000000000000000000000000000000000000000000000000000000000000001100000000000
000000000000000000000000000000000000000000000000000000000000000000000000000000000000000000000000000000000000000000000000
000000000000000000000000000000000000000000000000000000000000000000000000000000000000000000000000000000000000000000000000
000000000000011111000000000000000000000000000000000000000000000000000111111110000000000000000000000000000000000000000000
000000000000111111100000000000000000000000000000000111111111111111111111111111110000000000000000000000000000000000000000
000000000000111111000000000000111111111111111111111111111111111111111111111111111011000000000000000000000000000000000000
000000000000111111000000000000000000000000000000000000000000000011111111111111110011000000000000000000000000000000000000
000000000001111111100000000000000000000000000000000000000000000000111111111111110010000000000000000000000000000000000000
000000000011111111110000000000000000000000000000000000000000000000001111111111111000000000000000000000000000000000000000
000000000011111111111000000000000000000000000000000000000000000000001111111111111000000000000000000000000000000000000000
000000000001111111000000000000000000000000000000000000000000000000001111111111100000000000000000000000000000000000000000
000000000001111111000000000000000000000000000000000000000000000000001111111111000000000000000000000000000000000000000000
000000000001111111100000000000000000000000000000000000000000000000001111111111000000000000000000000000000000000000000000
000000000001111111100000000000000000000000000000000000000000000000001111111111000000000000000000000000000000000000000000
000000000011111111110000000000000000000000000000000000000000000000011111111111000000001111000000000000000000000000000000
000000000011111111000000000000000000000000000000000111100000000000001111111111000111111110000000000000000000000000000000
000000000001110011000000000000000000000000000000000000001111110000111111111111111111000000000000000000000000000000000000
011111111110000000000000000000000000000000000000000000000001111111111111111111000000000000000000000000000000000000000000
000000000000000000000000000000000000000000000000000000000000000111111111111111000000000000000000000000000000000000000000
000000000000000000000000000000000000000000000000000000000001111111111111111111111000000000000000000000000000000000000000
000000000000000000000000000000000000000000000000000111111111111111111111111111110111111110000000000000000000000000000000
000000000000000000000000000000000000000000000011111111000011111111111111111111111000000001111100000000000000000000000000
000000000000000000000000000000000000000000000000000000001111111111111111111111111110000000000000000000000000000000000000
000000000000000000000000000000000000000000000000000000111111111111111111111111111111100000000000000000000000000000000000
000000000000000000000000000000000000000000000000000001111111111111111111111111111111111000000000000000000000000000000000
000000000000000000000000000000000000000000000000000011111111111111111111111111111111111110000000000000000000000000000000
000000000000000000000000000000000000000000000000001111111111111111111111111111111111111110000000000000000000000000000000
000000000000000000000000000000000000000000000000011110001111111111111111111111111111111000000000000000000000000000000000
