111111111000001111111111111111111111111111111111111111111111111111111100000000000000000000000000000000000011111111111111
111111000000111111111111111111111111111111111111111111111111111111111110000000000000000000000000000000000000111111111111
111000000011111111111111111111111111111111111111111111111111111111111111000000000000000000000000000000000000001111111111
100000001111111111111111111111111111111111111111111111111111111111111111100000000000000000000000000000000000000111111111
000000011111111111111111111111111111111111111111111111111111111111111111110000000000000000000000000000000000000001111111
000001111111111111111111111111111111111100000000011111111111111111111111110000000000000000000000000000000000000000111111
000011111111111111111111111111111111100000000000000011111111111111111111111000000000000000000000000000000000000000001111
000111111111111111111111111111111111000000000000000001111111111111111111111000000000000000000000000000000000000000000111
001111111111111111111111111111111111000000000000000001111111111111111111111000000000000000000000000000000000000000000011
011111111111111111111111111111111111000000000000000011111111111111111111111000000000000000000000000000000000000000000001
111111111111111111111111111111111111100000000000000111111111111111111111110000000000000000000000000000000000000000000000
111111111111111111111111111111111111111000000000011111111111111111111111110000000000000000000000000000000000000000000000
111111111111111111111111111111111111111111111111111111111111111111111111100000000000000000000000000000000000000000000000
111111111111111111111111111111111111111111111111111111111111111111111111000000000000000000000000000000000000000000000000
111111111111111111111111111111111111111111111111111111111111111111111110000000000000000000000000000000000000000000000000
111111111111111111111111111111111111111111111111111111111111111111111100000000000000000000000000000000000000000000000000
111111111111111111111111111111111111111111111111111111111111111111110000000000000000000000000000000000000000000000000000
111111111111111111111111111111111111111111111111111111111111111111000000000000000000000000000000000000000000000000000000
111111111111111111111111111111111111111111111111111111111111111100000000000000000000000000000000000000000000000000000000
111111111111111111111111111111111111111111111111111111111111100000000000000000000000000000000000000000000000000000000000
111111111111111111111111111111111111111111111111111111111100000000000000000000000000000000000000000000000000000000000000
111111111111111111111111111111111111111111111111111111100000000000000000000000000000000000000000000000000000000000000000
111111111111111111111111111111111111111111111111111110000000000000000000000000000000000000000000000000000000000000000000
111111111111111111111111111111111111111111111111111000000000000000000000000000000000000000000000000000000000000000000000
111111111111111111111111111111111111111111111111100000000000000000000000000000000000000000000000000000000000000000000000
111111111111111111111111111111111111111111111111000000000000000000000000000000000000000000000000000000000000000000000000
111111111111111111111111111111111111111111111110000000000000000000000000000000000000000000000000000000000000000000000000
111111111111111111111111111111111111111111111100000000000000000000000000000000000000000000000000000000000000000000000000
111111111111111111111111111111111111111111111000000000000000000000000000011111100000000000000000000000000000000000000000
111111111111111111111111111111111111111111111000000000000000000000000011111111111000000000000000000000000000000000000000
011111111111111111111111111111111111111111111000000000000000000000001111111111111110000000000000000000000000000000000001
001111111111111111111111111111111111111111110000000000000000000000001111111111111110000000000000000000000000000000000011
000111111111111111111111111111111111111111110000000000000000000000001111111111111110000000000000000000000000000000000111
000011111111111111111111111111111111111111110000000000000000000000000011111111111000000000000000000000000000000000001111
000000111111111111111111111111111111111111111000000000000000000000000000111111100000000000000000000000000000000000111111
000000011111111111111111111111111111111111111000000000000000000000000000000000000000000000000000000000000000000001111111
000000001111111111111111111111111111111111111100000000000000000000000000000000000000000000000000000000000000000111111110
000000000011111111111111111111111111111111111110000000000000000000000000000000000000000000000000000000000000001111110000
000000000000111111111111111111111111111111111111000000000000000000000000000000000000000000000000000000000000111110000000
000000000000001111111111111111111111111111111111100000000000000000000000000000000000000000000000000000000011110000000000
