000000000000000000000000000000000000000000000000000000000000000000000000000000000000000000000000000000000000000000000000
000010000000000000000000000000000000000000000000000000000000000000000000000000000000000000000000000000000000000000000000
000000000000000000000000000000000000000001111111111111100000000000000000000000000000000000000000000000000000000000000000
000000000000000000000000000000000001111111111111111111110000000000000000000000000000000000000000000000000000000000000000
000000000000000000000000000000011111111111111111111111110000000000000000000000000000000000000000000000000000000000000000
000000000000000000000000000001111111111111111111111111000000000000000000000000000000000000000000000000000000000000000000
000000000000000000000110001111111111111111111111111111000000000000000000000000000000000000000000000000000000000000000000
000000000000000000000001111111111111111111111111110000000000000000000000000000000000000000000000000000000010000000000000
000000000000000000000011111111111111111111111111111000000000000000000000000000000000000000000000000000000000000000000000
000000000000000000000111111111111111111111111111111110000000000000000000000000000000000000000000000000000000000000000000
000000000000000000001111111111111111111111111111111111000000000000000000000000000000000000000000000000000000000000000000
000000000000000000111111111111111111111111111111111111000000000000000000000000000000000000000000000000000000000000000000
000000000000000000111111111111111111111111111111111100000000000000000000000000000000000000000000000000000000000000000000
000000000000000001111111111111111111111111111111111000001000000000000000000000000000000000000000000000000000000010000000
000000000000000011111111111111111111111111111111110000000000000000000000000000000000000000000000000000000000000000000000
000000000000000011111111111111111111110011111111100000000000000000000000000000000000000000000010000000000010000000000000
000000000000000011111111111111111000000000111111111000000000000000000000000000000000000000000000000000000000000000000000
000000000000000011111111111111110000001100111111111111000000000000000000000000000000000000000000000000000000000000000000
000000000000000011111111111111100000000000111111111111110000000000000000000000000000000000000000000000000000000000000000
000000000000000011111111111000000000000000111111111111111000000001000000000000000000000000000000000000000000000000000000
000000000000000001111111110000000000000001111111111111110011100000110000000000000000000100000000000000000000000000000000
000000000000000000111100000000000000000001111111111111100011111100011000000000000000000000000000000000000000000000000000
000000000000000000000000000000000000000001111111111111111111111111110000000000000000000000000000000000000000000000000000
000000000000000000000000000000000000000011111111111111111111000000000000000000000000000000000000000000000000000000000000
000000000000000000000000000000000000000000111111111111110000000000000000000000000000000000000000000000000000000000000000
000000000000000000000000000000000000000000011111111111100000000000000000000000000000000000000000100000000000000000000000
000000000000000000000000000000000000000001111111111111110000000000000000000000000000000010000000000000000000000000000000
011100000000000000000000000000000000000111111111111111110000000000000000000000000000000000000000000000000000000000000000
000000000000000000000000000000000000001111111111111111110000000000000000000000000000000000000000000000000000000000000000
000000000000000000000000000000000000111111111111111111111000000000000000000000000000000000000000000000000000000000000000
000000000010000000000000000000000011111111111111111111111000000000000000000000000000000000000000000000000000000000000000
000000111110000000000000000000011111111111111111111111111000000000000000000000000000000000000000000000000000000000000000
000000000000000000000000000111111111111111111111111111111000000000000000000000000000000000000000000000000000000000000000
000000000000000000000011111111111111111111111111111111111000000000000000000000000000000000000000000000000000000000000000
000000000000000000111111111111111111111111111111111111111100000000000000000000000000000000000000000000000000000000000000
000000000000000001111111111111111111111111111111111111111100000000000000000000000000000000000000000000000000000000000000
000000000000000111111111111111111111111111111111111111111100000000000000000000000000000000000000000000000000000000000000
000000000000000011111111111111111111111111111111111111111100000000000000010000000000000000000000000000000000000000000000
000000000000000000000000111111111111111111111111111111111110000000000000000000000000000000000000000000000000000000000000
000000000000000000000000001111111111111111111111111111111110000000000000000000000000000000000000000000000000000000000000
