111111111111111111111111111111111111111111111111111111111111111111111111111111111111111111111111111111111111111111111111
111111111111111111111111111111111111111111111111111111111111111111111111111111111111111111111111111111111111111111111111
111111111111111111111111111111111111111111111111111111111111111111111111111111111111111111111111111111111111111111111111
111111111111111111111111111111111111111111111111111111111111111111111111111111111111111111111111111111111111111111111111
111111111111111111111111111111111111111111111111111111111111111111111111111111111111111111111111111111111111111111111111
111111111111111111111111111111111111111111111111111111111111111111111111111111111111111111111111111111111111111111111111
111111111111111111111111111111111111111111111111111111111111111111111111111111111111111111111111111111111111111111111111
111111111111111111111111111111111111111111111111111111111111111111111111111111111111111111111111111111111111111111111111
111111111111111111111111111111111111111111111111111111111111111000000000111111111111111111111111111111111111111111111111
111111111111111111111111111111111111111111111111111111111111100000000000000111111111111111111111111111111111111111111111
111111111111111111111111111111111111111111111111111111111111000000000000000011111111111111111111111111111111111111111111
111111111111111111111111111111111111111111111111111111111111000000000000000011111111111111111111111111111111111111111111
111111111111111111111111111111111111111111111111111111111111100000000000000011111111111111111111111111111111111111111111
111111111111111111111111111111111111111111111111111111111111111000000000000001111111111111111111111111111111111111111111
111111111111111111111111111111111111111111111111111111111111111110000000000001111111111111111111111111111111111111111111
111111111111111111111111111111111111111111111111111111111111111111100000000111111111111111111111111111111111111111111111
111111111111111111111111111111111111111111111111111111111111111100000000000011111111111111111111111111111111111111111111
111111111111111111111111111111111111111111111111111110000011111000000000000011111111111111111111111111111111111111111111
111111111111111111111111111111111111111111111111111100000111110000000000000011111111111111111111111111111111111111111111
111111111111111111111111111111111111111111111111111100000011110000000000000111111111111111111111111111111111111111111111
111111111111111111111111111111111111111111111111111100000000100000000000000111111111111111111111111111111111111111111111
111111111111111111111111111111111111111111111111111100000000000000000000001111111111111111111111111111111111111111111111
111111111111111111111111111111111111111111111111111100000000000000000000001111111111111111111111111111111111111111111111
111111111111111111111111111111111111111111111111111110000000011000000000011111111111111111111111111111111111111111111111
111111111111111111111111111111111111111111111111111110000000011000000000001111111111111111111111111111111111111111111111
111111111111111111111111111111111111111111111111111100000000011000000000000111111111111111111111111111111111111111111111
111111111111111111111111111111111111111111111111111000000000001000000000000011111111111111111111111111111111111111111111
111111111111111111111111111111111111111111111111111000000000000000000000000001111111111111111111111111111111111111111111
111111111111111111111111111111111111111111111111111111000011100000000000000000111111111111111111111111111111111111111111
111111111111111111111111111111111111111111111111111111111111100000000000000000011111111111111111111111111111111111111111
111111111111111111111111111111111111111111111111111111111111000000000000000000001111111111111111111111111111111111111111
111111111111111111111111111111111111111111111111111111111110000000000000000000000111111111111111111111111111111111111111
111111111111111111111111111111111111111111111111111111111110000000000000000000000011111111111111111111111111111111111111
111111111111111111111111111111111111111111111111111111111100000000000000000000000001111111111111111111111111111111111111
111111111111111111111111111111111111111111111111111111111000000000000000000000000000111111111111111111111111111111111111
111111111111111111111111111111111111111111111111111111110000000000000000000000000000011111111111111111111111111111111111
111111111111111111111111111111111111111111111111111111110000000000000000000000000000001111111111111111111111111111111111
111111111111111111111111111111111111111111111111111111100000000000000000000000000000001111111111111111111111111111111111
111111111111111111111111111111111111111111111111111111000000000000000000000000000000001111111111111111111111111111111111
111111111111111111111111111111111111111111111111111111000000000000000000000000000000000111111111111111111111111111111111
