111111111111111111111111111111111111110000000000000000000000000000000000011111111111111111111111111111111100000000000000
111111111111111111111111111111111111111000000000000000000000000000000000011111111111111111111111111111111100000000000000
111111111111111111111111111111111111111100000000000000000000000000000000111111111111111111111111111111111100000000000000
111111111111111111111111111111111111111100000000000000000000000000000001111111111111111111111111111111111100000000000000
111111111111111111111111111111111111111100000000000000000000000000000011111111111111111111111111111111111100000000000000
111111111111111111111111111111111111111100000000000000000000000000000111111111111111111111111111111111111100000000000000
111111111111111111111111111111111111111110000000000000000000000000001111111111111111111111111111111111111100000000000000
111111111111111111111111111111111111111110000000000000000000000000000001111111111111111111111111111111111100000000000000
111111111111111111111111111111111111111110000000000000000000000000000000011111111111111111111111111111111100000000000000
111111111111111111111111111111111111111110000000000000000000000000000000011111111111111111111111111111111100000000000000
111111111111111111111111111111111111111110000000000000000000000000000000011111111111111111111111111111111100000000000000
111111111111111111111111111111111111111110000000000000000000000000000000111111111111111111111111111111111100000000000000
111111111111111111111111111111111111111110000000000000000000000000000001111111110111111111111111111111111100000000000000
111111111111111111111111111111111111111100000000100000000000000000000001111110000111111111111111111111111100000000000000
111111111111111111111111111111111111110000000001000000000000000000000011111100001111111111111111111111111100000000000000
111111111111111111111111111111111111100000000010000000000000000000000001110000001111111111111111111111111100000000000000
111111111111111111111111111111111111000000000100000000000000000000000000000000001111111111111111111111111100000000000000
111111111111111111111111111111111110000000001000000000000000000000000000000000001111111111111111111111111100000000000000
111111111111111111111111111111111100000000110000000000000000000000000000000000001111111111111111111111111100000000000000
111111111111111111111111111111111000000001110000000000000000000000000000000000001111111111111111111111111100000000000000
111111111111111111111111111111111000000011110000000000000000000000000000000000011111111111111111111111111100000000000000
111111111111111111111111111111110000000111110000000000000000000000000000000111111111111111111111111111111100000000000000
111111111111111111111111111111110000000111110000000000000111111111111111111111111111111111111111111111111100000000000000
111111111111111111111111111111110000001111111000000000111111111111111111111111111111111111111111111111111100000000000000
111111111111111111111111111111100000001111111110000111111111111111111111111111111111111111111111111111111100000000000000
111111111111111111111111111111000000001111111111111111111111111111111111111111111111111111111111111111111100000000000000
111111111111111111111111111111110000011111111111111111111111111111111111111111111111111111111111111111111100000000000000
111111111111111111111111111111110000001111111111111111111111111111111111111111111111111111111111111111111100000000000000
111111111111111111111111111111100000001111111111111111111111111111111111111111111111111111111111111111111100000000000000
111111111111111111111111111111110000101111111111111111111111111111111111111111111111111111111111111111111100000000000000
111111111111111111111111111111111100110111111111111111111111111111111111111111111111111111111111111111111100000000000000
111111111111111111111111111111111111111111111111111111111111111111111111111111111111111111111111111111111100000000000000
111111111111111111111111111111111111111111111111111111111111111111111111111111111111111111111111111111111100000000000000
111111111111111111111111111111111111111111111111111111111111111111111111111111111111111111111111111111111100000000000000
111111111111111111111111111111111111111111111111111111111111111111111111111111111111111111111111111111111100000000000000
111111111111111111111111111111111111111111111111111111111111111111111111111111111111111111111111111111111100000000000000
111111111111111111111111111111111111111111111111111111111111111111111111111111111111111111111111111111111100000000000000
111111111111111111111111111111111111111111111111111111111111111111111111111111111111111111111111111111111100000000000000
111111111111111111111111111111111111111111111111111111111111111111111111111111111111111111111111111111111100000000000000
111111111111111111111111111111111111111111111111111111111111111111111111111111111111111111111111111111111100000000000000
