000000000000000000000000000000000000000000000000000000000000000000000000000000000000000000000000000000000000000000001111
000000000000000000000000000000000000000000000000000000000000000000000000000000000000000000000000000000000000000000011111
000000000000000000000000000000000000111111000000000000000000000000000000000000000000000000000000000000000000001111111111
000000000000000000000000000000000001111111111111111000000000000000000000000000000000000000000000000000000001111111111111
000000000000000000000000000000000000111111111111111111111100000000000000000000000000000000000000000000000011111111111111
000000000000000000000000000000000000011111111111111111111111111000000000000000000000000000000000000000001111111111111111
000000000000000000000000000000000000111111111111111111111111111111111100000000000000000000000000000000001111111111111111
000000000000000000000000000000000001111111111111111111111111111111111111111111100000000000000000000000011111111111111111
000000000000000000000000000000000001111111111111111111111100000000000000111111111111111110000000000000011111111111111111
000000000000000000000000000000000011111111111111111111111000000000000000000000000111111111111111111100111111111111111111
000000000000000000000000000000000011111111111111111111110000000000000000000000000000000000111111111111111111111111111111
000000000000000000000000000000000111111111111111111111110000000000000000000000000000000000000000000011111111111111111111
000000000000000000000000000000000111111111111111111111100000000000000000000000000000000000000000000000111111111111111111
000000000000000000000000000000001111111111111111111111000000000000000000000000000000000000000000000000111111000111111111
000000000000000000000000000000001111111111111111111110000000000000000000000000000000000000000000000000000000001111111111
000000000000000000000000000000001111111111111111111110000000000000000000000000000000000000000000000000000000001111111111
000000000000000000000000000000011111111111111111111100000000000000000000000000000000000000000000000000000000001111111111
000000000000000000000000000000011111111111111111111100000000000000000000000000000000000000000000000000000000000111111111
000000000000000000000000000000011111111111111111111000000000000000000000000000000000000000000000000000000000000000001111
000000000000000000000000000000011111111111111111111000000000000000000000000000000000000000000000000000000000000000000111
000000000000000000000000000000011111111111111111111000000000000000000000000000000000000000000000000000000000000000011111
000000000000000000000000000000011111111111111111111000000000000000000000000000000000000000000000000000000000000001111111
000000000000000000000000000000011111111111111111111000000000000000000000000000000000000000000000000000000000000111111111
000000000000000000000000000000011111111111111111111000000000000000000000000000000000000000000000000000000000011111111111
000000000000000000000000000000011111111111111111111000000000000000000000000000000000000000000000000000000000111111111110
000000000000000000000000000000001111111111111111111000000000000000000000000000000000000000000000000000000000111111111000
000000000000000000000000000000001111111111111111111000000000000000000000000000000000000000000000000000000000111111111110
000000000000000000000000000000001111111111111111111000000000000000000000000000000000000000000000000000000000001111111111
000000000000000000000000000000000111111111111111111000000000000000000000000000000000000000000000000000000000000011111111
000000000000000000000000000000000111111111111111111000000000000000000000000000000000000000000000000000000000000000111111
000000000000000000000000000000000111111111111111111000000000000000000000000000000000000000000000000000000000000000000111
000000000000000000000000000000000011111111111111111100000000000000000000000000000000000000000000000000000000000000000001
000000000000000000000000000000000011111111111111111100000000000000000000000000000000000000000000000000000000000000000000
000000000000000000000000000000000001111111111111111110000000000000000000000000000000000000000000000000000000000000000000
000000000000000000000000000000000000111111111111111110000000000000000000000000000000000000000000000000000000000000000000
000000000000000000000000000000000000111111111111111111000000000000000000000000000000000000000000000000000000000000000000
000000000000000000000000000000000000011111111111111111100000000000000000000000000000000000000000000000000000000000000000
000000000000000000000000000000000000001111111111111111110000000000000000000000000000000000000000000000000000000000000001
000000000000000000000000000000000000000111111111111111111000000000000000000000000000000000000000000000000000000000000111
000000000000000000000000000000000000000001111111111111111100000000000000000000000000000000000000000000000000000000001111
