111111111111111111111111111111111111111111111110000000000000000000000000000000000011111111111111111111111111111111111111
111111111111111111111111111111111111111111111100000000000000000000000000000000000011100000001111111111111111111111111111
111111111111111111111111111111111111111111111000000000000000000000000000000000000000000000000111111111111111111111111111
111111111111111111111111111111111111111100000000000000000000000000000000000000000000000000000011111111111111111111111111
111111111111111111111111111111111111111000000000000000000000000000000000000000000000000000000011111111111111111111111111
111111111111111111111111111111111111111000000000000000000000000000000000000000000000000000000111111111111111111111111111
111111111111111111111111111111111111111110000000000000000000000000000000000000000000000000000111111111111111111111111111
111111111111111111111111111111111111111111111000000000000000000000000000000000000000000000011111111111111111111111111111
111111111111111111111111111111111111111111110000000000000000000000000000000000001100000000011111111111111111111111111111
111111111111111111111111111111111111111111110000000000000000000000000000000000011100000000011111111111111111111111111111
111111111111111111111111111111111111111111110100000000000000000000000000000000111100000000011111111111111111111111111111
111111100011111111111111111111111111111111111110000000000000000000000000000000111000000000011111111111111111000000001111
111000000000001111111111111111111111111111111111000000000000000000000000000001111000000000011111111111110000000011000001
000001111100000000011111111111111111111111111111111100000000000000000000001101111000000000001111111100000000011111110000
000001111111000010000011111111111111111111111111111111000000000000011001111111111000000000011111000001110000011111100000
000000111110000001111000000011111111111001111111111111000000000001111111111111000000000000000000001111000000001110000000
000000001100000000111100000000000000000000011111100000000000000000000111111110000000000000111000001111000000001110000000
100000001110000000111000000111111110000100001000000000000000000000000000011000011000000001110000000111000000011110000000
110000001111000000111000000011111000000011000000000000000000000000000000000000110000000011100000000111000000111110000011
111000001111100000111000000011111000000000000000000000000000000000000000000000000000000111110000000111000001111110000111
111110001111110000111000000011111000000000000000000000000000000000000000000000000000001111110000001111000111111110001111
111111001111111100111100000011111100000000000000000000000000000000000000000000000000011111110000011111001111111110111111
111111111111111111111110000011111110000000000000000000000000000000000000000000000000011111110000111111111111111111111111
111111111111111111111111000111111111000000000000000000000000000000000000000000000000111111110001111111111111111111111111
111111111111111111111111100111111111100000000000000000000000000000000000000000000001111111111011111111111111111111111111
111111111111111111111111111111111111100000000000000000000000000000000000000000000011111111111111111111111111111111111111
111111111111111111111111111111111111100000000000000000000000000000000000000000000011111111111111111111111111111111111111
111111111111111111111111111111111111100000000000000000000000000000000000000000000011111111111111111111111111111111111111
111111111111111111111111111111111111000000000000000000000000000000000000000000000001111111111111111111111111111111111111
111111111111111111111111111111111110000000001000000000000000000000000000000000000000111111111111111111111111111111111111
111111111111111111111111111111111110000000001000000000000000000000000000000000000000111111111111111111111111111111111111
111111111111111111111111111111111100000000011000000000000000000000000000000100000000111111111111111111111111111111111111
111111111111111111111111111111110000000000111000000000000000000000000000000110000000000111111111111111111111111111111111
111111100001111111111111111100000000000001111000000000000000000000000000000111000000000000011111111111111111000011111111
111111110000111111111111100000000000000011111000000000000000000000000000000111100000000000000001111111111110000111111111
111111110000000111111000000000000000001111111000000000000000000000000000000111111000000000000000001111110000000000000001
000000000000000001000000000000000001111111111000000000000000000000000000000111111111000000000000000000000000000000000000
000000000000000000000000000000011111111111111000000000000000000000000000000111111111111100000000000000000000000000000000
000000000000000000000000000111111111111111110000000000000000000000000000000011111111111111110000000000000000000000000000
000001000000000000000001111111111111111111000000000000000000000000000000000001111111111111111111000000000000000000000000
