111111111111111111111111111111111111111111111111111111111111111111111111111111111111111111111111111111111111111111111111
111111111111111111111111111111111111111111111111111111111111111111111100000001111111111111111111111111111111111111111111
111111111111111111111111111111111111111111111111111111111111111111111000000000001111111111111111111111111111111111111111
111111111111111111111111111111111111111111111111111111111111111111111000000000000011111111111111111111111111111111111111
111111111111111111111111111111111111111111111111111111111111111111111000000000000000000000000111111111111111111111111111
111111111111111111111111111111111111111111111111111111111111111111111100000000000000000000000001111111111111111111111111
111111111111111111111111111111111111111111111111111111111111111111000000000000000000000000000000111111111111111111111111
111111111111111111111111111111111111111111111111111111111111111000000000000000000000000000000000011111111111111111111111
111111111111111111111111111111111111111111111111111111111111100000000000000000000000000000000000011111111111111111111111
111111111111111111111111111111111111111111111111111111111111000000000000000000000000000000000000001111111111111111111111
111111111111111111111111111111111111111111111111111111111110000000000000000000000000000000000000000111111111111111111111
111111111111111111111111111111111111111111111111111111111100000000000000000000000000000000000000000011111111111111111111
111111111111111111111111111111111111111111111111111111111100000000000000000000000000000000000000000001111111111111111111
111111111111111111111111111111111111111111111111111111111100000000000000000000000000000000000000000001111111111111111111
111111111111111111111111111111111111111111111111111111111110000000000000000000000000000000000000000000111111111111111111
111111111111111111111111111111111111111111111111111111111111000000000000000000000000000000000000000000111111111111111111
111111111111111111111111111111111111111111111111111111111111111110000000000000000000000000000000000000111111111111111111
111111111111111111111111111111111111111111111111111111111111111110000000000000000000000000000000000000011111111111111111
111111111111111111111111111111111111111111111111111111111111111100000000000000000000000000000000000000011111111111111111
111111111111111111111111111111111111111111111111111111111111111111000000000000000000000000000000000000011111111111111111
111111111111111111111111111111111111111111111111111111111111111111110000000000000000000000000000000000011111111111111111
111111111111111111111111111111111111111111111111111111111111111111111000000000000000000000000000000000011111111111111111
111111111111111111111111111111111111111111111111111111111111111111111000000100000000000000000000000000011111111111111111
111111111111111111111111111111111111111111111111111111111111111111111100000000000000000000000000000000011111111111111111
111111111111111111111111111111111111111000000000001111111111111111111100000000000000000000000000001000011111111111111111
111111111111111111111111111111111111000000000000000111111111111111111110000000000000000000000000101101001111111111111111
111111111111111111111111111111111111000000000000000111111111111111111110000000000000000000000000010111111111111111111111
111111111111111111111111111111111110000000000000000111111111111111111100000000000000000000000000011111111111111111111111
111111111111111111111111111111111111000000000000000011111111111110001000000000000000000000000010011111111111111111111111
111111111111111111111111111111111111100000000000000000011111111100000000000000000000000000000011011111111111111111111111
111111111111111111111111111111111111110000000000000000000011111100000000000000000000000000000001111111111111111111111111
111111111111111111111111111111111111111110000000000000000000011000000000000000000000000000000001111111111111111111111111
111111111111111111111111111111111111111111111000000000000000000000000000000000000000000000000000111111111111111111111111
111111111111111111111111111111111111111111110000000000000000000000000000000000000000000000000000111111111111111111111111
111111111111111111111111111111111111111111110000000000000000000000000000000000000000000000000000111111111111111111111111
111111111111111111111111111111111111111111100000000000000000000000000000000000000000000000000000011110000111111111111111
111111111111111111111111111111111111111111100000000000000000000000000000000000000000000000000000000000011111111111111111
111111111111111111111111111111111111111111100000000000000000000000000000000000000000000000000000000111111111111111111111
111111111111111111111111111111111111111111100000000000000000000000001000000000000000000000000000000111111111111111111111
111111111111111111111111111111111111111111000000000000000000000000001000000000000000000000000000000011111111111111111111
