111111111111111111111111111111111111111111111111111111111111111111111111111111111111111111111111111111111111111111111111
111111111111111111111111111111111111111111111111111111111111111111110000000000000111111111111111111111111111111111111111
111111111111111111111111111111111111111111000000000000111111110000000000000000000000111111111111111111111111111111111111
111111111111111111111111111111111111111000000000000000000000000000000000000000000000001111111111111111111111111111111111
111111111111111111111111111111111111100000000000000000000000000000000000000000000000000111111111111111111111111111111111
111111111111111111111111111111111111100000000000000000000000000000000000000000000000000011111111111111111111111111111111
111111111111111111111111111111111111111000000000000000000000000000000000000000000000000000111111111111111111111111111111
111111111111111111111111111111111111111100000000000000000000000000000000000000000000000000001111111111111111111111111111
111111111111111111111111111111111111111111100000000000000000000000000000000000000000000000000111111111111111111111111111
111111111111111111111111111111111111111111111100000000000000000000000000000000000000000000000011111111111111111111111111
111111111111111111111111111111111111111111111110000000000000000000000000000000000000000000000001111111111111111111111111
111111111111111111111111111111111111111111111100000000000000000000000000000000000000000000000000111111111111111111111111
111111111111111111111111111111111111111111111100000000000000000000000000000000000000000000000000011111111111111111111111
111111111111111111111111111111111111111111111000000000000000000000000000000000000000000000000000001111111111111111111111
111111111111111111111111111111111111111111111000000000000000000000000000000000000000000000000000000111111111111111111111
111111111111111111111111111111111111111111111000000000000000000000000000000000000000000000000000000111111111111111111111
111111111111111111111111111111111111111111111100000000000000000000000000000000000000000000000000000011111111111111111111
111111111111111111111111111111111111111111111100000000000000000000000000000000000000000000000000000011111111111111111111
111111111111111111111111111111111111111111111100000000000000000000000000000000000000000000000000000001111111111111111111
111111111111111111111111111111111111111111111110000000000000000000000000000000000000000000000000000000111111111111111111
111111111111111111111111111111111111111111111111110000000000000000000000000000000000000000000000000000111111111111111111
111111111111111111111111111111111111111111111111111111111100000000000000000000000000000000000000000000011111111111111111
111111111111111111111111111111111111111111111111111111111100000000000000000000000000000000000000000000011111111111111111
111111111111111111111111111111111111111111111111111111111100000000000000000000000000000000000000000000001111111111111111
111111111111111111111111111111111111111111111111111111111000001110000000001000000000000000000000000000011111111111111111
111111111111111111111111111111111111111111111111111111110000000111000000111100000000000000000000000001101111111111111111
111111111111111111111111111111111111111111111111111111110000000111000001111110000000000000000000000000011111111111111111
111111111111111111111111111111111111111111111111111111110000000111110001111111000000000000000000000001001111111111111111
111111111111111111111111111111111111111111111111111111110000000111111001111100000000000000000000000000111111111111111111
111111111111111111111111111111111111111111111111111111110000000111111001111000000000000000000000000000011111111111111111
111111111111111111111111111111111111111111111111111111111000001111111111100000000000000000000000000000001111111111111111
111111111111111111111111111111111111111111111111111111111100001111111111000000000000000000000000000000000011111111111111
111111111111111111111111111111111111111111111111111111111110001111111100000000000000000000000000000000000001111111111111
111111111111111111111111111111111111111111111111111111111111001111111100000000000000000000000000000000000000011111111111
111111111111111111111111111111111111111111111111111111111111101111111100000000000000000000000000000000000000001111111111
111111111111111111111111111111111111111111111111111111111111111111111100000000000000000000000000000000000000000111111111
111111111111111111111111111111111111111111111111111111111111111111111100000000000000000000000000000000000000000011111111
111111111111111111111111111111111111111111111111111111111111111111111100000000000000000000000000000000000000000001111111
111111111111111111111111111111111111111111111111111111111111111111111000000000000000000000000000000000000000000000011111
111111111111111111111111111111111111111111111111111111111111111111111000000000000000000000000000000000000000000000001111
