111111111111111111111111111111111111111111111111111111111111111111111111111111111111111111111111111111111111111111111111
111111111111111111111111111111111111111111111111111111111111111111111111111111111111111111111111111111111111111111111111
111111111111111111111111111111111111111111111111111111111111111111111111111111111111111111111111111111111111111111111111
111111111111111111111111111111111111111111111111111111111111111111111111111111111111111111111111111111111111111111111111
111111111111111111111111111111111111111111111111111111111111111111111111111111111111111111111111111111111111111111111111
111111111111111111111111111111111111111111111111111111111111111111111111111111111111111111111111111111111111111111111111
111111111111111111111111111111111111111111111111111111111111111111111111111111111111111111111111111111111111111111111111
111111111111111111111111111111111111111111111111111111111111111111111111111111111111111111111111111111111111111111111111
111111111111111111111111111111111111111111111111111111111111111111111111111111111111111111111111111111111111111111111111
111111111111111111111111111111111111111111111111111111111111111111111111111111111111111111111111111111111111111111111111
111111111111111111111111111111111111111111111111111111111111111111111111111111111111111111111111111111111111111111111111
111111111111111111111111111111111111111111111111111111111111111111111111111111111111111111111111111111111111111111111110
111111111111111111111111111111111111111111111111111111111111111111111111111111111111111111111111111111111111111111111100
111111111111111111111111111111111111111111111111111111111111111111111111111111111111111111111111111111111111111111111100
111111111111111111111111111111111111111111111111111111111111111111111111111111111111111111111111111111111111111111111110
011111111111111111111111111111111111111111111111111111111111111111111111111111111111111111111111111111111111111111111111
001111111111111111111111111111111111111111111111111111111111111111111111111111111111111111111111111111111111111111111111
000111001111111111111111111111111111111111111111111111111111111111111111111111111111111111111111111111111111111111111111
000000000111111111111111111111111111111111110011111111111111111111111111111111111111111111111111111111111111111111111111
000000000111111111111111111111111111111111111101111111110000111111111111111111111111111111111111111111111111111111111111
000000000111111111111111111111111111111111111110111111000000001111111111111111111111111111111111111111111111111111111111
000000000111111111111111111111111111111111111111011111000000000111111111111111111111111111111111111111111111111111111111
000000000111111111111111111111111111111111111111000111100000000111111111111111111111111111111111111111111111111111111111
000000000011111111111111111111111111111111111111100000000000000111111111111111111111111111111111111111111111111111111111
000000000000000001111111111111111111111111111111100000000000000011111111111111111111111111111111111111111111111111111111
000000000111111111111111111111111111111111111111110001100000000011111111111111111111111111111111111111111111111111111111
000000000111111111111111111111111111111111111111111100000000000011111111111111111111111111111111111111111111111111111111
000000000011111111111111111111111111111111111111111110000000000011111111111111111111111111111111111111111111111111111111
000000000011111111111111111111111111111111111111111111000000000001111111111111111111111111111111111111111111111111111111
000000000011111111111111111111111111111111111111111111100000000001111111111111111111111111111111111111111111111111111110
000000000011111111111111111111111111111111111111111111000000000011111111111111111111111111111111111111111111111111110000
000000000011111111111111111111111111111111111111111111000000000011111111111111111111111111111111111111111111111110000000
000000000111111111111111111111111111111111111111111111000000000001111111111111111111111111111111111111111100000000000111
000011111111111111111111111111111111111111111111111111100000000001111111111111111111111111111111111100000000000000111111
000111111111111111111111111111111111111111111111111110000000000001111111111111111111111111111111111100000000001111111111
001111111111111111111111111111111111111111111111111110010000000001111111111111111111111111111111111111001111111111111111
111111111111111111111111111111111111111111111111111111110000000000111111111111111111111111111111111111111111111111111111
111111111111111111111111111111111111111111111111111111111000000000011111111111111111111111111111111111111111111111111111
111111111111111111111111111111111111111111111111111111111111100000000111111111111111111111111111111111111111111111111111
111111111111111111111111111111111111111111111111111111111111100000000001111111111111111111111111111111111111111111111111
