000000000000000000000000000000000000000000000000000000000000000000000000000000000000000000000000000000000000000000000000
000000000000000000000000000000000000000000000000000000000000000000000000000000000000000000000000000000000000000000000000
000000000000000000000000000000000000000000000000000000000000000000000000000000000000000000000000000000000000000000000000
000000000000000000000000000000000000000000000000000000000000000000000000000000000000000000000000000000000000000000000000
000000000000000000000000000000000000000000000000000000000000000000000000000000000000000000000000000000000000000000000000
000000000000000000000000000000000000000000000000000000000000000000000000000000000000000000000000000000000000000000000000
000000000000000000000000000000000000000000000000000000000000000000000000000000000000000000000000000000000000000000000000
000000000000000000000000000000000000000000000000000000000000000000000000000000000000000000000000000000000000000000000000
000000000000000000000000000000000000000000000000000000000000000011100001111110000000000000000000000000000000000000000000
000000000000000000000000000000000000000000000000000000000000000111000111110000000000000000000000000000000000000000000000
000000000000000000000000000000000000000000000000000000000000000111000111000000000000000000000000000000000000000000000000
000000000000000000000000000000000000000000000000000000000000000111100111000000000000000000000000000000000000000000000000
000000000000000000000000000000000000000000000000000000000000000011100111000000000000000000000000000000000000000000000000
000000000000000000000000000000000000000000000000000000000000000001111111111000000000110000000000000000000000000000000000
000000000000000000000000000000000000000000000000000000000000000011111111111110000001111100000000000000000000000000000000
000000000000000000000000000000000000000000000000000000000000000111111111111110000000111110000000000000000000000000000000
000000000000000000000000000000000000000000000000000000000000000111111111111110000000111110000000000000000000000000000000
000000000000000000000000000000000000000000000000000000000000000111111111111110000001111110000000000000000000000000000000
000000000000000000000000000000000000000000000000000000000000000111111111111111111111111110000000000000000000000000000000
000000000000000000000000000000000000000000000000000000000000000111111111111111111111110000000000000000000000000000000000
000000000000000000000000000000000000000000000000000000000000001111111111111111111000000000000000000000000000000000000000
000000000000000000000000000000000000000000000000000000000000001111111111111111000000000000000000000000000000000000000000
000000000000000000000000000000000000000000000000000000000000011111111111111111100000000000000000000000000000000000000000
000000000000000000000000000000000000000000000000000000000000111111111111111111110000000000000000000000000000000000000000
000000000000000000000000000000000000000000000000000000000000111111111111111111111110000000000000000000000000000000000000
000000000000000000000000000000000000000000000000000000000001111111111111111111110000000000000000000000000000000000000000
000000000000000000000000000000000000000000000000000000000011111111111111111111100000000000000000000000000000000000000000
000000000000000000000000000000000000000000000000000000000111111111111111111111100000000000000000000000000000000000000000
000000000000000000000000000000000000000000000000000000001111111111111111111111100000000000000000000000000000000000000000
000000000000000000000000000000000000000000000000000000001111111111111111111111100000000000000000000000000000000000000000
000000000000000000000000000000000000000000000000000000011111111111111111111111100000000000000000000000000000000000000000
000000000000000000000000000000000000000000000000000000111111111111111111111111110000000000000000000000000000000000000000
000000000000000000000000000000000000000000000000000000111111111111111111111111111000000000000000000000000000000000000000
000000000000000000000000000000000000000000000000000000011111111111111111111111100000000000000000000000000000000000000000
000000000000000000000000000000000000000000000000000000001111111111011111111111000000000000000000000000000000000000000000
000000000000000000000000000000000000000000000000000000000011010000001111111111000000000000000000000000000000000000000000
000000000000000000000000000000000000000000000000000000000000000000000111111111000000000000000000000000000000000000000000
000000000000000000000000000000000000000000000000000000000000000000000111111111000000000000000000000000000000000000000000
000000000000000000000000000000000000000000000000000000000000000000000011111111000000000000000000000000000000000000000000
000000000000000000000000000000000000000000000000000000000000000000000001111110000000000000000000000000000000000000000000
