111111111111111111111111111111111111111111111111111111111111111111111111111111111111111111111111111111111111111111111111
111111111111111111111111111111111111111111111111111111111111111111111111111111111111111111111111111111111111111111111111
111111111111111111111111111111111111111111111111111111111111111111111111111111111111111111111111111111111111111111111111
111111111111111111111111111111111111111111111111111111111111111111111111111111111111111111111111111111111111111111111111
111111111111111111111111111111111111111111111111111111111111111111111111111111111111111111111111111111111111111111111111
111111111111111111111111111111111111111111111111111111111111111111111111111111111111111111111111111111111111111111111111
111111111111111111111111111111111111111111111111111111111111111111111111111111111111111111111111111111111111111111111111
111111111111111111111111111111111111111111111111111111111111111111111111111111111111111111111111111111111111111111111111
111111111111111111111111111111111111111111111111111111111111111111111111111111111111111111111111111111111111111111111111
111111111111111111111111111111111111111111111111111111111111111111111111111111111111111111111111111111111111111111111111
111111111111111111111111111111111111111111111111111111111111111111111111111111111111111111111111111111111111111111111111
111111111111111111111111111111111111111111111110011111111111111111111111111111111111111111111111111111111111111111111111
111111111111111111111111111111111111111111111111011111111111111111111111111111111111111111111111111111111111111111111111
111111111111111111111111111111111111111111111111011111111111111111111111111111111111111111111111111111111111111111111111
111111111111111111111111111111111111111111111111001111111000011111111111111111111111111111111111111111111111111111111111
111111111111111111111111111111111111111111111111001111100000001111111111111111111111111111111111111111111111111111111111
111111111111111111111111111111111111111111111111100011000000000111111111111111111111111111111111111111111111111111111111
111111111111111111111111111111111111111111111111100000000000000111111111111111111111111111111111111111111111111111111111
111111111111111111111111111111111111111111111111000000000000000111111111111111111111111111111111111111111111111111111111
111111111111111111111111111111111111111111111111100001000000001111111111111111111111111111111111111111111111111111111111
111111111111111111111111111111111111111111111111110111000000001111111111111111111111111111111111111111111111111111111111
111111111111111111111111111111111111111111111111110000000000001111111111111111111111111111111111111111111111111111111111
111111111111111111111111111111111111111111111111110010000000001111111111111111111111111111111111111111111111111111111100
111111111111111111111111111111111111111111111111111011000000000111111111111111111111111111111111111111111111111111110000
111111111111111111111111111111111111111111111111111011000000000111111111111111111111111111111111111111111111111111000000
000001111111111111111111111111111111111111111111111011000000000111111111111111111111111111111111111111111111111100000000
000001111111111111111111111111111111111111111111111000000000000011111111111111111111111111111111111111111111111000000000
000001111111111111111111111111111111111111111111111000000000000001111111111111111111111111111111111111111111111000000000
000011111111111111111111111111111111111111111111111000000000000001111111111111111111111111111111111111111111111110000000
000011111111111111111111111111111111111111111111111000000000000001111111111111111111111111111111111111111111111111110000
000000011111111111111111111111111111111111111111111000010000000001111111111111111111111111111111111111111111111111111111
000000111111111111111111111111111111111111111111111000000000000001111111111111111111111111111111111111111111111111111111
000001111111111111111111111111111111111111111111111000000000000111111111111111111111111111111111111111111111111111111111
000111111111111111111111111111111111111111111111110000000111111111111111111111111111111111111111111111111111111111111111
011111111111111111111111111111111111111111111111110000000011111111111111111111111111111111111111111111111111111111111111
111111111111111111111111111111111111111111111111100000000001111111111111111111111111111111111111111111111111111111111111
011111111111111111111111111111111111111111111111100000000001111111111111111111111111111111111111111111111111111111111111
000011111111111111111111111111111111111111111111110000000001111111111111111111111111111111111111111111111111111111111111
100111111111111111111111111111111111111111111111111000000011111111111111111111111111111111111111111111111111111111111111
111111111111111111111111111111111111111111111111111111111111111111111111111111111111111111111111111111111111111111111111
