000000000000000000000000000000000000000000000000000000000000000000000000000000000000000000000000000000000000000000000000
000000000000000000000000000000000000000000000000000000000000000000000000000000000000000000000000000000000000000000000000
000000000000000000000000000000000000000000000000000000000000110000000000000000000000000000000000000000000000000000000000
000000000000000000000000000000000000000000000000000001111111111111111111000000000000000000000000000000000000000000000000
000000000000000000000000000000000000000000000000011111111111111111111111100000000000000000000000000000000000000000000000
000000000000000000000000000000000000000000000001111111111111111111111111111000000000000000000000000000000000000000000000
000000000000000000000000000000000000000000000011111111111111111111111111111100000000000000000000000000000000000000000000
000000000000000000000000000000000000000000000011111111111111111111111111111110000000000000000000000000000000000000000000
000000000000000000000000000000000000000000000011111111111111111111111111111110000000000000000000000000000000000000000000
000000000000000000000000000000000000000000000011111111111111111111111111111100000000000000000000000000000000000000000000
000000000000000000000000000000000000000000001111111111111111111111111111111110000000000000000000000000000000000000000000
000000000000000000000000000000000000000000111111111111111111111111111111111111110000000000000000000000000000000000000000
000000000000000000000000000000000000000001110011111111111111111111111111111100000000000000000000000000000000000000000000
000000000000000000000000000000000000000000000000011111111111111111111111111000000000000000000000000000000000000000000000
000000000000000000000000000000000000000000000000000001111111111111111111110000000000000000000000000000000000000000000000
000000000000000000000000000000000000000000000000000001111111111111111110000000000000000000000000000000000000000000000000
000000000000000000000011111000000000000000000000000000000111111111111000000000000000000000000000000000000000001110000000
000000000000000000011110111111000000000000000000000000000001111111111100000000000000000000000000000000000011111111110000
000000000000000001111000000111111100000000000000000000001111111111111111100000000000000000000000000000111111100001111110
000000000000000111111000000001111111100000000000000000111111111111111111110000000000000000000000001111111111100001111111
000000000000111111111100000111111001111100000000000000111111111111111111111000000000000000000001111110011111110011111111
000000000111111111111100001111111000001111100000000001111111111111111111111111111111111111111111111000011111111011111111
000000111111001111111100011111111000000011111111111111111111111111111111111111111000011111000011111100001111110001111111
001111111110000111111000001111110000000111110000011111111111111111111111111111111000011111100011111110000011110000111111
111111111111000111110000001111100000011111110000011111111111111111111111111111111100011111110001111110000001110000011111
111011111111000111100000001111000000111111110001111111111111111111111111111111111100001111110000111110000000110000000111
110011111111000111000000001110000000111111100001111111111111111111111111111111111100000111100000011110000000000000000000
110011111100000110000000001100000000111111000001111111111111111111111110111111111000000011100000001110000000000000000000
110011111000000000000000000000000000111110000001111101111111111111111110001111111000000001100000000110000000000000000000
000011100000000000000000000000000000111100000001111000111111111111111110000111111000000000000000000000000000000000000000
000111000000000000000000000000000000110000000001110000111111111111111111000111111100000000000000000000000000000000000000
000000000000000000000000000000000000000000000011000001111111111111111111100111111100000000000000000000000000000000000000
000000000000000000000000000000000000000000000000000001111111111111111111110111111100000000000000000000000000000000000000
000000000000000000000000000000000000000000000000000111111111111111111111111111111100000000000000000000000000000000000000
000000000000000000000000000000000000000000000000111111111111111111111111111111111000000000000000000000000000000000000000
000000000000000000000000000000000000000000000011111111111111111111111111111111111000000000000000000000000000000000000000
000000000000000000000000000000000000000000001111111111111111111111111111111111111000000000000000000000000000000000000000
000000000000000000000000000000000000000000011111111111111111111111111111111111111100000000000000000000000000000000000000
000000000000000000000000000000000000000001111110011111111111111111111111111111111110000000000000000000000000000000000000
000000000000000000000000000000000000000001111000011111111111111111111111111111111110000000000000000000000000000000000000
