111111111111111111111111111111111111111111111111111111111111111111111111111111111111111111111111111111111111111111111111
111111111111111111111111111111111111111111111111111111111111111111111111111111111111111111111111111111111111111111111111
111111111111111111111111111111111111111111111111111111111111111111111111111111111111111111111111111111111111111111111111
111111111111111111111111111111111111111111111111111111111111111111111111111111111111111111111111111111111111111111111111
111111111111111111111110011111111111111111111111111111111111111111111111111111111111111111111111111111111111111111111111
111111111111111111111000000011111111111111111111111111111111111111111111111111111111111111111111111111111111111111111111
111111111111111111111100000111111111111111111111111111111111111111111111111111111111111111111111111111111111111111111111
111111111111111111111111111111111111111111111111111111111111100000111111111111110000000111111111111111111111111111111111
111111111111111111111111111111111111111111111111111111111111100000111111111100000000000000000001111111111111111111111111
111111111111111111111111111111111111111111111111111111111111100001111111100000000000000000000000001111111111111111111111
111111111111111111111111111111111111111111111111111111111111100001111110000000000000000000000000000011111111111111111111
111111111111111111111111111111111111111111111111111111111111100001111110000000000000000000000000000001111111111111111111
111111111111111111111111111111111111111111111111111111111111000011111110000000000000000000000000000000111111111111111111
111111111111111111111111111111111111111111111111111111111111000011111110000000000000000000000000000000011111111111111111
111111111111111111111111111111111111111111111111111111111111000011111111000000000000000000000000000000001111111111111111
111111111111111111111111111111111111111111111111111111111111000011111100000000000000000000000000000000001111111111111111
111111111111111111111111111111111111111111111111111111111110000111111110000000000000000000000000000000001111111111111111
111111111111111111111111111111111111111111111111111111111110000111111110000000000000000000000000000000000111111111111111
111111111111111111111111111111111111111111111111111111111110000111111110000000000000000000000000000000000111111111111111
111111111111111111111111111111111111111111111111111111111000000111111111100000000000000000000000000000000111111111111111
111111111111111111111111111111111111111111111111111111110000000111111111110000000000000000000000000000000111111111111111
111111111111111111111111111111111111111111111111111111100000000011111111110000000000000000000000000000001111111111111111
111111111111111111111111111111111111111111111111111110000000000001111111100000000000000000000000000000001111111111111111
111111111111111111111111111111111111111111111111111111000000000001111110000000000000000000000000000000001111111111111111
111111111111111111111111111111111111111111111111111111100000000000111100000000000000000000000000000000011111111111111111
111111111111111111111111111111111111111111111111111111110000000000111000000000000000000000000000000000011111111111111111
111111111111111111111111111111111111111111111111111111110000000000010000000000000000000000000000000000011111111111111111
111111111111111111111111111111111111111111111111111111100001000000000000000000000000000000000000000000111111111111111111
111111111111111111111111111111111111111111111111111111100001110000000000000000000000000000000000000000111111111111111111
111111111111111111111111111111111111111111111111111111100001000000000000000000000000000000000000000000111111111111111111
111111111111111111111111111111111111111111111111111111000000000000000000000000000000000000000000000000111111111111111111
111111111111111111111111111111111111111111111111111111000000000000000000000000000000000000000000000000011111111111111111
111111111111111111111111111111111111111111111111111110000000000000000000000000000000000000000000000000011111111111111111
111111111111111111111111111111111111111111111111111110000000000000000000000000000000000000000000000000011111111111111111
111111111111111111111111111111111111111111111111111100000000000000000000000000000000000000000000000000011111111111111111
111111111111111111111111111111111111111111111111111100000100000000000000000000000000000000000000000000001111111111111111
111111111111111111111111111111111111111111111111100000000000000000000000000000000000000000000000000000001111111111111111
111111111111111111111111111111111111111111111111100000000000000000000000000000000000000000000000000000001111111111111111
111111111111111111111111111111111111111111111111100000000000000000000000000000000000000000000000000000001111111111111111
111111111111111111111111111111111111111111111111000000000000000000000000000000000000000000000000000000001111111111111111
