000000000000000000000000000000000000000000000000000111001111111100111000000000000000000000000000000000000000000000000000
000000000000000000000000000000000000000000000000000111000100001000111000000000000000000000000000000000000000000000000000
000000000000000000000000000000000000000000000000000000000000000000000000000000000000000000000000000000000000000000000000
000000000000000000000000000000000000000000000000000000000000000000000000000000000000000000000000000000000000000000000000
000000000000000000000000000000000000000000000000000000000000000000000000000000000000000000000000000000000000000000000000
000000000000000000000000000000000000000000000000000000000000000000000000000000011111110000000000111111111100000000000000
000000000000000000000000000000000000000000000000000110000000000000011000000000011111111000011111111111111111110000000000
000000000000000000000000000000000000000000000000000111000000000000111000000000001111111111111111111111111111111100000000
000000000000000000000000000000000000000000000000000111100000000001111000000000000111111111111111111111111111111100000000
000000000000000000000000000000000000000000000000000111110000000011111000000000000011111111111111111111111111111000000000
000000000000000000000000000000000000000000000000000111111000000111111000000000000001111111111111111111111111111000000000
000000000000000000000000000000000000000000000000000111111000000111111000000000000001111111111111111111111111111100000000
000000000000000000000000000000000000000000000000000111111000000111111000000000000001111111111111111111111111111110000000
000000000000000000000000000000000000000000000000000001010000000001100000000000000001111111111111111111111111111110000000
000000000000000000000000000000000000000000000000000000000000000000000000000000000011111111111111111111111111111110000000
000000000000000000000000000000000000000000000000000110000000000000011000000000000111111111111111111111111111110000000000
000000000000000000000000000000000000000000000000000000000000000000000000000000001111111111111111111111111111100000000000
000000000000000000000000000000000000000000000000000100000000000000000000000000111111111111111111111111111111110000000000
000000000000000000000000000000000000000000000000000111111000000111111000000000000111111111111111111111111111111000000000
000000000000000000000000000000000000000000000000000111111100001111111000000000000111111111111111111111111111111111000000
000000000000000000000000000000000000000000000000000111111111111111111000000000001111111111111111111111111111111111111000
000000000000000000000000000000000000000000000000000111111111111111111000000000001111111111111111111111111111111111111110
000000000000000000000000000000000000000000000000000111111111111111111000000000001111111111111111111111111111111111111111
000000000000000000000000000000000000000000000000000111111111111111111000000000011111111111111111111111111111111111111111
000000000000000000000000000000000000000000000000000111111111111111111000000000111111111111111111111111111111111111111111
000000000000000000000000000000000000000000000000000111111111111111111000000011111111111111111111111111111111111111111111
000000000000000000000000000000000000000000000000000111111111111111111000000111111111111111111111111111111111111111111111
000000000000000000000000000000000000000000000000000111111111111111111000001111111111111111111111111111111111111111111111
000000000000000000000000000000000000000000000000000111111111111111111000011111111111111111111111111111111111111111111111
000000000000000000000000000000000000000000000000000111111111111111111001111111111111111111111111111111111111111111111111
000000000000000000000000000000000000000000000000000111111111111111111011111111111111111111111111111111111111111111111111
000000000000000000000000000000000000000000000000000111111111111111111111111111111111111111111111111111111111111111111111
000000000000000000000000000000000000000000000000000111111111111111111111111111111111111111111111111111111111111111111111
000000000000000000000000000000000000000000000000000111111111111111111111111111111111111111111111111111111111111111111111
000000000000000000000000000000000000000000000000000111111111111111111111111111111111111111111111111111111111111111111111
000000000000000000000000000000000000000000000000000111111111111111111111111111111111111111111111111111111111111111111111
000000000000000000000000000000000000000000000000000111111111111111111111111111111111111111111111111111111111111111111111
000000000000000000000000000000000000000000000000000111111111111111111111111111111111111111111111111111111111111111111111
000000000000000000000000000000000000000000000000000111111111111111111111111111111111111111111111111111111111111111111111
000000000000000000000000000000000000000000000000000111111111111111111111111111111111111111111111111111111111111111111111
