000000000000000000000000000000000111000000111000000000000000000000000000000000000000000000000000000000000000000000000000
000000000000000000000000000000000011110001110000010000000000000000000000000000000000000000000000000000000000000000000000
000000000000000000000000000000011000111101110111100000000000000000010000000000000000000000000000000000000000000000000000
000000000000000000000000000000001111111111111110000000000000000000010000000000000000000000010000000000000000000000000000
000000000000000000000000000000000000011111110000000000000000000000110000000000000000000000110110000000000000000000000000
000000000000000000000000000000000000011111111111111000000000000000110000000000000000011111111111100000000000000000000000
000000000000000000000000000000001111111111111111100000000000000000110000000000000000000111110110000000000000000000000000
000000000000000000000000000000000000111111111111000000000000000000111000000000000000000011100000000000000000000000000000
000000000000000000000000000000000000111111111111100000000000000000011101111111111100000111000000000000000000000000000000
000000000000000000000000000000000001111111111111111100000000000000001111111111111111111110000000000000000000000000000000
000000000000000000000000000000000011111111111111111111000000000000111111111111111111111000000000000000000000000000000000
000000000000000000000000000000000111111111111111111111100000000001111111111111111111111000000000000000000000000000000000
000000000000000000000000000000001111111111111111111111100000000001111111111111111111111100000000000000000000000000000000
000000000000000000000000000000001111111111111111111111100000000001111111111111111111111100000000000000000000000000000000
000000000000000000000000000000001111111111111111111111100000000001111111111111111111111100000000000000000000000000000000
000000000000000000000000000000001111111111111111111111000000000000111111111111111111111100000000000000000000000000000000
000000000000000000000000000000001111111111111111111111000000000000111111111111111111111100000000000000000000000000000000
000000000000000000000000000000011111111111111111111111000000000000111111111111111111111100000000000000000000000000000000
000000000000000000000000000000011111111111111111111111000000000000111111111111111111111110000000000000000000000000000000
000000000000000000000000000000011111111111111111111111000000000000111111111111111111111110000000000000000000000000000000
000000000000000000000000000000011111111111111111111111000111111000111111111111111111111110000000000000000000000000000000
000000000000000000000000000000011111111111111111111111000111111000111111111111111111111110000000000000000000000000000000
000000000000000000000000000000011111111111111111111111001111111100111111111111111111111110000000000000000000000000000000
000000000000000000000000000000011111111111111111111111111111111111111111111111111111111110000000000000000000000000000000
000000000000000000000000000000111111111111111111111111111111111111111111111111111111111111000000000000000000000000000000
000000000000000000000000000000111111111111111111111111101111111101111111111111111111111111000000000000000000000000000000
000000000000000000000000000001111111111111111111111111111110011111111111111111111111111111100000000000000000000000000000
000000000000000000000000000001111111111111111111111111111110011111111111111111111111111111100000000000000000000000000000
000000000000000000000000000001111111111111111111111111111000001111111111111111111111111111100000000000000000000000000000
000000000000000000000000000001111111111111111111111111110000000011111111111111111111111111100000000000000000000000000000
000000000000000000000000000000111111111111111111111100110000000011001111111111111111111111100000000000000000000000000000
000000000000000000000000000000111111111111111111111000011000000010000111111111111111111111000000000000000000000000000000
000000000000000000000000000000111111111111111111110000001000000110001011111111111111111111000000000000000000000000000000
000000000000000000000000000001111111111111111111110000001000000100000011111111111111111111111111000000000000000000000000
000000000000000000000000000111111111111111111110110000000000001000000011011111111111111111111111111110000000000000000000
000000000000000000000000001111111111111111111110010000000000000000000010011111111111111111111111111111110000000000000000
000000000000000000000000011111111111111111111111000000000000000000000000011111111111111111111111111111111100000000000000
000000000000000000000000111111111111111111111111000000000000000000000000011111111111111111111111111111111110000000000000
000000000000000000000000111111111111111111111111100000000000000000000000011111111111111111111111111111111111000000000000
000000000000000000000001111111111111111111111111110000000000000000000000111111111111111111111111111111111111100000000000
