000000000000000000000000000000000000000000000000000000000000000000000000000000000000000000000000000000000000000000000000
000000000000000000000000000000000000000000000000000000000000000000000000000000000000000000000000000000000000000000000000
000000000000000000000000000000000000000000000000000000000000000000000000000000000000000000000000000000000000000000000000
000000000000000000000000000000000000000000000000000000000000000000000000000000000000000000000000000000000000000000000000
000000000000000000000000000000000000000000000000000000000000000000000000000000000000000000000000000000000000000000000000
000000000000000000000000000000000000000000000000000000000000000000000000000000000000000000000000000000000000000000000000
000000000000000000000000000000000000000000000000000000000000111110000000000000000000000000000000000000000000000000000000
000000111110000000000000000000000000000000000000000000001111111111111110000000000000000000000000000000000000000000000000
000000111111111100000000000000000000000000000000000000111111111111111111110000000000000000000000000000000000000000000000
000000111111111111111000000000000000000000000000000011111111111111111111111000000000000000000000000000000000000000000000
000001111111111111111111000000000000000000000000001111111111111111111111111000000000000000000000000000000000000000000000
000001111111111111100000111111000000000000000001111111111111111111111111111100000000000000000000000000000000000000000000
000011111111111111000000000001111111000000000000011111111111111111111111111000000000000000000000000000000000000000000000
000111111111111110000000000000000001111111000000000111111111111111111110000000000000000000000000000000000000000000000000
000111111111111100000000000000000000000001111111101111111111111111111100000000000000000000000000000000000000000000000000
001111111111111000000000000000000000000000000000111111111111111111110000000000000000000000000000000000000000000000000000
001111111111110000000000000000000000000000000000000111111111111111110000000000000000000000000000000000000000000000000000
011111111111110000000000000000000000000000000000000000001111111111111111000000000000000000000000000000000000000000000000
011111111111100000000000000000000000000000000000000000001111111111111111111111000000000000000000000000000000000000000000
011111111111100000000000000000000000000000000000000000001111111111111111100011111111110000000000000000000000000000000000
011111111111000000000000000000000000000000000000000000011111111111111111110000000000111111111111111000000000000000000000
011111111111000000000000000000000000000000000000000000011111111111111111111000000000000000111111111111110000000000000000
011111111111000000000000000000000000000000000000000000111111111111111111111100000000000000111111110001111111111111100000
011111111111000000000000000000000000000000000000000011111111111111111111111100000000111111111111000000000000011111111111
011111111111000000000000000000000000000000000000000111111001111111111111111111111111111111111100000000000000000000001111
011111111111000000000000000000000000000000000000000011111111111111111111111111111111111110000000000000000000000000000000
011111111111000000000000000000000000000000000000000000111111111111111111111111111110000000000000000000000000000000000000
001111111111000000000000000000000000000000000000000000001111111111111111110000000000000000000000000000000000000000000000
001111111111000000000000000000000000000000000000000000000001111111111111110000000000000000000000000000000000000000000000
000111111111100000000000000000000000000000000000000000000001111111111111111000000000000000000000000000000000000000000000
000011111111110000000000000000000000000000000000000000000011111111111111111100000000000000000000000000000000000000000000
000011111111110000000000000000000000000000000000000000001111111111111111111100000000000000000000000000000000000000000000
000001111111111000000000000000000000000000000000000000111111111111111111111110000000000000000000000000000000000000000000
000000111111111100000000000000000000000000000000000111111111111111111111111111100000000000000000000000000000000000000000
000000011111111100000000000000000000000000000000111111111111111111111111111111111000000000000000000000000000000000000000
000000001111111110000000000000000000000000000111111111111111111111111111111111111100000000000000000000000000000000000000
000000001111111100000000000000000000000000111111111111111111111111111111111111111000000000000000000000000000000000000000
000000001111111000000000000000000000000111111111111111111111111111111111111111111000000000000000000000000000000000000000
000000001111110000000000000000000000111111111111111111111111111111111111111111111100000000000000000000000000000000000000
000000001111110000000000000000000111111111111111111111111111111111111111111111111110000000000000000000000000000000000000
