111111111111111111111111111111111111111111111111111111111111111111111111111111111111111111111111111111000000000000000000
111111111111111111111111111111111111111111111111111111111111111111111111111111111111111111111111111111100000000000000000
111111111111111111111111111111111111111111111111111111111111111111111111111111111111111111111111111111100000000000000000
111111111111111111111111111111111111111111111111111111111111111111111111111111111111111111111111111111000000000000000000
111111111111111111111111111111111111111111111111111111111111111111111111111111111111111111111111111100000000000000000000
111111111111111111111111111111111111111111111111111111111111111111111111111111111111111111111111100000000000000000000000
111111111111111111111111111111111111111111111111111111111111111111111111111111111111111111111110000000000000000000000000
111111111111111111111111111111111111111111111111111111111111111111111111111111111111111111111100000000000000000000000000
111111111111111111111111111111111111111111111111111111111111111111111111111111111111111111111000000000000000000000000000
111111111111111111111111111111111111111111111111111111111111111111111111111111111111111111110000000000000000000000000000
111111111111111111111111111111111111111111111111111111111111111111111111111111111111111111100000000000000000000000000000
111111111111111111111111111111111111111111111111111111111111111111111111111111111111111111000000000000000000000000000000
111111111111111111111111111111111111111111111111111111111111111110111111111111111111111111000000000000000000000000000000
111111111111111111111111111111111111111111111111111111111111111110011111111111111111111111000000000000000000000000000000
111111111111111111111111111111111111111111111111111111111111111111001111111111111111111111000000000000000000000000000000
111111111111111111111111111111111111111111111111111111111111111111000011111111111111111111000000000000000000000000000000
111111111111111111111111111111111111111111111111111111111111111111100001111111111111111111100000000000000000000000000000
111111111111111111111111111111111111111111111111111111111111111111100001111111111111111111100000000000000000000000000000
111111111111111111111111111111111111111111111111111111111111111111110000111111111111111111111000000000000000000000000000
111111111111111111111111111111111111111111111111111111111111111001100000011111111111111111111100000000000000000000000000
111111111111111111111111111111111111111111111111111111111111000000000000000011111111111111111111111001000000000000000000
111111111111111111111111111111111111111111111111111111111110000000000000000001111111111111111111111111100000000000000000
111111111111111111111111111111111111111111111111111111111111000000000000000001111111111111111111111111000000000000000000
111111111111111111111111111111111111111111111111111111111111000000000000000001111111111111111111111110000000000000000000
111111111111111111111111111111111111111111111111111111111100000000000000000001111111111111111111111111100000000000000000
111111111111111111111111111111111111111111111111111111111000000000000000000001111111111111111111111111111100000000000000
111111111111111111111111111111111111111111111111111111111000000000000000000000111111111111111111111111111111000000000000
111111111111111111111111111111111111111111111111111111110000000000000000011000011111111111111111111111111111110000000000
111111111111111111111111111111111111111111111111111111100000000000000000111100011111111111111111111111111111111100000000
111111111111111111111111111111111111111111111111111111100000000000000011111110001111111111111111111111111111111111100000
111111111111111111111111111111111111111111111111111111100000000000001111111111000111111111111111111111111111111111100000
111111111111111111111111111111111111111111111111111111100000000000011111111111100111111111111111111111111111111100000000
111111111111111111111111111111111111111111111111111111100000000000001111111111110011111111111111111111111110000000000000
111111111111111111111111111111111111111111111111111111100000000000000111111111111011111111111111111111110000000000000000
111111111111111111111111111111111111111111111111111111100000000000000111111111111111111111110000000000000000000000000000
111111111111111111111111111111111111111111111111111111110000000000000011111111111111111111000000000000000000000000000000
111111111111111111111111111111111111111111111111111111110000000000000001111111111111111111000000000000000000000000000000
111111111111111111111111111111111111111111111111111111111000000000000001111111111111100000000000000000000000000000000000
111111111111111111111111111111111111111111111111111111111000000000000000111111111100000000000000000000000000000000000000
111111111111111111111111111111111111111111111111111111111100000000000000011111100000000000000000000000000000000000000000
