000000000000000000000000000000000000000000000000000000000000000000000000000000000000000000000000000000000000000000000000
000000000000000000000000000000000000000000000000000000000000000000000000000000000000000000000000000000000000000000000000
000000000000000000000000000000000000000000000000000000000000000000000000000000000000000000000000000000000000000000000000
000000000000000000000000000000000000000000000000000000000000000000000000000000000000000000000000000000000000000000000000
000000000000000000000000000000000000000000000000001111111111111111110000000000000000000000000000000000000000000000000000
000000000000000000000000000000000000000000000000111111111111111111111100000000000000000000000000000000000000000000000000
000000000000000000000000000000000000000000000001111111111111111111111111111100000000000000000000000000000000000000000000
000000000000000000000000000000000000000000000011111111111111111111111111111111000000000000000000000000000000000000000000
000000000000000000000000000000000000000000000011111111111111111111111111111111100000000000000000000000000000000000000000
000000000000000000000000000000000000000000000011111111111111111111111111111111110000000000000000000000000000000000000000
000000000000000000000000000000000000000000000011111111111111111111111111111111110000000000000000000000000000000000000000
000000000000000000000000000000000000000000001111111111111111111111111111011111100000000000000000000000000000000000000000
000000000000000000000000000000000000000000011111111111111111111111111110011111100000000000000000000000000000000000000000
000000000000000000000000000000000000000000000011111111111111111111111110011111100000000000000000000000000000000000000000
000000000000000000000000000000000000000000000000011111111111111111111010111111110000000000000000000000000000000000000000
000000000000000000000000000000000000000000000000001111111111111111110000111111110000000000000000000000000000000000000000
000000000000000000000000000000000000000000000000000101011111111001100000011111100000000000000000000000000000000000000000
000000000000000000000000000000000000000000000000000000111111111100000000011111100000000000000000000001110000000000000000
000000000001111110000000000000000000000000000000001111111111111111111000000110000000000000000000011111111100000000000000
000000000111100111111110000000000000000000000000111111111111111111111110000000000000000000001111110000000111100000000000
000000011111000000011111111000000000000000000001111111111111111111111111000000000000000001111111110000111111111100000000
000011111011111000011111100111111101111111111111111111111111111111111111111111111111111110011111100011111100001111110000
111111000011111100011111110011111000011110001111111111111111111111111111100011110001111110111111001111111000000111111111
111100000001111110000111110011111100011111001111111111111111111111111111100111110011111111111000011111000001111111000001
011111100000011111000000111001111110011111101111111111111111111111111111101111100111111111000000111000000011111110000111
011111110000000011100000001100011111001111111111111111111111111111111111111100001111000000000000000000001111110000011111
000111111000000000100000000000000111000111111111111111111111111111111111110000011000000000000000000000011100000001111111
000001111100000000000000000000000001100001111111111111111111111111111111110000000000000000000000000000000000000111110000
000000001100000000000011110000000000000001111111101111111111111111111111110000000000000000000000000000000000001000000001
000000000000000000000001111111100000000111111111001111111111111111111111111000000000000000000000000000000000000000000000
100000000000000000000001111111111101111111111000001111111111111111111011111100000000000000000000000000000000000000000000
000000000000000000000000011111111111111110000000001111111111111111111011111100000000000000000000000000000000000000000000
000000000000000000000000000001111111000000000000011111111111111111111101111110000000000000000000000000000000000000000000
000000000000000000000000000000000000000000000000111111111111111111111110111111000000000000000000000000000000000000000000
000000000000000000000000000000000000000000000001111111111111111111111111011111000000000000000000000000000000000000000000
000000000000000000000000000000000000000000000001111111111111111111111111101111100000000000000000000000000000000000000000
000000000000000000000000000000000000000000000011111111111111111111111111100111100000000000000000000000000000000000000000
000000000000000000000000000000000000000000000111111111111111111111111111110111110000000000000000000000000000000000000000
000000000000000000000000000000000000000000000111111111111111111111111111111111110000000000000000000000000000000000000000
000000000000000000000000000000000000000000001111111111111111111111111111111111111000000000000000000000000000000000000000
