111111111111111111111111111111111111111111111111111111111111111111111111111111111111111111111111111111111111111111111111
111111111111111111111111111111111111111111111111111111111111111111111111111110000000111111111111111111111111111111111111
111111111111111111111111111111111111111111111111111111111111111111111111111000000000001111111111111111111111111111111111
111111111111111111111111111111111111111111111111111111111111111111111111110000000000000111111111111111111111111111111111
111111111111111111111111111111111111111111111111111111111111111111111110000000000000000001111111111111111111111111111111
111111111111111111111111111111111111111111111111111111111111111111110000000000000000000000011111111111111111111111111111
111111111111111111111111111111111111111111111111111111111111111111000000000000000000000000000111111111111111111111111111
111111111111111111111111111111111111111111111111111111111111111110000000000000000000000000000011111111111111111111111111
111111111111111111111111111111111111111111111111111111111111111100000000000000000000000000000001111111111111111111111111
111111111111111111111111111111111111111111111111111111111111111100000000000000000000000000000001111111111111111111111111
111111111111111111111111111111111111111111111111111111111111111100000000000000000000000000000001111111111111111111111111
111111111111111111111111111111111111111111111111111111111111111110000000000000000000000000000001111111111111111111111111
111111111111111111111111111111111111111111111111111111111111111111110000000000000000000000000001111111111111111111111111
111111111111111111111111111111111111111111111111111111111111111111100000000000000000000000000001111111111111111111111111
111111111111111111111111111111111111111111111111111111111111111111110000000000000000000000000001111110111111111111111111
111111111111111111111111111111111111111111111111111111111111111111111000000000000000000000000000111100001111111111111111
111111111111111111111111111111111111111111111111111111111111111111111100000000000000000000000000110000000011111111111111
111111111111111111111111111111111111111111111111111111111111111111111111111000000000000000000000100000000000111111111111
111111111111111111111111111111111111111111111111111111111111111111111111111000000000000000000100000000000000001111111111
111111111111111111111111111111111111111111111111111111111111111111111111100000000000000000100000000000000000000001111111
111111111111111111111111111111110000011111111111111111111111111111111110000000000000001101000000000000000000000000001111
111111111111111111111111111111110000000111111111000000011111111111110000000000000000000000000000000000000000000000000000
111111111111111111111111111111111000000011100000000000000011111111000000000000000000000000000000000000000000000000000000
111111111111111111111111111111111110000000111100000000000111111110000000000000000000000000000000000000000000000000000000
111111111111111111111111111111111111000000011111100000000111111110000000000000000000000000000000000000000000000000000000
111111111111111111111111111111111111000000000111111000000111111100000000000000000000000000000000000000000000000000000000
111111111111111111111111111111111111100000000001111100000001111000000000000000000000000000000000000000000000000000000000
111111111111111111111111111111111111110000000000001100000000111000000000000000000000000000000000001100000000000000000000
111111111111111111111111111111111111111000000000000010000000000000000000000000000000000000000001111110000000000000000000
111111111111111111111111111111111111111100000000000000000000000000000000000000000000001111111111111100000000000000000000
111111111111111111111111111111111111111111110000000000000000000000000000000000000000000111111111111101000000000000000000
111111111111111111111111111111111111111111111111110000000000000000000000000000000000100111111111111111000000000000000000
111111111111111111111111111111111111111111111111111100000000000000000000000000000000100111111111111111000000000000000000
111111111111111111111111111111111111111111111111111111000000000000000000000000000000110111111111111111100000000000000000
111111111111111111111111111111111111111111111111111111111000000000000000000000000000010111111111111111101000000000000000
111111111111111111111111111111111111111111111111111111111111000000000000000000000000000011111111111111110000000000000000
111111111111111111111111111111111111111111111111111111111111100000000000000000000000000011111111111111111110000000000000
111111111111111111111111111111111111111111111111111111111111000000000000000000000000000001111111111111111110010000000000
111111111111111111111111111111111111111111111111111111111111000000000000000000000000000000011111111111111111110000000000
111111111111111111111111111111111111111111111111111111111111100000000000000000000000000000001111111111111111100000000000
