000000000000000000000000000000000000000111111111111111111111111111111111111111111111111111111111111111111111111111111000
000000000000000000000000000000000000000011110111111111111111111111111111111111111111111111111111111111111111111111111100
000000000000000000000000000000000000000000111111111111111111111111111111111111111111111111111111111111111111111111111100
000000000000000000000000000000000000000000011000000111111111111111111111111111111111111111111111111111111111111111111100
000000000000000000000000000000000000000000000110000001111111111111111111111111111111111111111111111111111111111111111100
000000000000000000000000000000000000000000000000111001111111111111111111111111111111111111111111111111111111111111111100
000000000000000000000000000000000000000000000000000000011111111111111111111111111111111111111111111111111111111111111000
000000000000000000000000000000000000000000000000000000001001111111111111111111111111111111111111111111111111111111111000
000000000000000000000000000000000000000000000000000000001111111111111111111111111111111111111111111111111111111111110000
000000000000000000000000000000000000000000111111111110001111111111111111111111111111111111111111111111111111111111111000
000000000000000000000000000000000000001111111111111100111111111111111111111111111111111111111111111111111111111111111110
000000000000000000000000000000000001111111111111111110011111111111111111111111111111111111111111111111111111111111111111
000000000000000000000000000000000111111111111111101111111111111111111111111111111111111111111111111111111111111111111111
000000000000000000000000000000001111111111111110001111111111111111111111111111111111111111111111111111111111111111111111
000000000000000000000000000000111111111111111100001111111111111111111111111111111101111111111111111111111111111111111111
000000000000000000000000000001111111111111110000001111111111111111111111111111111100001111111111111111111111111111111111
000000000000000000000000000011111111111111100000000111111111111111111111111111111110000001111111111111111111111111111111
000000000000000000000000000001111111111111000000000000001111111111111111111111111110000001111111111111111111111111111111
000000000000000000000000000000000111111111000000000000000111111111111111111111111111000000000011111111111111111111111111
000000000000000000000000000000000001111111000000000000000011111111111111111111111111000000000001001111111111111111111111
000000000000000000000000000000000011111111100000000000000011111111111111111111111111100000000000100000001111111111111111
000000000000000000000000000000000111111111000000000000000011111111111111111111111111100000000000010000000001111111111111
000000000000000000000000000000000011111111000000000000000011111111111111111111111111100000000000001100000000011111111111
000000000000000000000000000000000001111111100000000011110011111111111111111111111111100000000000000001100000000111111111
000000000000000000000000000000000000111111110000000111111111111111111111111111111111110000000000000000000000000000011111
000000000000000000000000000000000000011111111000000101111111111111111111111111111111110000000000000000000000000000001000
000000000000000000000000000000000000001111111110000011111111111111111111111111111111111000000000000000000000000000000100
000000000000000000000000000000000000000111111111111111111111111111111111111111111111111000000000000000000000000000000011
000000000000000000000000000000000000000011111111111111111111111111111111111111111111111100000000000000000000000000000000
000000000000000000000000000000000000000001111111111111111111111111111111111111111111111100000000000000000000000000000000
000000000000000000000000000000000000000000011111111111111111111111111111111111111111111110000000000000000000000000000000
000000000000000000000000000000000000000000000000111111111111111111111111111111111111111110000000000000000000000000000000
000000000000000000000000000000000000000000000000111111111111111111111111111111111111111111000000000000000000000000000000
000000000000000000000000000000000000000000000011111100011111111111111111111111111111111111000000000000000000000000000000
000000000000000000000000000000000000000000001111110000011111111111111111111111111111111111100000000000000000000000000000
000000000000000000000000000000000000000000011111100000011111111111111111111111111111111111110000000000000000000000000000
000000000000000000000000000000000000000000011110000000111111111111111111111111111111111111111000000000000000000000000000
000000000000000000000000000000000000000000000000000000111111111111111111111111111111111111111100000000000000000000000000
000000000000000000000000000000000000000000000000000001111111111111111111111111111111111111111110000000000000000000000000
000000000000000000000000000000000000000000000000000001111111111111111111111111111111111111111110000000000000000000000000
