111111111111111111111111111111111111111111111111111111111111111111111111111111111111111000000000000000000000000000000111
111111111111111111111111111111111111111111111111111111111111111111111111111111111111111110000000000000000000000000000111
111111111111111111111111111111111111111111111111111111111111111111111111111111111111111111110000000000000000000000000011
111111111111111111111111111111111111111111111111111111111111111111111111111111111111111111110000000000000000000000000001
111111111111111111111111111111111111111111111111111111111111111111111111111111111111111111100000000000000000000000000100
111111111111111111111111111111111111111111111111111111111111111111111111111111111111111110000000000000000000000000000010
111111111111111111111111111111111111111111111111111111111111111111111111111111111111110000000000000000000000000000000011
111111111111111111111111111111111111111111111111111111111111111111111111111111111111000000000000000000000000000000011111
111111111111111111111111111111111111111111111111111111111111111111111111111111111100000000000000000000000000000011111111
111111111111111111111111111111111111111111111111111111111111111111111111111111111000000000000000000000000000000011111111
111111111111111111111111111111111111111111111111111111111111111111111111111111111000000000000000000000000000000011111111
111111111111111111111111111111111111111111111111111111111111111111111111111111100000000000000000000000000000000111111111
111111111111111111111111111111111111111111111111111111111111111111111111111111110000000000000000000000000001111111111111
111111111111111111111111111111111111111111111111111111111111111111111111111111100000000000000000000000000011111111111111
111111111111111111111111111111111111111111111111111111111111111111111111111111100000000000000000000000000011111111111111
111111111111111111111111111111111111111111111111111111111111111111111111111111100000000000000000000000000111111111111111
111111111111111111111111111111111111111111111111111111111111111111111111111111110000000000000000000000000111111111111111
111111111111111111111111111111111111111111111111111111111111111111111111111111111000000000000000000000001111111111111111
111111111111111111111111111111111111111111111111111111111111111111111111111111111000000000000000000000001111111111111111
111111111111111111111111111111111111111111111110000111111111111111111111111111111000000000000000000000001111111111111111
111111111111111111111111111111111111111111100000000011111111111111111111111111110000000000000000000000001111111111111111
111111111111111111111111111111111111111111000000000000111111111111111111111111110000000000000000000000000111111111111111
111111111111111111111111111111111111111110000000000001111111111111111111111110000000000000000000000000000011111111111111
111111111111111111111111111111111111111110000000000011111111111111111111111000000000000000000000000000000011111111111111
111111111111111111111111111111111111111110000000000011111111111111111111000000000000000000000000000000000011111111111111
111111111111111111111111111111111111111110000000000000111111111111111100000000000000000000000000000000000001111111111111
111111111111111111111111111111111111111110000000000000000111111111110000000000000000000000000000000000000000011111111111
111111111111111111111111111111111111111100000000000000000011111110000000000000000000000000000000000000000000001111111111
111111111111111111111111111111111111111100000001000000000000000000000000000000000000000000000000000000000000000011111111
111111111111111111111111111111111111111000000001000000000000000000000000000000011000000000000000000000000000000001111111
111111111111111111111111111111111111111000000001000000000000000000000000000011111000000000000000000000000000000000011111
111111111111111111111111111111111111111000000001000000000000000000000000111111110000000000000000000000000000000000001111
111111111111111111111111111111111111111100000011000000000000000000000111111111110000000000000000000000000000000000000011
111111111111111111111111111111111111111100000010000000000000000000001111111111100000000000000000000000000000000000000001
111111111111111111111111111111111111111100000111100000000000000000001111111111100000000000000000000000000000000000000000
111111111111111111111111111111111111111110001111110000000000000000000111111111000000000000000000000000000000000000000000
111111111111111111111111111111111111111111111111110000000000000000000011111110000000000000000000000000000000000000000000
111111111111111111111111111111111111111111111111110000000000000000000000111100000000000000000000000000000000000000000000
111111111111111111111111111111111111111111111111110000000000000000000000011100000000000000000000000000000000000000000000
111111111111111111111111111111111111111111111111100000000000000000000000001000000000000000000000000000000000000000000000
