000000000000000000000000000000000000000111111111111111111111111111111111111111111111111111111111111111111111111111111111
000000000000000000000000000000000000011111111111111111111111111111111111111111111111111111111111111111111111111111111111
000000000000000000000000000000000001111111111111111111111111111111111111111111111111111111111111111111111111111111111111
000000000000000000000000000000000111111111111111111111111111111111111111111111111111111111111111111111111111111111111111
000000000000000000000000000000001111111111111111111111111111111111111111111111111111111111111111111111111111111111111111
000111001111100000000000000000111111111111111111111111111111111111111111111111111111111111111111111111111111111111111111
000000111111111111110000000001111111111111111111111111111111111111111111111111111111111111111111111111111111111111111111
000001111111111111111000000011111111111111111111111111111111111111111111111111111111111111111111111111111111111111111111
000001111111111111111100000011111111111111111111111111111111111111111111111111111111111111111111111111111111111111111111
000000001111111111111110000011111111111111111111111111111111111111111111111111111111111111111111111111111111111111111111
000000001111111111111100000111111111111111111111111111111111111111111111111111111111111111111111111111111111111111111111
000000000111111111111111000111111111111111111111111111111111111111111111111111111111111111111111111111111111111111111111
000000000111111111111111111111111111111111111111111111111111111111111111111111111111111111111111111111111111111111111111
000000000111111111111111111111111111111111111111111111111111111111111111111111111111111111111111111111111111111111111111
000000000111111111111111111111111111111111111111111111111111111111111111111111111111111111111111111111111111111111111111
000000011111111111111111111111111111111111111111111111111111111111111111111111111111111111111111111111111111111111111111
000000111111111111111111111111111111111111111111111111111111111111111111111111111111111111111111111111111111111111111111
000001111111111111111111111111111111111111111111111111111111111111111111111111111111111111111111111111111111111111111111
000011111111111111111111111111111111111111111111111111111111111111111111111111111111111111111111111111111111111111111111
000111111111111111111111111111111111111111111111111111111111111111111111111111111111111111111111111111111111111111111111
000111111111111111011111111111111111111111111111111111111111111111111111111111111111111111111111111111111111111111111111
000111111111111100001111111111111111111111111111111111111111111111111111111111111111111111111111111111111111111111111111
000111111111111000011111111111111111111111111111111111111111111111111111111111111111111111111111111111111111111111111111
001111111111111000011111111111111111111111111111111111111111111111111111111111111111111111111111111111111111111111111111
000111100011111000111111111111111111111111111111111111111111111111111111111111111111111111111111111111111111111111111111
000000000111100001111111111111111111111111111111111111111111111111111111111111111111111111111111111111111111111111111111
000000000011000011111111111111111111111111111111111111111111111111111111111111111111111111111111111111111111111111111111
000000000010000111111111111111111111111111111111111111111111111111111111111111111111111111111111111111111111111111111111
000000000000011111111111111111111111111111111111111111111111111111111111111111111111111111111111111111111111111111111111
000000000000111111111111111111111111111111111111111111111111111111111111111111111111111111111111111111111111111111111111
000000000001111111111111111111111111111111111111111111111111111111111111111111111111111111111111111111111111111111111111
000000000111111111111111111111111111111110111111111111111111111111111111111111111111111111111111111111111111111111111111
000000001111111111111111111111111111111110011111111111111111111111111111111111111111111111111111111111111111111111111111
000000011111111111111111111111111111111110000011111111111111111111111111111111111111111111111111111111111111111111111111
000000111111111111111111111111111111111110000001111111111111111111111111111111111111111111111111111111111111111111111111
000000111111111111111111111111111111111110000000111111111111111111111111111111111111111111111111111111111111111111111111
000000101110111111111111111111111111111110000000011111111111111111111111111111111111111111111111111111111111111111111111
000000000000001111111111111111111111100000000000001111111111111111111111111111111111111111111111111111111111111111111111
000000000000000000011111011110000000000000000000000011111111111111111111111111111111111111111111111111111111111111111111
000000000000000000011110001110000000000000000000000000111111111111111111111111111111111111111111111111111111111111111111
