000000000000000000000000000000000000000000000000000000000000000000000000000000000000000000000000000000000000000000000000
000000000000000000000000000000000000000000000000000000000000000000000000000000000000000000000000000000000000000000000000
000000000000000000000000000000000000000000000000000000000000000000000000000000000000000000000000000000000000000000000000
000000000000000000000000000000000000000000000000000000000000000000000000000000000000000000000000000000000000000000000000
000000000000000000000000000000000000000000000000000000000000000000000000000000000000000000000000000000000000000000000000
000000000000000000000000000000000000000000000000000000000000000000000000000000000000000000000000000000000000000000000000
000000000000000000000000000000000000000000000000000000000000000000000000000000000000000000000000000000000000000000000000
000000000000000000000000000000000000000000000000000000000000000000000000000000000000000000000000000000000000000000000000
000000000000000000000000000000000000000000000000000000000000000000000001110000000001111000000000000000000000000000000000
000000000000000000000000000000000000000000000000000000000000000000000001111000000111110000000000000000000000000000000000
000000000000000000000000000000000000000000000000000000000000000000000000111100001111000000000000000000000000000000000000
000000000000000000000000000000000000000000000000000000000000000000000000011110001111000000000000000000000000000000000000
000000000000000000000000000000000000000000000000000000000000000000000000001111101110000000000000000000000000000000000000
000000000000000000000000000000000000000000000000000000000000000000000000111111111111000000000000000000000000000000000000
000000000000000000000000000000000000000000000000000000000000000000000111111111111111110000000000000000000000000000000000
000000000000000000000000000000000000000000000000000000000000000000011111111111111111111000000000000000000000000000000000
000000000000000000000000000000000000000000000000000000000000000000111111001111111111111100000000000000000000000000000000
000000000000000000000000000000000000000000000000000000000000000001111111001111111111111100000000000000000000000000000000
000000000000000000000000000000000000000000000000000000000000000000111111111111111111111100000000000000000000000000000000
000000000000000000000000000000000000000000000000000000000000000000000111111111111111111100000000000000000000000000000000
000000000000000000000000000000000000000000000000000000000000000000000000011111111111111100000000000000000000000000000000
000000000000000000000000000000000000000000000000000000000000000000000000010011111111111110000000000000000000000000000000
000000000000000000000000000000000000000000000000000000000000000000000000110111111111111110000000000000000000000000000000
000000000000000000000000000000000000000000000000000000000000000000000001100111111111111110000000000000000000000000000000
000000000000000000000000000000000000000000000000000000000000000000000011001111111111111111100000000000000000000000000000
000000000000000000000000000000000000000000000000000000000000000000000110000111111111111111110000000000000000000000000000
000000000000000000000000000000000000000000000000000000000000000000000000001111111111111111110000000000000000000000000000
000000000000000000000000000000000000000000000000000000000000000000000000011111111111111111110000000000000000000000000000
000000000000000000000000000000000000000000000000000000000000000000000000111111111111111111100000000000000000000000000000
000000000000000000000000000000000000000000000000000000000000000000000000111111111111111111100000000000000000000000000000
000000000000000000000000000000000000000000000000000000000000000000000000111111111111111111110000000000000000000000000000
000000000000000000000000000000000000000000000000000000000000000000000000111111111111111111110000000000000000000000000000
000000000000000000000000000000000000000000000000000000000000000000000000001111111111111111110000000000000000000000000000
000000000000000000000000000000000000000000000000000000000000000000000000000011111111111110000000000000000000000000000000
000000000000000000000000000000000000000000000000000000000000000000000000000111111111111110000000000000000000000000000000
000000000000000000000000000000000000000000000000000000000000000000000000000111111111111110000000000000000000000000000000
000000000000000000000000000000000000000000000000000000000000000000000000001111111001111110000000000000000000000000000000
000000000000000000000000000000000000000000000000000000000000000000000000001111110001111110000000000000000000000000000000
000000000000000000000000000000000000000000000000000000000000000000000000001111100001111100000000000000000000000000000000
000000000000000000000000000000000000000000000000000000000000000000000000011111000001111100000000000000000000000000000000
