111111111111111111111111111111111111111111111111111111111111111111111111111111111111111111111111111111111111111111111111
111111111111111111111111111111111111111111111111111111111111111111111111111111111111111111111111111111111111111111111111
111111111111111111111111111111111111111111111111111111111111111111111111111111111111111111111111111111111111111111111111
111111111111111111111111111111111111111111111111111111111111111111111111111111111111111111111111111111111111111111111111
111111111111111111111111111111111111111111111111111111111111111111111111111111111111111111111111111111111111111111111111
111111111111111111111111111111111111111111111111111111111111111111111111111111111111111111111111111111111111111111111111
111111111111111111111111111111111111111111111111111111111111111111111111111111111111111111111111111111111111111111111111
111111111111111111111111111111111111111111111111111111111111111111111111111111111111111111111111111111111111111111111111
111111111111111111111111111111111111111111111111111001111111111111111111111111111111111111111111111111111111111111111111
111111111111111111111111111111111111111111111111111000111111111111111111111111111111111111111111111111111111111111111111
111111111111111111111111111111111111111111111111111100111111111111111111111111111111111111111111111111111111111111111111
111111111111111111111111111111111111111111111111111100111111111111111000001111111111111111111111111111111111111111111111
111111111111111111111111111111111111111111111111111110011111111111000000000011111111111111111111111111111111111111111111
111111111111111111111111111111111111111111111111111110011111111100000000000001111111111111111111111111111111111111111111
111111111111111111111111111111111111111111111111111111001111111100000000000000111111111111111111111111111111111111111111
111111111111111111111111111111111111111111111111111111000111111110000000000000111111111111111111111111111111111111111111
111111111111111111111111111111111111111111111111111111000001111111100000000000111111111111111111111111111111111111111111
111111111111111111111111111111111111111111111111111111100000000110000000000000011111111111111111111111111111111111111111
111111111111111111111111111111111111111111111111111111110000000000000000000000011111111111111111111111111111111111111111
111111111111111111111111111111111111111111111111111111110000000000000000000000011111111111111111111111111111111111111111
111111111111111111111111111111111111111111111111111111110000000000000000000000111111111111111111111111111111111111111111
111111111111111111111111111111111111111111111111111111110000000111000000000000111111111111111111111111111111111111111111
111111111111111111111111111111111111111111111111111111111000011111000000000001111111111111111111111111111111111111111111
111111111111111111111111111111111111111111111111111111111100111111000000000001111111111111111111111111111111111111111111
111111111111111111111111111111111111111111111111111111111100001000000000000001111111111111111111111111111111111111111111
111111111111111111111111111111111111111111111111111111111100000000000000000000111111111111111111111111111111111111111111
111111111111111111111111111111111111111111111111111111111110001000000000000000111111111111111111111111111111111111111111
111111111111111111111111111111111111111111111111111111111111001100000000000000111111111111111111111111111111111111111111
111111111111111111111111111111111111111111111111111111111111001100000000000000111111111111111111111111111111111111111111
111111111111111111111111111111111111111111111111111111111111101100000000000000111111111111111111111111111111111111111111
111111111111111111111111111111111111111111111111111111111111100000000000000000111111111111111111111111111111111111111111
111111111111111111111111111111111111111111111111111111111111110000000000000000111111111111111111111111111111111111111111
111111111111111111111111111111111111111111111111111111111111110000000000000000011111111111111111111111111111111111111111
111111111111111111111111111111111111111111111111111111111111110000000000000000011111111111111111111111111111111111111111
111111111111111111111111111111111111111111111111111111111111110000000000000000011111111111111111111111111111111111111111
111111111111111111111111111111111111111111111111111111111111110000000000000000111111111111111111111111111111111111111111
111111111111111111111111111111111111111111111111111111111100100000000000000000011111111111111111111111111111111111111111
111111111111111111111111111111111111111111111111111111111110000000000000000000011111111111111111111111111111111111111111
111111111111111111111111111111111111111111111111111111111111011000000000000000111111111111111111111111111111111111111111
111111111111111111111111111111111111111111111111111111111111100000000000000000111111111111111111111111111111111111111111
