000000000000000000000000000000000000000000000000000000000000000000000000000000000000000000000000000000000000000000000000
000000000000000000000000000000000000000000000000000000000000000000000000000000000000000000000000000000000000000000000000
000000000000000000000000000000000000000000000000000000000000000000000000000000000000000000000000000000000000000000000000
000000000000000000000000000000000000000000000000000111111111111111111100000000000000000000000000000000000000000000000000
000000000000000000000000000000000000000000000000111111111111111111111111000000000000000000000000000000000000000000000000
000000000000000000000000000000000000000000000001111111111111111111111111111111000000000000000000000000000000000000000000
000000000000000000000000000000000000000000000001111111111111111111111111111111111000000000000000000000000000000000000000
000000000000000000000000000000000000000000000001111111111111111111111111111111111100000000000000000000000000000000000000
000000000000000000000000000000000000000000000001111111111111111111111111111111111110000000000000000000000000000000000000
000000000000000000000000000000000000000000000001111111111111111111111111111111111110000000000000000000000000000000000000
000000000000000000000000000000000000000000000111111111111111111111111111111111111100000000000000000000000000000000000000
000000000000000000000000000000000000000000011111111111111111111111111111110111111100000000000000000000000000000000000000
000000000000000000000000000000000000000000000000111111111111111111111111100111111100000000000000000000000000000000000000
000000000000000000000000000000000000000000000000111111111111111111111111110111111110000000000000000000000000000000000000
000000000000000000000000000000000000000000000000001111111111111111111100000111111110000000000000000000000000000000000000
000000000000000000000000000000000000000000000000000111111111111111011100000111111110000000000000000000000000000000000000
000000000000000000000000000000000000000000000000000001001111111100010000000011111110000000000000000000000000000000000000
000000000001111000000000000000000000000000000000000000011111111110000000000001111100000000000000000000000000000000000000
000000000111001111110000000000000000000000000000000111111111111111111000000000111000000000000000000000000111100000000000
000000111110000000111111000000000000000000000000011111111111111111111110000000000000000000000000000011111110111000000000
000111111111000000111100111100000000000000000001111111111111111111111111100000000000000000000001111111100000011111000000
111110001111110001111110000111111111111111111111111111111111111111111111111111111100000000111110001111100000111111110000
110000001111110001111110000111110000011100001111111111111111111111111111111111111111111111111000011111100011111100111110
111100000111110000011110000111111000111110000111111111111111111111111111111100011111000011111000011111100111111100000111
111110000011110000001110000111111000111111001111111111111111111111111111111100111111000111111000011110000111111000001111
111110000001110000000110000011111000111110000111111111111111111111111111111000111111000111111000011100000111100000111111
111110000000010000000010000001111000011110001111111111111111111111111111111000011110000111110000011000000111000000111111
001110000000000000000000000000110000001110001111111111111111111111111111111100011100000111000000000000000100000001111100
000110000000000000000000000000010000001100011111111111111111111111111111111100011000000110000000000000000000000001111000
000010000000000000000000000000000000000101111111001111111111111111111101111111110000000000000000000000000000000001100000
000000000000000000000000000000000000001111111110001111111111111111111100111111111100000000000000000000000000000000000000
000000000000000000000000000000000001111111110000011111111111111111111100000111111111100000000000000000000000000000000000
000000000000000000000000000000001111111110000000011111111111111111111100000000011111111111111100000000000000000000000000
000000000000000000000001111111111111110000000000011111111111111111111110000000000001111111111101000000000000000000000000
000000000000000000000011111111111100000000000000111111111111111111111111000000000000000011111111000000000000000000000000
000000000000000111111111111110000000000000000001111111111111111111111111100000000000000000001111111111100000000000000000
000000000000000000000010000000000000000000000011111111111111111111111111110000000000000000000000011110000000000000000000
000000000000000000000000000000000000000000000111111111111111111111111111110000000000000000000000000000000000000000000000
000000000000000000000000000000000000000000000111111111111111111111111111111000000000000000000000000000000000000000000000
000000000000000000000000000000000000000000001111111111111111111111111111111100000000000000000000000000000000000000000000
