000000000000000000000000000000000000000000000000000000000000000000000000000000000000000000000000000000000000000000000000
000000000000000000000000000000000000000000000000000000000000000000000000000000000000000000000000000000000000000000000000
000000000000000000000000000000000000000000000000000000000000000000000000000000000000000000000000000000000000000000000000
000000000000000000000000000000000000000000000000000001111111111111111000000000000000000000000000000000000000000000000000
000000000000000000000000000000000000000000000000011111111111111111111111000000000000000000000000000000000000000000000000
000000000000000000000000000000000000000000000000111111111111111111111111100100000000000000000000000000000000000000000000
000000000000000000000000000000000000000000000000111111111111111111111111111111110000000000000000000000000000000000000000
000000000000000000000000000000000000000000000001111111111111111111111111111111111100000000000000000000000000000000000000
000000000000000000000000000000000000000000000001111111111111111111111111111111111100000000000000000000000000000000000000
000000000000000000000000000000000000000000000000111111111111111111111111111111111110000000000000000000000000000000000000
000000000000000000000000000000000000000000000011111111111111111111111111111111111100000000000000000000000000000000000000
000000000000000000000000000000000000000000001111111111111111111111111111110111111000000000000000000000000000000000000000
000000000000000000000000000000000000000000000000111111111111111111111111100111111100000000000000000000000000000000000000
000000000000000000000000000000000000000000000000111111111111111111111111110111111100000000000000000000000000000000000000
000000000000000000000000000000000000000000000000001111111111111111111110000111111110000000000000000000000000000000000000
000000000000000000000000000000000000000000000000000011111111111111011100000111111110000000000000000000000000000000000000
000000000000000000000000000000000000000000000000000010000111111110010000000011111100000000000000000000000000000000000000
000000000001111111000000000000000000000000000000000000001111111110000000000011111100000000000000000000000000000000000000
000000000111100011111110000000000000000000000000000111111111111111111000000000111000000000000000000000000011000000000000
000000111111000000011111111000000000000000000000011111111111111111111110000000000000000000000000000011111111110000000000
000111111111100000111110001111100000000000000000111111111111111111111111100000000000000000000001111111000000111100000000
111110001111110001111110000011111111111111111111111111111111111111111111111111111000000000111110001111000000111111100000
111100001111110000111110000111110000011110000111111111111111111111111111111111111111111111110000011111100011111011111000
111110000111100000111100001111110000111110000111111111111111111111111111111100001111000011111000011111000111111000011111
111110000111100000011100000111110001111110000111111111111111111111111111111100011111100011111100001111000111110000011110
111110000011000000011000000111100001111100000111111111111111111111111111111000001111100011111000001110000011100000111110
111100000011000000001000000111100001111000000111111111111111111111111111111000000111100001111000000100000011000001111110
111100000000000000000000000011000001110000001111111111111111111111111111111100000001100000110000000000000010000001111100
011000000000000000000000000010000001100000011111101111111111111111111111111100000000100000000000000000000000000001110000
000000000000000000000000000000000000000011111111001111111111111111111101111111100000000000000000000000000000000001100000
000000000000000000000000000000000000011111111110001111111111111111111100011111111110000000000000000000000000000000000000
000000000000000000000000000000000011111111110000001111111111111111111100000011111111110000000000000000000000000000000000
000000000000000000000000011111001111111100000000001111111111111111111100000000001111111111111110000000000000000000000000
000000000000000000000000011111111111100000000000011111111111111111111110000000000000111111111110000000000000000000000000
000000000000000011001111111111111000000000000000111111111111111111111111000000000000000001111111111111000000000000000000
000000000000000000011111111000000000000000000001111111111111111111111111100000000000000000000000000000000000000000000000
000000000000000000000000000000000000000000000011111111111111111111111111110000000000000000000000000000000000000000000000
000000000000000000000000000000000000000000000011111111111111111111111111110000000000000000000000000000000000000000000000
000000000000000000000000000000000000000000000111111111111111111111111111111000000000000000000000000000000000000000000000
000000000000000000000000000000000000000000001111111111111111111111111111111100000000000000000000000000000000000000000000
