111111110000000000000000000000000000000000000000000000000000000000000000000000000000000000000000000000000000000000000000
111111000000000000000000000000000000000000000000000000000000000000000000000000000000000000000000000000000000000001000000
111100000000000000000000000000000000000000000000000000000000000000000000000000000000000000000000000000000000000000110000
111000000000000000000000000000000000000000000000000000000000000000000000000000000000000000000000000000000000000000111000
100000000000000000000000000000000000000000000000000000000000000000000000000000000000000000000000000000000000000000011110
000000000000000000000000000000000000000000000000000000000000000000000000000000111110000000000000000000000000000000001111
000000000000000000000000000000000000000000000000000000000000000000000000000111111111110000000000000000000000000000001111
000000000000000000000000000000000000000000000000000000000000000000000000011111111111111100000000000000000000000000001111
000000000000000000000000000000000000000000000000000000000000000000000000011111111111111110000000000000000000000000001111
000000000000000000000000000000000000000000000000000000000000000000000000011111111111111110000000000000000000000000001111
000000000000000000000000000000000000000000000000000000000000000000000000011111111111111100000000000000000000000000001111
000000000000000000000000000000000000000000000000000000000000000000000000000111111111110000000000000000000000000000011111
000000000000000000000000000000000000000000000000000000000000000000000000000000000000000000000000000000000000000000011111
000000000000000000000000000000000000000000000000000000000000000000000000000000000000000000000000000000000000000000111111
000000000000000000000000000000000000000000000000000000000000000000000000000000000000000000000000000000000000000001111111
000000000000000000000000000000000000000000000000000000000000000000000000000000000000000000000000000000000000000011111111
000000000000000000000000000000000000000000000000000000000000000000000000000000000000000000000000000000000000000111111111
000000000000000000000000000001111111111111111111000000000000000000000000000000000000000000000000000000000000011111111111
000000000000000000000000111111111111111111111111111111000000000000000000000000000000000000000000000000000001111111111111
000000000000000000001111111111111111111111111111111111111100000000000000000000000000000000000000000000000111111111111111
000000000000000001111111111111111111111111111111111111111111100000000000000000000000000000000000000000111111111111111111
000000000000001111111111111111111111111111111111111111111111111100000000000000000000000000000000000111111111111111111111
000000000000111111111111111111111111111111111111111111111111111111111000000000000000000000000011111111111111111111111111
000000000001111111111111111111111111111111111111111111111111111111111111111111111111111111111111111111111111111111111111
000000000111111111111111111111111111111111111111111111111111111111111111111111111111111111111111111111111111111111111111
000000001111111111111111111111111111111111111111111111111111111111111111111111111111111111111111111111111111111111111111
000000011111111111111111111111111111111111111111111111111111111111111111111111111111111111111111111111111111111111111111
000000011111111111111111111111111110000000001111111111111111111111111111111111111111111111111111111111111111111111111111
000000111111111111111111111111110000000000000001111111111111111111111111111111111111111111111111111111111111111111111111
000001111111111111111111111111100000000000000000111111111111111111111111111111111111111111111111111111111111111111111111
000001111111111111111111111111000000000000000000011111111111111111111111111111111111111111111111111111111111111111111111
000001111111111111111111111111000000000000000000011111111111111111111111111111111111111111111111111111111111111111111111
000001111111111111111111111111100000000000000000111111111111111111111111111111111111111111111111111111111111111111111111
000001111111111111111111111111111000000000000001111111111111111111111111111111111111111111111111111111111111111111111111
000001111111111111111111111111111110000000001111111111111111111111111111111111111111111111111111111111111111111111111111
100000111111111111111111111111111111111111111111111111111111111111111111111111111111111111111111111111111111111111111110
110000111111111111111111111111111111111111111111111111111111111111111111111111111111111111111111111111111111111111111100
111100011111111111111111111111111111111111111111111111111111111111111111111111111111111111111111111111111111111111110000
111111001111111111111111111111111111111111111111111111111111111111111111111111111111111111111111111111111111111111000000
111111100111111111111111111111111111111111111111111111111111111111111111111111111111111111111111111111111111111110000000
