111111111111111111111111111111111111111111111111111111111111111111111111111111111111111111111111111111111111111111111111
111111111111111111111111111111111111111111111111111111111111111111111111111111111111111111111111111111111111111111111111
111111111111111111111111111111111111111111111111111111111111111111111111111111111111111111111111111111111111111111111111
111111111111111111111111111111111111111111111111111111111111111111111111111111111111111111111111111111111111111111111111
111111111111111111111111111111111111111111111111111111111111111111111111111111100111111111111111111111111111111111111111
111111111111111111111111111111111111111111111111111111000000000000000011111110000111111111111111111111111111111111111111
111111111111111111111111111111111111111111111111110000000000000000000000010000000011111111111111111111111111111111111111
111111111111111111111111111111111111111111111111100000000000000000000000000000000000111111111111111111111111111111111111
111111111111111111111111111111111111111111111111000000000000000000000000000000000000001111111111111111111111111111111111
111111111111111111111111111111111111111111111111000000000000000000000000000000000011111111111111111111111111111111111111
111111111111111111111111111111111111111111111111000000000000000000000000000000000011111111111111111111111111111111111111
111111111111111111111111111111111111111111111111000000000000000000000000000000000011111111111111111111111111111111111111
111111111111111111111111111111111111111111111100000000000000000000000000000001111111111111111111111111111111111111111111
111111111111111111111111111111111111111111110000000000000000000000000000000000111111111111111111111111111111111111111111
111111111111111111111111111111111111111111111000000000000000000000000000000011111111111111111111111111111111111111111111
111111111111111111111111111111111111111111111111100000000000000000000000000111111111111111111111111111111111111111111111
111111111111111111111111111111111111111111111111110000000000000000000000000011111111111111111111111111111111111111111111
111111111111111111111111111111111111111111111111100000000000000000000000000011111111111111111111111111111111111111111111
111111111111111111111111111111111111111111111111111100000000000000000000111111111111111111111111111111111111111111111111
111111111111111111111110011111111111111111111111111111010100000000011011111111111111111111111111111111111111111000111111
111111111111111111111000001111111111111111111111111111111000000000000001111111111111111111111111111111111110000000011111
111111111111111111100000000000111111111111111111110000000000000000000000000001111111111111111111111111100000000000001111
111111111111111100000000000000000111111111111111000000000000000000000000000000111111111111111111111000000000000000000011
111111111111110000000000000000000001111111111110000000000000000000000000000000011111100011111100000000000000000000000000
111111111100000000000000000000000000000111111100000000000000000000000000000000000000000000000000000000000000000000000000
111111100000000000000000000000000000000000000000000000000000000000000000000000000000000000000000000000000000000000000000
111000000000000000000000000000000000000000000000000000000000000000000000000000001111000000000000000000000000000011100000
000000000000000011111011111000000000000000000000000000000000000000000000000000111111111110000000111110000111111111110000
111111111100001111111111111110011111110000000110000000000000000000000000000000111111111111111111111111111111111111111111
111111111111111111111111111111111111111101111111000000000000000000000000000000111111111111111111111111111111111111111111
111111111111111111111111111111111111111111111111000000000000000000000000000000111111111111111111111111111111111111111111
111111111111111111111111111111111111111111111110000000000000000000000000000000111111111111111111111111111111111111111111
111111111111111111111111111111111111111111111110000000000000000000000000000000111111111111111111111111111111111111111111
111111111111111111111111111111111111111111111111100000000000000000000000000001111111111111111111111111111111111111111111
111111111111111111111111111111111111111111111111111110000000000000000000001111111111111111111111111111111111111111111111
111111111111111111111111111111111111111111111111111100000000000000000000001111111111111111111111111111111111111111111111
111111111111111111111111111111111111111111111111111000000000000000000000000011111111111111111111111111111111111111111111
111111111111111111111111111111111111111111111111110000000000000000000000000111111111111111111111111111111111111111111111
111111111111111111111111111111111111111111111111110000000000000000000000000011111111111111111111111111111111111111111111
111111111111111111111111111111111111111111111111110000000000000000000000000001111111111111111111111111111111111111111111
