111111111111110000000111111111100000000000000000000000000000000000000000000000000000001111111111110000000000000000000000
000000000000000000000011111100000000000000000000000000000000000000000000000000000000000001111111100000000000000000000000
000000000000000000000000110000000000000000000000000000000000000000000000000000000000000000011110000000000000000000000000
111111110000000000000000000000000000000000000000000000000000000000000000000000000000000000000000000000011000000011110110
111111000000000111000000000000000000000000000000000000000000000000000000000000000000000000000000000001111000000000001110
111100000000000111100000000000000000000000000000000000000000000000000000000000000000000000000000000000010000000000000111
111000000000000000000000000000000000000000000000000000000000000000000000000000000000000000000000000000000000000000000111
110000000000000000000000000000000000000000000000000000000000000000000000000000000000000000000000000000000000000000000011
100000000000000000000000000000000000000000000000000000000000000000000000000000000000000000000000000000000000000000000001
100000000000000000000000000000000000000000000000000000000000000000000000000000000000000000000000000000000000000000000001
100000000000000000000000000000000000000000000000000000000000000000000000000000000000000000000000000000000000000000000011
110000000000000000000000000000000000000000000000000000000000000000000000000000000000000000000000000000000000000000000011
111000000000000000000000000000000000000000000000000000000000000000000000000000000000000000000000000000000000000000000111
111000000000000000000000000000000000000000000000000000000000000000000000000000000000000000000000000000000000000000001111
111100000000000000000000000000000000000000000000000000000000000000000000000000000000000000000000000000000000000000001111
111110000000000000000000000000000000000000000000000000000000000000000000000000000000000000000000000000000000000000011111
111110000000000000000000000000000000000000000000000000000000000000000000000000000000000000000000000000000000000000011111
111000000000000000000000000000000000000000000000000000000000000000000000000000000000000000000000000000000000000000011111
111111000000000000000000000000000000000000000000000000000000000000000000000000000000000000000000000000000000000001111111
111111100000000000000000000000000000000000000000000000000000000000000000000000000000000000000000000000000000000001111111
111111110000000000000000000000000000000001111111111111111111111111111111111111111111111111111111111111111111111111111111
111111111111111111111111111111111111111111111111111111111111111111111111111111111111111111111111111111111111111111111111
111111111111111111111111111111111111111111111111111111111111111111111111111111111111111111111111111111111111111111111111
111111111111111111111111111111111111111111111111111111111111111111111111111111111111111111111111111111111111111111111111
111111111111111111111111111111111111111111111111000000000000000000000000000000000000000000000000000000000000000001111111
111100000000000000000000000000000000000000000000000000000000000000000000000000000000000000000000000000000000000000111111
111000000000000000000000000000000000000000000000000000000000000000000000000000000000000000000000000000000000000000011111
110000000000000000000000000000000000000000000000000000000000000000000000000000000000000000000000000000000000000000001111
100000000000000000000000000000000000000000000000000000000000000000000000000000000000000000000000000000000000000000000111
100000000000000000000000000000000000000000000000000000000000000000000000000000000000000000000000000000000000000000000111
000000000000000000000000000000000000000000000000000000000000000000000000000000000000000000000000000000000000000000000011
000000000000000000000000000000000000000000000000000000000000000000000000000000000000000000000000000000000000000000000011
000000000000000000000000000000000000000000000000000000000000000000000000000000000000000000000000000000000000000000000001
000000000000000000001000000000000000000000000000000000000000000000000000000000000000000000000000000000000000000000000001
000000000000000000001000000000000000000000000000000000000000000000000000000000000000000000000000000000000000000000000000
000000000000000000011000000000000000000000000000000000000000000000000000000000000000000000000000000000000000000000000000
000000000000000000111000000000000000000000000000000000000000000000000000000000000000000000000000001000000000000000000000
000000000000000001111100000000000000000000000000000000000000000000000000000000000000000000000000001100000000000000000000
000000000000000011111100000000000000000000000000000000000000000000000000000000000000000000000000001110000000000000000000
000000000000000111111100000000000000000000000000000000000000000000000000000000000000000000000000011111000000000000000000
