111111111111111111111111111111111111111111111111111111111111111111111111111111111111111111111111111111111111111111111111
111111111111111111111111111111111111111111111111111111111111111111111111111111111111111111111111111111111111111111111111
111111111111111111111111111111111111111111111111111111111111111111111111111111111111111111111111111111111111111111111111
111111111111111111111111110011111111111111111111111111111111111111111111111111111111111111111111111111111111111111111111
111111111111111111111110000011111111111111111111111111111111111111111111111111111111111111111111111111111111111111111111
111111111111111111111110000011111111111111111111111111111111111111111111111111111111111111111111111111111111111111111111
111111111111111111111111111111111111111111111111111111111111111111111111111111111111111111111111111111111111111111111111
111111111111111111111111111111111111111111111111111111111111100000111111111111111000000111111111111111111111111111111111
111111111111111111111111111111111111111111111111111111111111100000111111111100000000000000000001111111111111111111111111
111111111111111111111111111111111111111111111111111111111111100001111111100000000000000000000000001111111111111111111111
111111111111111111111111111111111111111111111111111111111111100001111111000000000000000000000000000011111111111111111111
111111111111111111111111111111111111111111111111111111111111100011111110000000000000000000000000000001111111111111111111
111111111111111111111111111111111111111111111111111111111111000011111110000000000000000000000000000000111111111111111111
111111111111111111111111111111111111111111111111111111111111000011111110000000000000000000000000000000011111111111111111
111111111111111111111111111111111111111111111111111111111111000011111111100000000000000000000000000000001111111111111111
111111111111111111111111111111111111111111111111111111111110000111111110000000000000000000000000000000001111111111111111
111111111111111111111111111111111111111111111111111111111110000111111110000000000000000000000000000000000111111111111111
111111111111111111111111111111111111111111111111111111111110000111111110000000000000000000000000000000000111111111111111
111111111111111111111111111111111111111111111111111111111100000111111110000000000000000000000000000000000111111111111111
111111111111111111111111111111111111111111111111111111110000000111111111111000000000000000000000000000000111111111111111
111111111111111111111111111111111111111111111111111111100000000011111111111000000000000000000000000000000111111111111111
111111111111111111111111111111111111111111111111111111000000000001111111110000000000000000000000000000000111111111111111
111111111111111111111111111111111111111111111111111111000000000000111111110000000000000000000000000000001111111111111111
111111111111111111111111111111111111111111111111111111100000000000111110000000000000000000000000000000001111111111111111
111111111111111111111111111111111111111111111111111111110000000000011100000000000000000000000000000000001111111111111111
111111111111111111111111111111111111111111111111111111110000000000001000000000000000000000000000000000011111111111111111
111111111111111111111111111111111111111111111111111111110000110000000000000000000000000000000000000000011111111111111111
111111111111111111111111111111111111111111111111111111100001111000000000000000000000000000000000000000111111111111111111
111111111111111111111111111111111111111111111111111111100001111000000000000000000000000000000000000000111111111111111111
111111111111111111111111111111111111111111111111111111100011000000000000000000000000000000000000000000111111111111111111
111111111111111111111111111111111111111111111111111111000010000000000000000000000000000000000000000000111111111111111111
111111111111111111111111111111111111111111111111111111000010000000000000000000000000000000000000000000011111111111111111
111111111111111111111111111111111111111111111111111110000100000000000000000000000000000000000000000000011111111111111111
111111111111111111111111111111111111111111111111111100000110000000000000000000000000000000000000000000011111111111111111
111111111111111111111111111111111111111111111111111100000110000000000000000000000000000000000000000000011111111111111111
111111111111111111111111111111111111111111111111111000000110000000000000000000000000000000000000000000001111111111111111
111111111111111111111111111111111111111111111111100000000000000000000000000000000000000000000000000000001111111111111111
111111111111111111111111111111111111111111111111100000000000000000000000000000000000000000000000000000001111111111111111
111111111111111111111111111111111111111111111111100000000000000000000000000000000000000000000000000000001111111111111111
111111111111111111111111111111111111111111111111000000000000000000000000000000000000000000000000000000001111111111111111
