111111111111111111111111100000000000000000000000000000000000000000000000000000000000000000000000000000000000000000000000
111111111111111111111111100000000000000000000000000000000000000000000000000000000000000000000000000000000000000000000000
111111111111111111111111100000000000000000000000000000000000000000000000000000000000000000000000000000000000000000000000
111111111111111111111111100000000000000000000000000000000000000000000000000000000000000000000000000000000000000000000000
111111111111111111111111100000000000000000000000000000000000000000000000000000000000000000000000000000000000000000000000
111111111111111111111111100000000000000000000000000000000000000000000000000000000000000000000000000000000000000000000000
111111111111111111111111100000000000000000000000000000000000000000000000000000000000000000000000000000000000000000000000
111111111111111111111111100000000000000000000000000000000000000000000000000000000000000000000000000000000000000000000000
111111111111111111111111100000000000000000000000000000000000000000000000000000000000000000000000000000000000000000000000
111111111111111111111111100000000000000000000000000000000000000000000000000000000000000000000000000000000000000000000000
111111111111111111111111100000000000000000000000000000000000000000000000000000000000000000000000000000000000000000000000
111111111111111111111111100000000000000000000000000000000000000000000000000000000000000000000000000000000000000000000000
111111111111111111111111100000000000000000000000000000000000000000000000000000000000000000000000000000000000000000000000
111111111111111111111111100000000000000000000000000000000000000000001111110000000000000000000000000000000000000000000000
111111111111111111111111100000000000000000000000000000000000011000111111101110000000000000000000000000000000000000000000
111111111111111111111111100000000000000000000000000000000000111111111111110000000000000000000000000000000000000000000000
111111111111111111111111100000000000000000000000000000000000000011111111111111100000000000000000000000000000000000000000
111111111111111111111111100000000000000000000000000000000000000000001111111111110000000000000000000000000000000000000000
111111111111111111111111100000000000000000000000000000000000000000000111111111111100000000000000000000000000000000000000
111111111111111111111111100000000000000000000000000000000000000000001111111100011000000000000000000000000000000000000000
111111111111111111111111100000000000000000000000000000000000000000000111111111111000000000000000000000000000000000000000
111111111111111111111111100000000000000000000000000000000000000000001100111111111111000000000000000000000000000000000000
111111111111111111111111100000000000000000000000000000000000000000111001111111111111111110011111111100000000000000000000
111111111111111111111111100000000000000000111111111111111111110011111111111111111111111111111111111111000000000000000000
111111111111111111111111100000000000000000000001000111111000000011111111111111111111111111111111111111111000000000000000
111111111111111111111111100000000000000000000000000000000000000000011111111111111111111111111111111111111000000000000000
111111111111111111111111100000000000000000000000000000000000000000000000000011110000000000000111111111000000000000000000
111111111111111111111111100000000000000000000000000000000000000000000000000010110000000000000000000000000000000000000000
111111111111111111111111100000000000000000000000000000000000000000000000000000000000000000000000000000000000000000000000
111111111111111111111111100000000000000000000000000000000000000000000000000000000000000000000000000000000000000000000000
111111111111111111111111100000000000000000000000000000000000000000000000000000000000000000000000000000000000000000000000
111111111111111111111111100000000000000000000000000000000000000000000000000000000000000000000000000000000000000000000000
111111111111111111111111100000000000000000000000000000000000000000000000000000000000000000000000000000000000000000000000
111111111111111111111111100000000000000000000000000000000000000000000000000000000000000000000000000000000000000000000000
111111111111111111111111100000000000000000000000000000000000000000000000000000000000000000000000000000000000000000000000
111111111111111111111111100000000000000000000000000000000000000000000000000000000000000000000000000000000000000000000000
111111111111111111111111100000000000000000000000000000000000000000000000000000000000000000000000000000000000000000000000
111111111111111111111111100000000000000000000000000000000000000000000000000000000000000000000000000000000000000000000000
111111111111111111111111100000000000000000000000000000000000000000000000000000000000000000000000000000000000000000000000
111111111111111111111111100000000000000000000000000000000000000000000000000000000000000000000000000000000000000000000000
