111111111111111111111111111111111111111111111111111111111111111110000000000000011111111111111111111111111111111111111111
111111111111111111111111111111111111111111111100000000001100000000000000000000011111111111111111111111111111111111111111
111111111111111111111111111111111111111110000000000000000000000000000000000000011111111111111111111111111111111111111111
111111111111111111111111111111111111111110000000000000000000000000000000000000011111111111111111111111111111111111111111
111111111111111111111111111111111111111111100000000000000000000000000000000000011111111111111111111111111111111111111111
111111111111111111111111111111111111111111110000000000000000000000000000000000011111111111111111111111111111111111111111
111111111111111111111111111111111111111111111000000000000000000000000000000111111111111111111111111111111111111111111111
111111111111111111111111111111111111111111111110000000000000000000000000000011111111111111111111111111111111111111111111
111111111111111111111111111111111111111111111111000000000000000000000000000001111111111111111111111111111111111111111111
111111111111111111111111111111111111111111111111100000000000000000000000000111111111111111111111111111111111111111111111
111111111111111111111111111111111111111111111111110000000000000000000000000111111111111111111111111111111111111111111111
111111111111111111111111111111111111111111111111110000000000000000000000000011111111111111111111111111111111111111111111
111111111111111111111111111111111111111111111111110000000000000000000000000011111111111111111111111111111111111111111111
111111111111111111111111111111111111111111111111110000000000000000000000000111111111111111111111111111111111111111111111
111111111111111111111111111111111111111111111111110000000000000000000000000111111111111111111111111111111111111111111111
111111111111111111111111111111111111111111111111110000000000000000000000000011111111111111111111111111111111111111111111
111111111111111111111111111111111111111111111111110000000000000000000000000011111111111111111111111111111111111111111111
111111111111111111111111111111111111111111111111100000000000000000000000000000111111111111111111111111111111111111111111
111111111111111111111111111111111111111111111111000000000000000000000000000000111111111111111111111111111111111111111111
111111111111111111111111111111111111111111111100000000000000000000000000000000011111111111111111111111111111111111111111
111111111111111111111111111111111111111111111000000000000000000000000000000000011111111111111111111111111111111111111111
111111111111111111111111111111111111111111100000000000000000000000000000000000000001111111111111111111111111111111111111
111111111111111111111111111111111111111111000000000000000000000000000000000000000011111111111111111111111111111111111111
111111111111111111111111111111111111111110000010000000000000000000000000000000000011111111111111111111111111111111111111
111111111111111111111111111111111111111100000110000000000000000000000000001000000001111111111111111111111111111111111111
111111111111111111111111111111111111111100001110000000000000000000000000001000000000111111111111111111111111111111111111
111111111111111111111111111111111111111000001110000000000000000000000000000000000000011111111111111111111111111111111111
111111111111111111111111111111111111110000011100000000000000000000000000000000000000001111111111111111111111111111111111
111111111111111111111111111111111111110000011000000000000000000000000000000000000000000111111111111111111111111111111111
111111111111111111111111111111111111110000110000000000000000000000000000000000000000000011111111111111111111111111111111
111111111111111111111111111111111111100000100000000000000000000000000000000000000000000001111111111111111111111111111111
111111111111111111111111111111111111100000000000000000000000000000000000000000000000000000111111111111111111111111111111
111111111111111111111111111111111111000000000000000000000000000000000000000000000000000000011111111111111111111111111111
111111111111111111111111111111111111001001100000000000000000000000000000000000000000000000001111111111111111111111111111
111111111111111111111111111111111111111110000000000000000000000000000000000000000000000000011111111111111111111111111111
111111111111111111111111111111111111111110000000000000000000000000000000000000000000000000011111111111111111111111111111
111111111111111111111111111111111111111111000000000000000000000000000000000000000000000000011111111111111111111111111111
111111111111111111111111111111111111111111110000000000000000000000000000000000000000000000011111111111111111111111111111
111111111111111111111111111111111111111111110000000000000000000000000000000000000000000000011111111111111111111111111111
111111111111111111111111111111111111111111110000000000000000000000000000000000000000000000111111111111111111111111111111
