111111111111111111111111111110000000000000000000000000000000000000000000000000000000000000000000000000000000000000000000
111111111111111111111111111110000000000000000000000000000000000000000000000000000000000000000000000000000000000000000000
111111111111111111111111111110000000000000000000000000000000000000000000000000000000000000000000000000000000000000000000
111111111111111111111111111110000000000000000000000000000000000000000000000000000000000000000000000000000000000000000000
111111111111111111111111111110000000000000000000000000000000000000000000000000000000000000000000000000000000000000000000
111111111111111111111111111110000000000000000000000000000000000000000000000000000000000000000000000000000000000000000000
111111111111111111111111111110000000000000000000000000000000000000000000000000000000000000000000000000000000000000000000
111111111111111111111111111110000000000000000000000000000000000000000000000000000000000000000000000000000000000000000000
111111111111111111111111111110000000000000000000000000000000000000000000000000000000000000000000000000000000000000000000
111111111111111111111111111110000000000000000000000000000000000000000000000000000000000000000000000000000000000000000000
111111111111111111111111111110000000000000000000000000000000000000000000000000000000000000000000000000000000000000000000
111111111111111111111111111110000000000000000000000000000000000000000000000000000000000000000000000000000000000000000000
111111111111111111111111111110000000000000000000000000000000000000001111111110000000000000000000000000000000000000000000
111111111111111111111111111110000000000000000000000000000000000000011111111001110000000000000000000000000000000000000000
111111111111111111111111111110000000000000000000000000000001111111111111111100000000000000000000000000000000000000000000
111111111111111111111111111110000000000000000000000000000000011111111111111111111100000000000000000000000000000000000000
111111111111111111111111111110000000000000000000000000000000000000001111111111111111100000000000000000000000000000000000
011111111111111111111111111110000000000000000000000000000000000000000001111111111111110000000000000000000000000000000000
001111111111111111111111111110000000000000000000000000000000000000000011111111111110000000000000000000000000000000000000
001111111111111111111111111110000000000000000000000000000000000000000011111111100110000000000000000000000000000000000000
001111111111111111111111111110000000000000000000000000000000000000000011111111111111000000000000000000000000000000000000
011111111111111111111111111110000000000000000000000000000000000000000111001111111111110000000000000000000000000000000000
111111111111111111111111111110000000000000000000000000000000000000001110011111111111100111111100011111111000000000000000
111111111111111111111111111110000000001111111111100000000000000000111001111111111111111111111111111111111111000000000000
111111111111111111111111111110000000000000111111111111111111111111111111111111111111111111111111111111111111111000000000
111111111111111111111111111110000000000000000100000111100000000000001111111111111111111111111111111111111111111100000000
111111111111111111111111111110000000000000000000000000011000000000001111111111111111111111111111111111111111111100000000
111111111111111111111111111110000000000000000000000000000000000000000000000000111111000000000000000011111111100000000000
111111111111111111111111111110000000000000000000000000000000000000000000000000000111000000000000000000001110000000000000
111111111111111111111111111110000000000000000000000000000000000000000000000000000000000000000000000000000000000000000000
111111111111111111111111111110000000000000000000000000000000000000000000000000000000000000000000000000000000000000000000
111111111111111111111111111110000000000000000000000000000000000000000000000000000000000000000000000000000000000000000000
111111111111111111111111111110000000000000000000000000000000000000000000000000000000000000000000000000000000000000000000
111111111111111111111111111110000000000000000000000000000000000000000000000000000000000000000000000000000000000000000000
111111111111111111111111111110000000000000000000000000000000000000000000000000000000000000000000000000000000000000000000
111111111111111111111111111110000000000000000000000000000000000000000000000000000000000000000000000000000000000000000000
111111111111111111111111111110000000000000000000000000000000000000000000000000000000000000000000000000000000000000000000
111111111111111111111111111110000000000000000000000000000000000000000000000000000000000000000000000000000000000000000000
111111111111111111111111111110000000000000000000000000000000000000000000000000000000000000000000000000000000000000000000
111111111111111111111111111110000000000000000000000000000000000000000000000000000000000000000000000000000000000000000000
