000000000000000000000000000000000000000000000000000000000000000000000000000000000000000000000000000000000000000000000000
000000000000000000000000000000000000000000000000000000000000000000000000000000000000000000000000000000000000000000000000
000000000000000000000000000000000000000000000000000000000000000001111111000000000000000000000000000000000000000000000000
000000000000000000000000000000000000000000000011111110000000001111111111100000000000000000000000000000000000000000000000
000000000000000000000000000000000000000000000011111111111111111111111111110000000000000000000000000000000000000000000000
000000000000000000000000000000000000000000000001111111111111111111111111110000000000000000000000000000000000000000000000
000000000000000000000000000000000000000000000001111111111111111111111000000000000000000000000000000000000000000000000000
000000000000000000000000000000000000000000000000011111111111111111111000000000000000000000000000000000000000000000000000
000000000000000000000000000000000000000000000000011111111111111111111100000000000000000000000000000000000000000000000000
000000000000000000000000000000000000000000000000011111111111111111111110000000000000000000000000000000000000000000000000
000000000000000000000000000000000000000000000000011111111111111111111110000000000000000000000000000000000000000000000000
000000000000000000000000000000000000000000000000001111111111111111111111000000000000000000000000000000000000000000000000
000000000000000000000000000000000000000000000000000111111111111111111111000000000000000000000000000000000000000000000000
000000000000000000000000000000000000000000000000000111111111111111111111100000000000000000000000000000000000000000000000
000000000000000000000000000000000000000000000000000111111111111111111111110000000000000000000000000000000000000000000000
000000000000000000000000000000000000000000000000000111111111111111111111110000000000000000000000000000000000000000000000
000000000000000000000001111101100000000000000000111111111111111111111111111000000000000000000000000000000000000000000000
000000000000000000000001111111110000000000000000111111111111111111111111111100000000000000000000000000000000000000000000
000000000000000000000011111111111000000000000000111111111111111111111111111110000000000000000000000000000000000000000000
000000000000000000000011111111110000000000000011111111111111111111111111111111000000000000000000000000000000000000000000
000000000000000000000001111111110000000000000111111111111111111111111111111111000000000000000000000000000000000000000000
000000000000000000000000111111000000000000000111111111111111111111111111111111000000000000000000000000000000000000000000
000000000000000000111111111111011111000000001111111111111111111111111111111111000000000000000000000000000000000000000000
000000000000000000001111111111111111111110011111111111111111111111111111111111000000000000000000000000000000000000000000
000000000000000000000000000000111111111111111111110111111111111111111111111110000000000000000000000000000000000000000000
000000000000000000000000000000001111111111111111010011111111111111111111111110000000000000000000000000000000000000000000
000000000000000000000000000000000000000001111100011011111111111111111111111111000000000000000000000000000000000000000000
000000000000000000000000000000000000000000000000011011111111111111111111111111100000000000000000000000000000000000000000
000000000000000000000000000000000000000000000000001111111111111111111111111111110000000000000000000000000000000000000000
000000000000000000000000000000000000000000000000001111111111111111111110101111111000000000000000000000000000000000000000
000000000000000000000000000000000000000000000000001111111111111111111100000111111000000000000000000000000000000000000000
000000000000000000000000000000000000000000000000011111111111111111111110001111111000000000000000000000000000000000000000
000000000000000000000000000000000000000000000000111111111111111111111111011111111000000000000000000000000000000000000000
000000000000000000000000000000000000000000000000111111111111111111111111000111110000000000000000000000000000000000000000
000000000000000000000000000000000000000000000001111111111111111111111111111111100000000000000000000000000000000000000000
000000000000000000000000000000000000000000000001111111111111111111111111111111000000000000000000000000000000000000000000
000000000000000000000000000000000000000000000011111111111111111111111111110000000000000000000000000000000000000000000000
000000000000000000000000000000000000000000000011111111111111111111111111110000000000000000000000000000000000000000000000
000000000000000000000000000000000000000000000111111111111111111111111111111000000000000000000000000000000000000000000000
000000000000000000000000000000000000000000000111111111111111111111111111111100000000000000000000000000000000000000000000
