111111111111111111111111111111111111111111111111111111111000111111111111111111111111111111111111111111111111111111111111
111111111111111111111111111111111111111111111111111111111000011111111111111111111111111111111111111111111111111111111111
111111111111111111111111111111111111111111111111111111100000000000001111111111111111111111111111111111111111111111111111
111111111111111111111111111111111111111111111111111110000000000000000000001111111111111111111111111111111111111111111111
111111111111111111111111111111111111111111111111110000000000000000000000001111111111111111111111111111111111111111111111
111111111111111111111111111111111111111111111110000000000000000000000000011111111111111111111111111111111111111111111111
111111111111111111111111111111111111111111111100000000000000000000000000111111111111111111111111111111111111111111111111
111111111111111111111111111111111111111111111111000000000000000000000000111111111111111111111111111111111111111111111111
111111111111111111111111111111111111111111111111100000000000000000000000011111111111111111111111111111111111111111111111
111111111111111111111111111111111111111111111111100000000000000000000000011111111111110011111111111111111111111111111111
111111111111111111111111111111111111111111111111100000000000000000000000011111111100000111111111111111111111111111111111
111111111111111111111111111111111111111111111111100000000000000000000000111111100011111111111111111111111111111111111111
111111111111111111111111111111111111111111111111100000000000000000000011111000011111111111111111111111111111111111111111
111111111111111111111111111111111111111111111111110000000000000000000000000111111111111111111111111111111111111111111111
111111111111111111111111111111111111111111111111110000000000000000000000000011111111111111111111111111111111111111111111
111111111111111111111111111111111111111111111000000000000000000000000000000000000000000000001100100100001111111111111111
111111111111111111111111111111111111111111000000000000000000000000000000000000000000000000000000000000000000111111111111
111111111111111111111111111111111111111110000000000000000000000000000000000000000000000001110000000000000000000001111111
111111111111111111111111111111111111111000000000000000000000000000000000000000000011111111000000000000001100000000111111
111111111111111111111111111111111111100000000000000000000000000000000000000000000000111000000000000001111111100011111111
111111111111111111111111111111111110000000000000000000000000000000000000000000000000000000000000000011111111111111111111
111111111111111111111111111111111000000000000000000000000000000000000001111100000000000000000000111111111111111111111111
111111111111111111111111111111111000000000011111110000000000000000000001111111110000000000001111111111111111111111111111
111111111111111111111111111111111110000111111111110000000000000000000001111111111110000000111111111111111111111111111111
111111111111111111111111111111111111111111111111110000000000000000000001111111111111111111111111111111111111111111111111
111111111111111111111111111111111111111111111111100000000000000000000011111111111111111111111111111111111111111111111111
111111111111111111111111111111111111111111111111000000000000000000000111111111111111111111111111111111111111111111111111
111111111111111111111111111111111111111111111111000000000000000000001111111111111111111111111111111111111111111111111111
111111111111111111111111111111111111111111111110000000000000000000011111111111111111111111111111111111111111111111111111
111111111111111111111111111111111111111111111111100000000000000000011111111111111111111111111111111111111111111111111111
111111111111111111111111111111111111111111111111100000000000000000000111111111111111111111111111111111111111111111111111
111111111111111111111111111111111111111111111111000000000000000000000011111111111111111111111111111111111111111111111111
111111111111111111111111111111111111111111111110000000000000000000000001111111111111111111111111111111111111111111111111
111111111111111111111111111111111111111111111100000000000000000000000000111111111111111111111111111111111111111111111111
111111111111111111111111111111111111111111111100000000000000000000000000011111111111111111111111111111111111111111111111
111111111111111111111111111111111111111111111100000000000000000000000000001111111111111111111111111111111111111111111111
111111111111111111111111111111111111111111111000000000000000000000000000001111111111111111111111111111111111111111111111
111111111111111111111111111111111111111111111000000000000000000000000000000111111111111111111111111111111111111111111111
111111111111111111111111111111111111111111110000000000000000000000000000000011111111111111111111111111111111111111111111
111111111111111111111111111111111111111111110000000000000000000000000000000001111111111111111111111111111111111111111111
