000000000000000000000000000000000000000000000000000000000000000000000000000000000000000000000000000000000000000000000000
000000000000000000000000000000000000000000000000000000000000000000000000000000000000000000000000000000000000000000000000
000000000000000000000000000000000000000000000000000000000000000000000000000000000000000000000000000000000000000000000000
000000000000000000000000000000000000000000000000000000000000000000000000111111111111111000000000000000000000000000000000
000000000000000000000000000000000000000000000000000000000000000000001111111111111111111111100000000000000000000000000000
000000000000000000000000000000000000000000000000000000000011110000111111111111111111111111110000000000000000000000000000
000000000000000000000000000000000000000000000000000000011111111111111111111111111111111111111000000000000000000000000000
000000000000000000000000000000000000000000000000000000111111111111111111111111111111111111111100000000000000000000000000
000000000000000000000000000000000000000000000000000001111111111111111111111111111111111111111100000000000000000000000000
000000000000000000000000000000000000000000000000000011111111111111111111111111111111111111111100000000000000000000000000
000000000000000000000000000000000000000000000000000011111111111111111111111111111111111111111110000000000000000000000000
000000000000000000000000000000000000000000000000000000000111111111111111111111111111111111111111000000000000000000000000
000000000000000000000000000000000000000000000000000000001111111111111111111111111111111111111111000000000000000000000000
000000000000000000000000000000000000000000000000000000011111110011111111111111111111111111111111100000000000000000000000
000000000000000000000000000000000000000000000000000000111111110011111111111111111111111111111110000000000000000000000000
000000000000000000000000000000000000000000000000000001111111110011111111111111111111111111110110000000000000000000000000
000000000000000000000000000000000000000000000000000001111111110000001111111111111111111110010000000000000000000000000000
000000000000000001111111000000000000000000000000000001111111110000001111111111111111111100000000000000000000000000000000
000000000000011111111111111000000000000000000000000001111111110000000011001111111111111000000000000000000000000000000000
000000001111111110000000111111000000000000000000000001111111100000000001000011111111111000000000000000000000000000000000
011111111111111100000000001111111000000000000000000000111111000000000011111111111111111111000000000000000000000000000000
111111111000111111000000000111111110000000000000000000001110000000011111111111111111111111111100000000000000000000000000
111000000001111111100000011111110111110000000000000000000000000001111111111111111111111111111111000000000000000000000000
100000000011111111100000111111110000111100000000000000000000000011111111111111111111111111111111100000000000000000000000
110000000011111111100000111111111000001111100000000000000000000111111111111111111111111111111111110000000000000000000000
111000000001111111000000111111110000000111111111000000000100001111111111111111111111111111111111111111111111111111111111
111100000000111111000000011111110000011111100001111111111111111111111111111111111111111111111111111111111111111110000001
111000000000111110000000011111100000111111110000001111100000001111111111111111111111111111111111111000000000111110000001
110000000000011110000000001111100000111111110000011111100000001111111111111111111111111111111111111100000001111111100011
110000000000011100000000001111000000111111110000111111110000001111111111111111111111111111111111111110000011111111100001
100000000000001100000000000111000000011111100000111111110000001111111111111111111111111111111111111110000001111111100001
100000000000000000000000000010000000011111100000011111110000000111111111111111111111111111111111111100000001111111000000
000000000000000000000000000000000000001111000000011111100000000111111111111111111111111111111111111100000000111111000000
000000000000000000000000000000000000001111000000001111100000001111111111111111111111111111111111111000000000011110000000
000000000000000000000000000000000000000110000000001111000000001111111111111111111111111111111111111000000000011110000000
000000000000000000000000000000000000000110000000000111000000011111111111111111111111111111111111110000000000001100000000
000000000000000000000000000000000000000000000000000110000000011111111111111111111111111111111111111000000000001100000000
000000000000000000000000000000000000000000000000000000000000011111111111111111111111111111111111111000000000000000000000
000000000000000000000000000000000000000000000000000000000000011111111111111111111111111111111111111000000000000000000000
000000000000000000000000000000000000000000000000000000000000011111111111111111111111111111111111111000000000000000000000
