000000000000000000010000000000000000000000000000000000000000000000011000000001000000000000000000000000000000000000000000
000000000000000000000110000000000000000000000000000000000000000000001110000000000011111111111110000000000000000000000000
000000000000000000000001100000000000000000000000000000000000000000000011111111111111111111111111111111100000000000000000
000000000000000000000000001000000000000000000000000000000000000000000000111111111111111111111111111111111100000000000000
000000000000000000000000000011000000000000000000000000000000000000000000000000000000000000000111111111111111000000000000
000000000000000000000000000000010000000000000000000000000000000000000000000000000000000000000111111111111111000000000000
000000000000000000000000000000000110000000000000000000000000000000000000000000000000000000000111111111111111000000000000
000000000000000000000000000000000000100000000111111111111111000000000000000000000000000000000011111111111110000000000000
000000000000000000000000000000000000001100011111111111111111000000000000000000000000000000000000111111111000000000000000
000000000000000000000000000000000000000011111111111111111111100000000000000000000000000000000000000000000000000000000000
000000000000000000000000000000000000000000111111111111111110000000100000000000000000000000000000000000000000000000000000
000000000000000000000000000000000000000000011111111111100000000000000000000000000000000000000000000000000000000000000000
000000000000000000000000000000000000000000000011111111100000000000000000000000000000000000000000000000000000000000000000
000000000000000000000000000000000000000000001111111111111000000000000000000000000000000001000000000000000000000000000000
000000000000000011000000000000000000000000111111111111111000000000000000000000000000000000000000000000000000000000000000
000000000000000111110000000000000000000000011111111111110000000000000000000000000000000000000000000000000000000000000000
000000000000000111111000000000000000000000111111111111000000000000000000000000000000000000000011100000000000000000000000
000000000000000111111000000000000000000001111111111111000000000000000000000000000000000000000000000000000000000000000000
000000000000001111111000000000000000000011111111111111000000000000000000000000000000000000000000000000000000000000000000
000000000000001111111100000011110000000011001111111111100000000000010000000000000000000000000000000000000000000000000000
000000000000011111111111000000000111101110000111111111000111111111110000000000000000000000000000000000000000000000000000
000000000000000111111100000000000000111111111111111111111111000000000000000000000000000000000000000000000000000000000000
000000000000000111111100000011000001111111111111111111110000000000000000000000000000000000000000000000000000000000000000
000000000000000111111100111111111111111101111111111111111110000000000000000000000000000000000000000000000000000000000000
000000000000001111111100000000000000000001111111111111111111111111100000000000000000000000000000000000000000000000000000
000000000000011111111100000000000000000011111111111111111110000000001111000000000000000000000000000000000000000000000000
000000000000011111011110000000000000000111111111111111111111000000000000000000000000000000000000000000000000000000000000
000000000000001110111000000000000000001111111111111111111111100000000000000000000000000000000000000000000000000000000000
011111111111000000000000000000000000011111111111111111111111100000000000000000000000000000000000000000000000000000000000
000000000000000000000000000000000000011111111111111111111111100000000000000000000000000000000000000000000000000000000000
000000000000000000000000000000000000111111111111111111111111000000000000000000000000000000000000000000000000000000000000
000000000000000000000000000000000000011111111111111111111110000000000000000000000000000000000000000000000000000000000000
000000000000000000000000000000000000000000011111111110011110000000000000000000000000000000000000000000000000000000000000
000000000000000000000000000000000000000000001111000000011111000000000000000000000000000000000000000000000000000000000000
000000000000000000000000000000000000000000001111000000001111000000000000000000000000000000000000000000000000000000000000
000000000000000000000000000000000000000000011111000000000111100000000000000000000000000000000000000000000000000000000000
000000000000000000000000000000000000000000001111000000000111100000000000000000000000000000000000000000000000000000000000
000000000000000000000000000000000000000000001111000000000011100000000000000000000000000000000000000000000000000000000000
000000000000000000000000000000000000000000001110000000000011110000000000000000000000000000000000000000000011000000000000
000000000000000000000000000000000000000000001111000000000001110000000000000000000000000000000000000000000000000000000000
