000000000000000000011000000000000000000000000000000000000000000010011000000000100000000000000000000000000000000000000000
000000000000000000000110000000000000000000000000000000000000000000001110000000000111111111111111110000000000000000000000
000000000000000000000000100000000000000000000000000000000000000000000111111111111111111111111111111111000000000000000000
000000000000000000000000001000000000000000000000000000000000000000000001111111111111111111111111111111111000000000000000
000000000000000000000000000011000000000000000000000000000000000000000000000000000000000000000011111111111110000000000000
000000000000000000000000000000010000000000000000000000000000000000000000000000000000000000000011111111111111000000100000
000000000000000000000000000000000110000000000000000000000000000000000000000000000000000000000111111111111111100000000000
000000000000000000000000000000000001110000011111111111111110000000000000000000000000000000000011111111111111000000000000
000000000000000000000000000000000000111111111111111111111110000000000000000000000000000000000011111111111111000000000000
000000000000000000000000000000000000000011111111111111111110000000000000000000000000000000000000111111111000000000000000
000000000000000000000000000000000000000000111111111111111000000000001000000000000000000000000000000000000000000000000000
000000000000000000000000000000000000000000111111111111000000000000000000000000000000000000000000000000000000000000000000
000000000000000000000000000000000000000000000111111111100000000000000000000000000000000000000000000000000000000000000000
000000000000000000000000000000000000000000111111111111100000000000000000000000000000000000110000000000000000000000000000
000000000000000000000000000000000000000001111111111111000000000000000000000000000000000000000000000000000000000000000000
000000000000000111110000000000000000000000111111111110000000000000000000000000000000000000000000000000000000000000000000
000000000000000111110000000000000000000001111111111110000000000000000000000000000000000000000000000000000000000000000000
000000000000000111110000000000000000000011111111111110000000000000000000000000000000000000000000000000000000000000000000
000000000000001111111000000000000000000011011111111111000000000000000000000000000000000000000000000000000000000000000000
000000000000001111111100000111100000000110011111111111000000000011110000000000000000000000000000000000000000000000000000
000000000000011111111111000000001111111110001111111111001111111111100000000000000000000000000000000000000000000000000000
000000000000000111111100000000000000111111111111111111111100000000000000000000000000000000000000000000000000000000000000
000000000000000111111100000010000001111111111111111111110000000000000000000000000000000000000000000000000000000000000000
000000000000000111111100111111111111111001111111111111111111100000000000000000000000000000000000000000000000000000000000
000000000000001111111100000000000000000001111111111111111100001111111110000000000000000000000000000000000000000000000000
000000000000011111111100000000000000000011111111111111111110000000000000000000000000000000000000000000000000000000000000
000000000000011111011110000000000000000111111111111111111111000000000000000000000000000000000000000000000000000000000000
000000000000001110111000000000000000000111111111111111111111000000000000000000000000000000000000000000000000000000000000
011111111111000000000000000000000000001111111111111111111111100000000000000000000000000000000000000000000000000000000000
000000000000000000000000000000000000001111111111111111111111100000000000000000000000000000000000000000000000000000000000
000000000000000000000000000000000000011111111111111111111111000000000000000000000000000000000000000000000000000000000000
000000000000000000000000000000000000001111111111111111111110000000000000000000000000000000000000000000000000000000000000
000000000000000000000000000000000000000000011111111000111110000000000000000000000000000000000000000000000000000000000000
000000000000000000000000000000000000000000001111000000011111000000000000000000000000000000000000000000000000000000000000
000000000000000000000000000000000000000000011111000000001111000000000000000000000000000000000000000000000000000000000000
000000000000000000000000000000000000000000011111000000001111000000000000000000000000000000000000000000000000000000000000
000000000000000000000000000000000000000000011110000000000111100000000000000000000000000000000000000000000000000000000000
000000000000000000000000000000000000000000001110000000000011100000000000000000000000000000000000000000000011100000000000
000000000000000000000000000000000000000000001110000000000011110000000000000000000000000000000000000000000000000000000000
000000000000000000000000000000000000000000001111000000000001110000000000000000000000000000000000000000000000000000000000
