000000000000000000000000000000000000000000000000000000000000000000000000000000000000000000000000000000000000000000000000
000000000000000000000000000000000000000000000000000000000000000000000000000000000000000000000000000000000000000000000000
000000000000000000000000000000000000000000000000000000000000000000000000000000000000000000000000000000000000000000000000
000000000000000000000000000000000000000000000000000000000000000000000000000000000000000000000000000000000000000000000000
000000000000000000000000000000000000000000000000001111111111111111111100000000000000000000000000000000000000000000000000
000000000000000000000000000000000000000000000000111111111111111111111111000000000000000000000000000000000000000000000000
000000000000000000000000000000000000000000000000111111111111111111111111111111100000000000000000000000000000000000000000
000000000000000000000000000000000000000000000001111111111111111111111111111111111000000000000000000000000000000000000000
000000000000000000000000000000000000000000000001111111111111111111111111111111111000000000000000000000000000000000000000
000000000000000000000000000000000000000000000000111111111111111111111111111111111100000000000000000000000000000000000000
000000000000000000000000000000000000000000000011111111111111111111111111111111111100000000000000000000000000000000000000
000000000000000000000000000000000000000000001111111111111111111111111111101111110000000000000000000000000000000000000000
000000000000000000000000000000000000000000000010111111111111111111111111001111111000000000000000000000000000000000000000
000000000000000000000000000000000000000000000000111111111111111111111111101111111000000000000000000000000000000000000000
000000000000000000000000000000000000000000000000001111111111111111111100001111111100000000000000000000000000000000000000
000000000000000000000000000000000000000000000000000111111111111111111000001111111100000000000000000000000000000000000000
000000000000000000000000000000000000000000000000000001000111111100110000000111111100000000000000000000000000000000000000
000000000000011110000000000000000000000000000000000000001111111110000000000011111000000000000000000000000000000000000000
000000000001110111111100000000000000000000000000000111111111111111111100000001110000000000000000000000111110000000000000
000000001111100000011111110000000000000000000000011111111111111111111111000000000000000000000000111111100011100000000000
000001111111100000111100001111000000000000000000111111111111111111111111100000000000000000001111001110000001111100000000
011111111111110001111110000001111111111111111111111111111111111111111111111111111111111111110000001111100001111111100000
111100011111100011111100000111110000001110000111111111111111111111111111111000011110000011110000001111110011111111111110
111110011111000011110000001111110000111111000111111111111111111111111111110000011111000011111100000111110001111110011111
111110011100000011100000001111100000111111000011111111111111111111111111110000011111100001111110000001111000011111011111
111100011000000010000000001111000000011110000111111111111111111111111111110000001111100000111110000000111000000111011111
110000000000000000000000001110000000011100000111111111111111111111111111111000000111100000011110000000001000000011100111
100000000000000000000000001000000000011000001111111111111111111111111111111000000011100000000110000000000000000000000001
000000000000000000000000000000000000000000011111101111111111111111111111111000000001100000000011000000000000000000000000
000000000000000000000000000000000000000011111111001111111111111111111111111100000000000000000000000000000000000000000000
000000000000000000000000000000000000011111111100001111111111111111111101111110000000000000000000000000000000000000000000
000000000000000000000000000000000011111111100000001111111111111111111100111111000000000000000000000000000000000000000000
000000000000000000000000011111111111111100000000001111111111111111111100011111000000000000000000000000000000000000000000
000000000000000000000000011111111111000000000000011111111111111111111110001111100000000000000000000000000000000000000000
000000000000000001111111111111000000000000000000111111111111111111111111000111110000000000000000000000000000000000000000
000000000000000000000000000000000000000000000001111111111111111111111111100011111000000000000000000000000000000000000000
000000000000000000000000000000000000000000000011111111111111111111111111110001111000000000000000000000000000000000000000
000000000000000000000000000000000000000000000011111111111111111111111111110001111100000000000000000000000000000000000000
000000000000000000000000000000000000000000000111111111111111111111111111111000111110000000000000000000000000000000000000
000000000000000000000000000000000000000000001111111111111111111111111111111100111111000000000000000000000000000000000000
