000000000000000000000000000000000000000000000000000000000000000000000000000000000000000000000000000000000000000000000000
000000000000000000000000000000000000000000000000000000000000000000000000000000000000000000000000000000000000000000000000
000000000000000000000000000000000000000000000000000000000000000000000000000000000000000000000000000000000000000000000000
000000000000000000000000000000000000000000000000000000000000000000000000000000000000000000000000000000000000000000000000
000000000000000000000000000000000000000000000000000000000000000000000000000000000000000000000000000000000000000000000000
000000000000000000000000000000000000000000000000000000000000000000000000000000000000000000000000000000000000000000000000
000000000000000000000000000000000000000000000000000000000000000000000000000000000000000000000000000000000000000000000000
000000000000000000000000000000000000000000000000000000000000000000000000000000000000000000000000000000000000000000000000
000000000000000000000000000000000000000000000000000000111000111110000000000000000000000000000000000000000000000000000000
000000000000000000000000000000000000000000000000000001111111111110110000000000000000000000000000000000000000000000000000
000000000000000000000000000000000000000000000000000000011111111110000000000000000000000000000000000000000000000000000000
000000000000000000000000000000000000000000000000000000000011111111111000000000000000000000000000000000000000000000000000
000000000000000000000000000000000000000000000000000000000111011111111111000000000000000000000000000000000000000000000000
000000000000000000000000000000000000000000000000000000000001111111111100000000000000000000000000000000000000000000000000
000000000000000000000000000000000000000000000000000000000000111111111110000000000000000000000000000000000000000000000000
000000000000000000000000000000000000000000000000000000000001101111111110000000000000000000000000000000000000000000000000
000000000000000000000000000000000000000000000000000000000010001111111111111110001111111000000000000000000000000000000000
000000000000000000000000000000000000111111111111111111001111111111111111111111111111111110000000000000000000000000000000
000000000000000000000000000000000000000000000111100000000011111111111111111111111111111111110000000000000000000000000000
000000000000000000000000000000000000000000000000000000000000000000111100001111111111111111110000000000000000000000000000
000000000000000000000000000000000000000000000000000000000000000000111100000000000000111100000000000000000000000000000000
000000000000000000000000000000000000000000000000000000000000000000000000000000000000000000000000000000000000000000000000
000000000000000000000000000000000000000000000000000000000000000000000000000000000000000000000000000000000000000000000000
000000000000000000000000000000000000000000000000000000000000000000000000000000000000000000000000000000000000000000000000
000000000000000000000000000000000000000000000000000000000000000000000000000000000000000000000000000000000000000000000000
000000000000000000000000000000000000000000000000000000000000000000000000000000000000000000000000000000000000000000000000
000000000000000000000000000000000000000000000000000000000000000000000000000000000000000000000000000000000000000000000000
000000000000000000000000000000000000000000000000000000000000000000000000000000000000000000000000000000000000000000000000
000000000000000000000000000000000000000000000000000000000000000000000000000000000000000000000000000000000000000000000000
000000000000000000000000000000000000000000000000000000000000000000000000000000000000000000000000000000000000000000000000
000000000000000000000000000000000000000000000000000000000000000000000000000000000000000000000000000000000000000000000000
000000000000000000000000000000000000000000000000000000000000000000000000000000000000000000000000000000000000000000000000
000000000000000000000000000000000000000000000000000000000000000000000000000000000000000000000000000000000000000000000000
000000000000000000000000000000000000000000000000000000000000000000000000000000000000000000000000000000000000000000000000
000000000000000000000000000000000000000000000000000000000000000000000000000000000000000000000000000000000000000000000000
000000000000000000000000000000000000000000000000000000000000000000000000000000000000000000000000000000000000000000000000
000000000000000000000000000000000000000000000000000000000000000000000000000000000000000000000000000000000000000000000000
000000000000000000000000000000000000000000000000000000000000000000000000000000000000000000000000000000000000000000000000
000000000000000000000000000000000000000000000000000000000000000000000000000000000000000000000000000000000000000000000000
000000000000000000000000000000000000000000000000000000000000000000000000000000000000000000000000000000000000000000000000
