111111111111111111111111111111111111111111111111111111111111111111111111111111111111111111111111111111111111111111111111
111111111111111111111111111111111111111111111111111111111111111111111111111111111111111111111111111111111111111111111111
111111111111111111111111111111111111111111111111111111111111111111111111111111111111111111111111111111111111111111111111
111111111111111111111111111111111111111111111111111111111111111111111111111111111111111111111111111111111111111111111111
111111111111111111111111111111111111111111111111111111111111111111111111111111111111111111111111111111111111111111111111
111111111111111111111111111111111111111111111111111111111111111111111111111111111111111111111111111111111111111111111111
111111111111111111111111111111111111111111111111111111111111111111111111111111111111111111111111111111111111111111111111
111111111111111111111111111111111111111111111111111111111111111111111111111111111111111111111111111111111111111111111111
111111111111111111111111111111111111111111111111111111111111111111111111111111111111111111111111111111111111111111111111
111111111111111111111111111111111111111111111111111111111111111111111111111111111111111111111111111111111111111111111111
111111111111111111111111111111111111111111111111111111111111111111111111111111111111111111111111111111111111111111111111
111111111111111111111111111111111111111111111111111111111111111111111111111111111111111111111111111111111111111111111111
111111111111111111111111111111111111111111111111111111111111111111111111111111111111111111111111111111111111111111111111
111111111111111111111111111111111111111111111111111111111111111111111111111111111111111111111111111111111111111111111111
111111111111111111111111111111111111111111111111111111111111111111111111111111111111111111111111111111111111111111111111
111111111111111111111111111111111111111111111111111111111111111111111111111111111111111111111111111111111111111111111111
111111111111111111111111111111111111111111111111111111111111111111111111111111111111111111111111111111111111111111111111
111111111111111111111111111111111111111111111111111111111111111111111111111111111111111111111111111111111111111111111111
111111111111111111111111111111111111111111111111111111111111111111111111111111111111111111111111111111111111111111111111
111111111111111111111111111111111111111111111111111111111111111111111111111111111111111111111111111111111111111111111111
111111111111111111111110011111111111111111111111111111111001000111111111111111111111111111111111111111111111111111111111
111111111111111111111100001111111111111111111111001111111000000011111111111111111111111111111111111101111111111111111111
111111111111111111100000000001111111111111111110000000110000000001111111111111111111111111111111111100001111111111111111
111111111111111111100000000011111111111111111111010000000000000011111111111111111111111111111111110000000001111111111111
111111111111111111100000000001111111111111111111110000000000000111111111111111111111111111111111100000000001111111101111
111111111111111111111000000001111111111111111111100000000000000001111111111111111111111111111111110000000001111110111111
111111111111111111111000000111111111111111111111110010000000000011111111111111111111111111111111110000000011111101111111
111111111111111111110000000011111111111111111111111111000000001111111111111111111111111111111111110000000000110111111111
111111111111111111100000000011111111111111111111111111000000011111111111111111111111111111111111110000000000000000111111
111111111111111111100000000111111111111111111111111111000000011111111111111111111111111111111111100000000000000000000000
111111111111111110000000000111111111111111111111111111000000001111111111111111111111111111111111110000000001111100000000
000000001111110000110000000111111111111111111111111110000000000111111111111111111111111111111111110000000001111111111111
000000000000000011000000000011111111111111111111111110000000000011111111111111111111111111111111100000000111111111111111
000000000000000000000000000001111111111111111111111110000000000001111111111111111111111111111111100000000111111111111111
111000000000000000000000000000111111111111111111111100000000000000111111111111111111111111111111000000000011111111111111
111111110000000000000000000000011111111111111111111100000000000000001111111111111111111111111110000000000001111111111111
111111111111000000000000000000001111111111111111111100000000000000001111111111111111111111111100000000000000111111111111
111111111111111110000000000000001111111111111111111111000000000000111111111111111111111111111000000000000000011111111111
111111111111111111110000000111111111111111111111111111100011111100011111111111111111111111110000000000000000001111111111
111111111111111111110000001111111111111111111111111111100011111100011111111111111111111111110000000000000000001111111111
