111111111111111111111111111111111111111111111111111111111111111111111111111111111111111111111111111111111111111111111111
111111111111111111111111111111111111111111111111111111111111111111111111111111111111111111111111111111111111111111111111
111111111111111111111111111111111111111111111111111100111111111111111111111111111111111111111111111111111111111111111111
111111111111111111111111111111111111111111111111111000000011111111111111111111111111111111111111111111111111111111111111
111111111111111111111111111111111111111111111111110000010001111111111111111111111111111111111111111111111111111111111111
111111111111111111111111111111111111111111111111000000000111111111111111111111111111111111111111111111111111111111111111
111111111111111111111111111111111111111111111000000000000001111111111111111111111111111111111111111111111100000001111111
111111111111111111111111111111111111111100000000000000000000011111111111111111111111111111111111111111110000000000111111
111111111111111111111111111111111111111110000000000000000000000001111111111111111111111111111111111111100000000000111000
111111111111111111111111111111111111111111000000000000000000000011111111111111111111111111111111111111100000000000000000
111111111111111111111111111111111111111111000000000000000000000111111111111111111111111111111111111111110000001000000000
111111111111111111111111111111111111111111000000000000000000000011111111111111111111111111111111111111111111111000000000
111111111111111111111111111111111111111110000000000000000000000001111111111111111111111111111111111111111111110000000000
111111111111111111111111111111111111111111100000000000000000000001111111111111111111111111111111111111111111100000000000
111111111111111111111111111111111111111111111000000000000000000001111111111111111111111111111111111111111110000000100000
111111111111111111111111111111111111111111111100000000000000000001111111111111111111111111111111111111111110000001100000
111111111111111111111111111111111111111111111111000000000000000011111111111111111111111111111111111111111100000011100000
111111111111111111111111111111111111111111111111100000000000011111111111111111111111111111111111111111110000000000000000
111111111111111111111111111111111111111111110000000000000000000111111111111111111111111111111111111111110000000000000000
111111111111111111111111111111111111111111100000000000000000000111111111111111111111111111111111111111110000000000000000
111111111111111111111111111111111111111111100000000000000000000111111111111111111111111111111111111111111111110000000000
111111111111111111111111111111111111111111000000000000000000000111111111111111111111111111111111111111111111111110000000
111111111111111111111111111111111111111100000000000000000000000011111111111111111111111111111111111111111111111100000000
111111111111111111111111111111111111111100000000000000000000000111111111111111111111111111111111111111111111111000000000
111111111111111111111111111111111111111000000000000000000000000111111111111111111111111111111111111111111111111000000000
111111111111111111111111111111111111111000000000000000000000000111111111111111111111111111111111111111111111111000000000
111111111111111111111111111111111111100000000000000000000000000111111111111111111111111111111111111111111111111000000000
111111111111111111111111111111111100000000000000000000000000000011111111111111111111111111111111111111111111111110000000
111111111111111111111111111111000000000000000000000000000000000111111111111111111111111111111111111111111111111100000000
000000000111111111111111111000000000000110000000000000000000001111111111111111111111111111111111111111111111111000000000
000000000000000000000000000000000001111100000000000000000001111111111111111111111111111111111111111111111111110000000000
000000000000000000000000000000000000000000000000000000000111111111111111111111111111111111111111111111111111100000000000
000000000000000000000000000000000000000000000000000000000001111111111111111111111111111111111111111111111111000000000000
000000000000000000000000000000000000000000000000000000000000011111111111110000000000000011111111111111111111000000000000
000000000000000000000000000000000000000000000000000000000000000000000000000000000000000011111111111111111110000000000000
100000000000000000000000000000000000000000000000000000000000000000000000000000000000000001111111111111111100000000000000
111111110000000000000000000000000000000000000000000000000000000000000000000000000000000011111111111111111000000000000000
111111111111111000000000000000000000000000000000000000000000000000000000000000000000000011111111111111110000000000000000
111111111111111111111100000000000000000000000000000000000000000000000000000000000000000111111111111111100000000000000000
111111111111111111111111111111000000000000000000000000000000000000000000000000000000111111111111111111100000000000000000
