111111111111111111111111111111111111111111111111111111111111111111111111111111111111111111111111111111111111111111111111
111111111111111111111111111111111111111111111111111111111111111111111111111111111111111111111111110111111111111111111111
111111111111111111111111111111111111111111111111111111111111111111111111111111111111111111111000000000001111111111111111
111111111111111111111111111111111111111111111111111111111111111111111111111111111111111111111000000000000000000011111111
111111111111111111111111111111111111111111111111111111111111111111111111111111111111111111111110000000000000000011111111
111111111111111111111111111111111111111111111111111111111111111111111111111111111111111111111110000000000011000011111111
111111111111111111111111111111111111111111111111111111111111111111111111111111111111111111111100000000000000000000000111
111111111111111111111111111111111111111111111111111111111111111111111111111111111111111111111000000000000000000000000000
111111111111111111111111111111111111111111111111111111111111111111111111111111111111111111100000000000000000000000000000
111111111111111111111111111111111111111111111111111111111111111111111111111111111111111110000000000000000000000000000000
111111111111111111111111111111111111111111111111111111111111111111111111111111111111100000000000000000000000000000000000
111111111111111111111111111111111111111111111111111111111111111111111111111111111110000000000000000000000000000000000000
111111111111111111111111111111111111111111111111111111111111111111111111111111111110000000000000000000000000000000000000
111111111111111111111111111111111111111111111111111111111111111111111111111111111111100000000000000000000000000000000000
111111111111111111111111111111111111111111111111111111111111111111111111111111111111111100000000000000000000000000000000
111111111111111111111111111111111111111111111111111111111111111111111111111111111111111110000000000000000000000000000000
111111111111111111111111111111111111111111111111111111111111111111111111111111111111111100000000000000000000000000000000
111111111111111111111111111111111111111111111111111111111111111111111111111111111111111100000000000000000000000000000000
111111111111111111111111111111111111111111111111111111111111111111111111111111111111111100000000000000000000000000000000
111111111111111111111111111111111111111111111111111111111111111111111111111111111111111100000000000000000000000000000000
111111111111111111111111111111111111111111111111100000011111111111111111111111111111111110000000000000000000000000000000
111111111111111111111111111111111111111111111111111000000001111111111111111111111111111111000000000000000000000000000000
111111111111111111111111111111111111110000000000000000000000000000111111111111111111111111100000000000000000000000000001
111111111111111111111111111111111111111110000000000000000000000000011111111111111111111111111100000000000000000000000011
111111111111111111111111111111111111111111111110000000000000000000001111111111111111111111111111000000000000000000000000
111111111111111111111111111111111111111111111111111111000000000000000111111111111111100000000000000000000000000000000000
111111111111111111111111111111111111111111111111111111110000000000000111111111110000000000000000000000000000000000000000
111111111111111111111111111111111111111111111111111111111000000000000011111111000000000000000000000000000000000000000000
111111111111111111111111111111111111111111111111111111111100000000000011110000000000000000000000000000000000000000000000
111111111111111111111111111111111111111111111111111111111110000000000000000000000000000000000000000000000000000000000000
111111111111111111111111111111111111111111111111111111111111000000000000000000000000000000000000000000000000000000000000
111111111111111111111111111111111111111111111111111111111111100000000000000000000000000000000000000000000000000000000000
111111111111111111111111111111111111111111111111111111111111100000000000000000000011111111100000000000000000000000000000
111111111111111111111111111111111111111111111111111111111111110000000000000001111111111111110000000000000000000000000000
111111111111111111111111111111111111111111111111111111111111111111111111111111111111111111111000000000000000000000000000
111111111111111111111111111111111111111111111111111111111111111111111111111111111111111111111000000000000000000000000000
111111111111111111000000000000000000000001111111111111111111111111111111111111111111111111111000000000000000000000000000
111000000000000000000000000000000000000000111111111111111111111111111111111111111111111111111100000000000000000000000000
100000000000000000000000000000000000000000000001111111111111111111111111111111111111111111111100000000000000000000000000
100000000000000000000000000000000000000000000000000000001111111111111111111111111111111111111110000000000000000000000000
