000000000000000000000000000000000000000000000000000000000000000000000000000000000000000000000000000000000000000000000000
000000000000000000000000000000000000000000000000000011111111111111110000000000000000000000000000000000000000000000000000
000000000000000000000000000000000000000000000000011111111111111111111111100000000000000000000000000000000000000000000000
000000000000000000000000000000000000000000000000111111111111111111111111111000000000000000000000000000000000000000000000
000000000000000000000000000000000000000000000001111111111111111111111111111110000000000000000000000000000000000000000000
000000000000000000000000000000000000000000000001111111111111111111111111111111111100000000000000000000000000000000000000
000000000000000000000000000000000000000000000001111111111111111111111111111111111111100000000000000000000000000000000000
000000000000000000000000000000000000000000000011111111111111111111111111111111111111110000000000000000000000000000000000
000000000000000000000000000000000000000000011111111111111111111111111111111111111111111000000000000000000000000000000000
000000000000000000000000000000000000000001111111111111111111111111111111111111111111111000000000000000000000000000000000
000000000000000000000000000000000000000000011111111111111111111111111111111111111111111000000000000000000000000000000000
000000000000000000000000000000000000000000000011111111111111111111111111111101111111100000000000000000000000000000000000
000000000000000000000000000000000000000000000011111111111111111111111111111001111111100000000000000000011110000000000000
000000000000011100000000000000000000000000000001111111111111111111111111111011111111110000000000000111111111111000000000
000000001111111111110000000000000000000000000000011111111111111111111111110011111111110000000000111111000000111111111000
001111111110000001111111000000000000000000000000000111111111111111111110000011111111110000000111101111100000111111111111
111111111110000011111001111000000000000000000000000000011111111101011000000001111111111000111100001111110000111111100011
111001111111000111111000001111100000000000000000000000011111111100000000000011111111111111111000001111111000111111100111
111001111110001111111000001111111111111111110000001111111111111111110000001111111111110001111100000111111000001111100011
110011111100001111110000011111000000011110111101111111111111111111111110011110111111000001111110000011111000000111110000
000011110000001111100000111111100001111110001111111111111111111111111111111000111111000001111111000000111000000001110000
000011100000001111000000111111000011111111011111111111111111111111111111111100111111100000111111000000011000000000110000
000011000000001110000000111110000001111111111111111111111111111111111111111111111111100000011110000000001000000000000000
000000000000001000000000111100000001111101111111111111111111111111111111111110001111000000001110000000000000000000000000
000000000000000000000000111000000001111001111111111111111111111111111111111111001111000000000110000000000000000000000000
000000000000000000000000110000000001110001111111111111111111111111111111111110000111000000000010000000000000000000000000
000000000000000000000000000000000001100001111111111111111111111111111111111110000011000000000000000000000000000000000000
000000000000000000000000000000000000100001111111111111111111111111111111111111000000000000000000000000000000000000000000
000000000000000000000000000000000000000011111111111111111111111111111111111111100000000000000000000000000000000000000000
000000000000000000000000000000000000000111111111111111111111111111111111111111100000000000000000000000000000000000000000
000000000000000000000000000000000000000111111110111111111111111111111111111111110000000000000000000000000000000000000000
000000000000000000000000000000000000001111111000111111111111111111111111011111110000000000000000000000000000000000000000
000000000000000011110000000000000001111111111000111111111111111111111111001111111111100000000000000111100000000110000000
000000111000000000111100000000011111111111110000111111111111111111111111000111111111111110000000011111000000001110000000
000000111111111111111111000111111111111111000001111111111111111111111111100001111111111111111001111111111111111110000000
000000001111111111111111111111111111111000000001111111111111111111111111000000000111111111111111111111111111111100000000
000000000111111111111111111111111100000000000001111111111111111111111111100000000000011111111111111111111111111100000000
000000000000111001111111111111000000000000000011111111111111111111111111110000000000000000111111111111111111100000000000
000000000000000000000000000000000000000000000111111111111111111111111111111000000000000000000000000000000000000000000000
000000000000000000000000000000000000000000001111111111111111111111111111111100000000000000000000000000000000000000000000
