000000000000000000000000000000000000000000000000000000000000000000000000000000000000000000000000000000000000000000000000
000000000000000000000000000000000000000000000000000000000000000000000000000000000000000000000000000000000000000000000000
000000000000000000000000000000000000000000000000000000000000000000000000000000000000000000000000000000000000000000000000
000000000000000000000000000000000000000000000000000000000000000000000000000000000000000000000000000000000000000000000000
000000000000000000000000000000000000000000000000000000000000000000000000000000000000000000000000000000000000000000000000
000000000000000000000000000000000000000000000000000000000000000000000011100000000000000000000000000000000000000000000000
000000000000000000000000000000000000000000000000000001111111111111111111100000000000000000000000000000000000000000000000
000000000000000000000000000000000000000011100000111111111111111111111111000000000000000000000000000000000000000000000000
000000000000000000000000000000000000000001111111111111111111111111111110000000000000000000000000000000000000000000000000
000000000000000000000000000000000000000000111111111111111111111111111111111111110000000000000000000000000000000000000000
000000000000000000000000000000000000000111111111111111111111111111111111111100000000000000000000000000000000000000000000
000000000000000000000000000000000000001111111111111111111111111111111111111100000000000000000000000000000000000000000000
000000100000000000000000000000000000011111111111111111111111111111111111110000000000000000000000000000000000000000000000
000011111100000000000000000000000000000111111111111111111111111111111110000000000000000000000000000000000000000000000000
000111110000000000000000000000000000000001111111111111111111111111111110000000000000000000000000000000000000000000000000
001111111000000000000000000000000000000111111111111111111111111111111111000000000000000000000000000000000000000000000000
011111111111000000000000000000000000111111110011111111111111111111111111000000000000000000000000000000000000000000000000
011111111111110000000000000000000011111110000001111111111111111111111111000000000000000000000000000000000000000000000000
001111111111111000000000000000011111111000000001011111111111111111111111100000000000000000000000000000000000000000000000
000011111111111000000000000001111111100000000000011111111111111111111111100000000000000000000000000000000000000000000000
000000011111111100000000001111111110000000000000011111111111111111111111100000000000000000000000000000000000000000000000
000000001111111110000001111111110000000000000000111111111111111111111111000000000000000000000000000000000000000000000000
000000000111111111001111111111000000000000001111111111111111111111111111000000000000000000000000000000000000000000000000
000000000111111111111111111100011111111111111111111111111111111111111111110000000000000000000000000000000000000000000000
000000000011111111111111111111111111111111111111111111111111111111111111111000000000000000000000000000000000000000000000
000000000011111111111111111111111111111111111111111111111111111111111111111110000000000000000000000000000000000000000000
000000000001111111111111111111111111111111111111111111111111111111111111111111000000000000000000000000000000000000000000
000000000001111111111111111111111111111111111111111111111111111111111111111111100000000000000000000000000000000000000000
000000000000111111111111111111111111111111000111111111111111111111111111111111100000000000000000000000000000000000000000
000000000000011111111111111111111100000000001111111111111111111111111111111111000000000000000000000000000000000000000000
000000000000011111111111111000000000000000011111111111111111111111111111111111000000000000000000000000000000000000000000
000000000000000111111100000000000000000000111111111111111111111111111111111111100000000000000000000000000000000000000000
000000000000000000000000000000000000000001111111111111111111111111111111111111100000000000000000000000000000000000000000
000000000000000000000000000000000000000011111111111111111111111111111111111111100000000000000000000000000000000000000000
000000000000000000000000000000000000000001111111111111111111111111111111111111110000000000000000000000000000000000000000
000000000000000000000000000000000000000000111111111111111111111111111111111111110000000000000000000000000000000000000000
000000000000000000000000000000000000000000111111111111111111111111111111111111111000000000000000000000000000000000000000
000000000000000000000000000000000000000000111111111111111111111111111111111111111100000000000000000000000000000000000000
000000000000000000000000000000000000001111111111111111111111111111111111111111111100000000000000000000000000000000000000
000000000000000000000000000000000000111111111111111111111111111111111111111111111110000000000000000000000000000000000000
