111111111111111111111111111111111111111111111111111111111111111111111111111111111111111111111111111111111111111111111111
111111111111111111111111111111111111111111111111111111111111111111111111111111111111111111111111111111111111111111111111
111111111111111111111111111111111111111111111111111111111111111111111111111111111111111111111111111111111111111111111111
111111111111111111111111111111111111111111111111111111111111111111111111111111111111111111111111111111111111111111111111
111111111111111111111111111111111111111111111111111111111111111111111111111111111111111111111111111111111111111111111111
111111111111111111111111111111111111111111111111111110000000000000000111111000001111111111111111111111111111111111111111
111111111111111111111111111111111111111111111111100000000000000000000000000000001111111111111111111111111111111111111111
111111111111111111111111111111111111111111111111000000000000000000000000000000000011111111111111111111111111111111111111
111111111111111111111111111111111111111111111110000000000000000000000000000000000000111111111111111111111111111111111111
111111111111111111111111111111111111111111111110000000000000000000000000000000000111111111111111111111111111111111111111
111111111111111111111111111111111111111111111110000000000000000000000000000000001111111111111111111111111111111111111111
111111111111111111111111111111111111111111111110000000000000000000000000000100001111111111111111111111111111111111111111
111111111111111111111111111111111111111111111000000000000000000000000000000001111111111111111111111111111111111111111111
111111111111111111111111111111111111111111100000000000000000000000000000000001111111111111111111111111111111111111111111
111111111111111111111111111111111111111111110000000000000000000000000000000111111111111111111111111111111111111111111111
111111111111111111111111111111111111111111111111100000000000000000000000001111111111111111111111111111111111111111111111
111111111111111111111111111111111111111111111111100000000000000000000000000011111111111111111111111111111111111111111111
111111111111111111111111111111111111111111111111000000000000000000000000000111111111111111111111111111111111111111111111
111111111111111111111111111111111111111111111111111000000000000000000001111111111111111111111111111111111111111111111111
111111111111111111111100111111111111111111111111111111111100000000111111111111111111111111111111111111111111110001111111
111111111111111111110000001111111111111111111111111111110000000000000000011111111111111111111111111111111100000000111111
111111111111111111000000000000111111111111111111100000000000000000000000000001111111111111111111111111000000000000011111
111111111111111100000000000000001111111111111110000000000000000000000000000000111111111111111111111000000000000000000111
111111111111100000000000000000000001111111111100000000000000000000000000000000011111000111111000000000000000000000000001
111111111100000000000000000000000000001111111000000000000000000000000000000000000000000000000000000000000000000000000000
111111100000000000000000000000000000000000000000000000000000000000000000000000000000000000000000000000000000000000000000
111000000000000000100000000000000000000000000000000000000000000000000000000000111111000000000000000000000000000111000000
000000000000000011110011111000000000000000000000000000000000000000000000000000111111111110000001111110001111111111100000
111111111100001111111111111100111111100000001110000000000000000000000000000001111111111111111111111111111111111111110001
111111111111111111111111111111111111111101111110000000000000000000000000000001111111111111111111111111111111111111111111
111111111111111111111111111111111111111111111110000000000000000000000000000000111111111111111111111111111111111111111111
111111111111111111111111111111111111111111111110000000000000000000000000000000111111111111111111111111111111111111111111
111111111111111111111111111111111111111111111110000000000000000000000000000000111111111111111111111111111111111111111111
111111111111111111111111111111111111111111111111110110000000000000000000000011111111111111111111111111111111111111111111
111111111111111111111111111111111111111111111111111110000000000000000000001111111111111111111111111111111111111111111111
111111111111111111111111111111111111111111111111111100000000000000000000000111111111111111111111111111111111111111111111
111111111111111111111111111111111111111111111111111000000000000000000000000011111111111111111111111111111111111111111111
111111111111111111111111111111111111111111111111110000000000000000000000000111111111111111111111111111111111111111111111
111111111111111111111111111111111111111111111111111000000000000000000000000011111111111111111111111111111111111111111111
111111111111111111111111111111111111111111111111110000000000000000000000000000111111111111111111111111111111111111111111
