000000000000000000000000000000011110000011110000000000000000000000000000000000000000000000000000000000000000000000000000
000000000000000000000000000000000111100011100011100000000000000000000000000000000000000000000000000000000000000000000000
000000000000000000000000000011111111111111111111000000000000000000000010000000000000000000000000000000000000000000000000
000000000000000000000000000000001111111111111000000000000000000000000110000000000000000000000001100000000000000000000000
000000000000000000000000000000000000011111111000000000000000000000001100000000000000000000000001100000000000000000000000
000000000000000000000000000000001111111111111111111000000000000000001100000000000000000001111111111110000000000000000000
000000000000000000000000000000111111111111111111000000000000000000001100000000000000000000111111111110000000000000000000
000000000000000000000000000000000011111111111111000000000000000000001110000000000000000000001111000000000000000000000000
000000000000000000000000000000000001111111111111111000000000000000001110001111111110000000001110000000000000000000000000
000000000000000000000000000000000011111111111111111110000000000000000111111111111111110000111100000000000000000000000000
000000000000000000000000000000000111111111111111111111100000000000001111111111111111111111110000000000000000000000000000
000000000000000000000000000000011111111111111111111111110000000000011111111111111111111111000000000000000000000000000000
000000000000000000000000000000011111111111111111111111110000000000111111111111111111111111000000000000000000000000000000
000000000000000000000000000000011111111111111111111111110000000000111111111111111111111111000000000000000000000000000000
000000000000000000000000000000011111111111111111111111110000000000111111111111111111111111000000000000000000000000000000
000000000000000000000000000000011111111111111111111111110000000000111111111111111111111111000000000000000000000000000000
000000000000000000000000000000011111111111111111111111100000000000111111111111111111111111000000000000000000000000000000
000000000000000000000000000000011111111111111111111111110000000001111111111111111111111111000000000000000000000000000000
000000000000000000000000000000011111111111111111111111110000000001111111111111111111111111000000000000000000000000000000
000000000000000000000000000000011111111111111111111111110000000011111111111111111111111111000000000000000000000000000000
000000000000000000000000000000011111111111111111111111110010000011111111111111111111111110000000000000000000000000000000
000000000000000000000000000000011111111111111111111111111111111111111111111111111111111110000000000000000000000000000000
000000000000000000000000000000011111111111111111111111111111111111111111111111111111111110000000000000000000000000000000
000000000000000000000000000000011111111111111111111111111111111111111111111111111111111110000000000000000000000000000000
000000000000000000000000000000011111111111111111111111111111111111111111111111111111111110000000000000000000000000000000
000000000000000000000000000000011111111111111111111111111111111111111111111111111111111100000000000000000000000000000000
000000000000000000000000000000011111111111111111111111111111111111111111111111111111111100000000000000000000000000000000
000000000000000000000000000000011111111111111111111111111111111111111111111111111111111100000000000000000000000000000000
000000000000000000000000000000011111111111111111111111111100111111111111111111111111111100000000000000000000000000000000
000000000000000000000000000000011111111111111111111111111000111111111111111111111111111100000000000000000000000000000000
000000000000000000000000000000011111111111111111111111110000011111111111111111111111111000000000000000000000000000000000
000000000000000000000000000000011111111111111111111111100000000111111111111111111111111000000000000000000000000000000000
000000000000000000000000000000011111111111111111111111100000000111111111111111111111111000000000000000000000000000000000
000000000000000000000000000000011111111111111111111111100000001111111111111111111111111000000000000000000000000000000000
000000000000000000000000000001111111111111111111111111100000001111111111111111111111111000000000000000000000000000000000
000000000000000000000000000111111111111111111111111110100000001111111111111111111111111110000000000000000000000000000000
000000000000000000000000001111111111111111111110110110100000001011011111111111111111111111111100000000000000000000000000
000000000000000000000000111111111111111111111100110010000000000010011001111111111111111111111111111110000000000000000000
000000000000000000000001111111111111111111111110100000000000000000001001111111111111111111111111111111110000000000000000
000000000000000000000001111111111111111111111110000000000000000000000001111111111111111111111111111111111100000000000000
