111111111111111111111111111111111111111111111111000000000000000000000000000000011111111111111111111111111111111111111111
111111111111111111111111111111111111111111111110000000000000000000000000000000001111111111111111111111111111111111111111
111111111111111111111111111111111111111111111110000000000000000000000000000000000111111111111111111111111111111111111111
111111111111111111111111111111111111111111111110000000000000000000000000000000000100000000011111111111111111111111111111
111111111111111111111111111111111111111110100000000000000000000000000000000000000000000000001111111111111111111111111111
111111111111111111111111111111111111111100000000000000000000000000000000000000000000000000001111111111111111111111111111
111111111111111111111111111111111111111100000000000000000000000000000000000000000000000000001111111111111111111111111111
111111111111111111111111111111111111111111000000000000000000000000000000000000000000000000011111111111111111111111111111
111111111111111111111111111111111111111111111000000000000000000000000000000000000000000000111111111111111111111111111111
111111111111111111111111111111111111111111111000000000000000000000000000000000011000000001111111111111111111111111111111
111111111111111111111111111111111111111111111000000000000000000000000000000000111000000000111111111111111111111111111111
111111111111111111111111111111111111111111111010000000000000000000000000000001110000000001111111111111111111100111111111
111111110000111111111111111111111111111111111110000000000000000000000000000001110000000001111111111111111000000000111111
111110000000000001111111111111111111111111111111100000000000000000000000000011110000000000111111111110000000111100000011
100000011111100000000111111111111111111111111111111110100000000000000000111111110000000000111111100000000011111111000000
000000011111100000110000011111111111111111111111111111000000000010111011111111110000000000111000001111000001111100000011
110000000111000000011110000000000000000000011111111111000000000001111111111110000000000000000000111110000000111000000001
110000000111000000001110000011111111000000001111000000000000000000000001111000000000000011110000011100000000111000000001
111000000111100000011100000001111110000010000000000000000000000000000000010000100000000011100000001110000001111000000011
111100000111110000011100000001111100000001100000000000000000000000000000000001000000001111000000001110000011111100000111
111110000111111000011100000001111100000000000000000000000000000000000000000000000000011111100000011110000111111100001111
111111000111111100011110000001111110000000000000000000000000000000000000000000000000011111100000111110001111111100011111
111111101111111110111111000001111110000000000000000000000000000000000000000000000000111111100001111111011111111110111111
111111111111111111111111100011111111000000000000000000000000000000000000000000000001111111110001111111111111111111111111
111111111111111111111111110011111111100000000000000000000000000000000000000000000011111111110011111111111111111111111111
111111111111111111111111111111111111110000000000000000000000000000000000000000000111111111111111111111111111111111111111
111111111111111111111111111111111111110000000000000000000000000000000000000000000111111111111111111111111111111111111111
111111111111111111111111111111111111110000000000000000000000000000000000000000000111111111111111111111111111111111111111
111111111111111111111111111111111111100000000000000000000000000000000000000000000011111111111111111111111111111111111111
111111111111111111111111111111111111000000000100000000000000000000000000000000000011111111111111111111111111111111111111
111111111111111111111111111111111111000000001100000000000000000000000000000000000001111111111111111111111111111111111111
111111111111111111111111111111111110000000011100000000000000000000000000001000000001111111111111111111111111111111111111
111111111111111111111111111111111000000000011100000000000000000000000000001100000000001111111111111111111111111111111111
111111111100001111111111111110000000000000111100000000000000000000000000001110000000000000111111111111111000011111111110
011111111110000011111111110000000000000011111100000000000000000000000000001111000000000000000011111111110000111111111100
001000000000000000111100000000000000001111111100000000000000000000000000001111110000000000000000001110000000000000000000
000000000000000000000000000000000001111111111100000000000000000000000000001111111111000000000000000000000000000000000000
000000000000000000000000000000011111111111111000000000000000000000000000000111111111111100000000000000000000000000000000
000000000000000000000000000111111111111111110000000000000000000000000000000011111111111111110000000000000000000000000000
111110111111110000000001111111111111111111100000000000000000000000000000000001111111111111111111100000000000001110000111
