111111111111111111111111111111111111111111111111111111111111111111111111111111111000000000000000000000000000000000011111
111111111111111111111111111111111111111111111111111111111111111111111111111111111000000000000000000000000000000000111111
111111111111111111111111111111111111111111111111111111111111111111111111111111111000000000000000000000000000000001111111
111111111111111111111111111111111111111111111111111111111111111111111111111111111000000000000000000000000000000011111111
111111111111111111111111111111111111111111111111111111111111111111111111111111111001000000000000000000000000000111111111
111111111111111111111111111111111111111111111111111111111111111111111111111111111111100000000000000000000000000011111111
111111111111111111111111111111111111111111111111111111111111111111111111111111111111111000000000000000000000000011111111
111111111111111111111111111111111111111111111111111111111111111111111111111111111111110000000000000000000000000001111111
111111111111111111111111111111111111111111111111111111111111111111111111111111111111100000000000000000000000000010111111
111111111111111111111111111111111111111111111111111111111111111111111111111111111110000000000000000000000000000001111111
111111111111111111111111111111111111111111111111111111111111111111111111111111110000000000000000000000000000000101111111
111111111111111111111111111111111111111111111111111111111111111111111111111111000000000000000000000000000010011111111111
111111111111111111111111111111111111111111111111111111111111111111111111111100000000000000000000000000000011111111111111
111111111111111111111111111111111111111111111111111111111111111111111111111110000000000000000000000000000011111111111111
111111111111111111111111111111111111111111111111111111111111111111111111111100000000000000000000000000000011111111111111
111111111111111111111111111111111111111111111111111111111111111111111111111000000000000000000000000000000011111111111111
111111111111111111111111111111111111111111111111111111111111111111111111110000000000000000000000000001111111111111111111
111111111111111111111111111111111111111111111111111111111111111111111111110000000000000000000000000011111111111111111111
111111111111111111111111111111111111111111111111111111111111111111111111110000000000000000000000000011111111111111111111
111111111111111111111111111111111111111111111111111111111111111111111111110000000000000000000000000111111111111111111111
111111111111111111111111111111111111111111111111111111111111111111111111111000000000000000000000000111111111111111111111
111111111111111111111111111111111111111111111111111111111111111111111111111000000000000000000000001111111111111111111111
111111111111111111111111111111111111111111111111011111111111111111111111111100000000000000000000001111111111111111111111
111111111111111111111111111111111111111110000000001111111111111111111111111100000000000000000000001111111111111111111111
111111111111111111111111111111111111111100000000000111111111111111111111111100000000000000000000001111111111111111111111
111111111111111111111111111111111111111000000000000111111111111111111111111000000000000000000000000111111111111111111111
111111111111111111111111111111111111111000000000001111111111111111111111000000000000000000000000000011111111111111111111
111111111111111111111111111111111111111000000000011111111111111111111100000000000000000000000000000011111111111111111111
111111111111111111111111111111111111110000000000011111111111111111100000000000000000000000000000000001111111111111111111
111111111111111111111111111111111111110000000000000011111111111110000000000000000000000000000000000000111111111111111111
111111111111111111111111111111111111100000000000000001111111110000000000000000000000000000000000000000011111111111111111
111111111111111111111111111111111111100000001000000000000000000000000000000000000000000000000000000000000111111111111111
111111111111111111111111111111111111000000011000000000000000000000000000000000000000000000000000000000000011111111111111
111111111111111111111111111111111111000000011000000000000000000000000000001000000000000000000000000000000001111111111111
111111111111111111111111111111111111000000011000000000000000000000000001111000000000000000000000000000000000011111111111
111111111111111111111111111111111111000000110000000000000000000000011111111000000000000000000000000000000000001111111111
111111111111111111111111111111111111000000111000000000000000000011111111110000000000000000000000000000000000000111111111
111111111111111111111111111111111111100000111100000000000000001111111111110000000000000000000000000000000000000011111111
111111111111111111111111111111111111110011111100000000000000001111111111100000000000000000000000000000000000000001111111
111111111111111111111111111111111111111111111100000000000000000111111111100000000000000000000000000000000000000000111111
