000000000001111111111111111111111111111111111111111111111111111111111111111111111111111111111111111111111111110000000000
000000000111111111111111111111111111111111111111111111111111111111111111111111111111111111111111111111111111111100000000
000000011111111111111111111111111111111111111111111111111111111111111111111111111111111111111111111111111111111110000000
000001111111111111111111111111111111111111111111111111111111111111111111111111111111111111111111111111111111111111100000
000011111111111111111111111111111111111111111111111111111111111111111111111111111111111111111111111111111111111111110000
000111111111111100000000000000000000000111111111111111111111111111111111111111111111111111111111111111111111111111111100
001111111110000000000000000000000000000000001111111111111111111111111111111111111111111111111111111111111111111111111110
111111100000000000000000000000000000000000000001111111111111111111111111111111111111111111111111111111111111111111111111
111110000000000000000000000000000000000000000000001111111111111111111111111111111111111111111111111111111111111111111111
110000000000000000000000000000000000000000000000000011111111111111111111111111111111111111111111111111111111111111111111
000000000000000000000000000000000000000000000000000000111111111111111111111111111111111111111111111111111111111111111111
000000000000000000000000000000000000000000000000000000011111111111111111111111111111111111111111111111111111111111111111
000000000000000000000000000000000000000000000000000000000111111111111111111111111111111111111111111111111111111111111111
000000000000000000000000000000000000000000000000000000000011111111111111111111111111111111111111111111111111111111111111
000000000000000000000000000000000000000000000000000000000011111111111111111111111111111111111111111111111111111111111111
000000000000000000000000000000000000000000000000000000000001111111111111111111111111111111111111111111111111111111111111
000000000000000000000000111111111000000000000000000000000000111111111111111111111111111111111111111111111111111111111111
000000000000000000000011111111111110000000000000000000000000111111111111111111111111110000000000111111111111111111111111
000000000000000000000111111111111111000000000000000000000000111111111111111111111111000000000000001111111111111111111111
000000000000000000000111111111111111000000000000000000000000111111111111111111111110000000000000000111111111111111111111
000000000000000000000011111111111111000000000000000000000000111111111111111111111100000000000000000011111111111111111111
000000000000000000000001111111111110000000000000000000000000111111111111111111111100000000000000000011111111111111111111
000000000000000000000000001111110000000000000000000000000000011111111111111111111110000000000000000111111111111111111111
000000000000000000000000000000000000000000000000000000000000011111111111111111111111100000000000011111111111111111111111
000000000000000000000000000000000000000000000000000000000000001111111111111111111111111110001111111111111111111111111111
000000000000000000000000000000000000000000000000000000000000001111111111111111111111111111111111111111111111111111111111
000000000000000000000000000000000000000000000000000000000000000111111111111111111111111111111111111111111111111111111111
000000000000000000000000000000000000000000000000000000000000000011111111111111111111111111111111111111111111111111111111
000000000000000000000000000000000000000000000000000000000000000000111111111111111111111111111111111111111111111111111111
000000000000000000000000000000000000000000000000000000000000000000011111111111111111111111111111111111111111111111111110
000000000000000000000000000000000000000000000000000000000000000000000111111111111111111111111111111111111111111111111000
000000000000000000000000000000000000000000000000000000000000000000000000111111111111111111111111111111111111111111000000
100000000000000000000000000000000000000000000000000000000000000000000000000111111111111111111111111111111111111000000000
110000000000000000000000000000000000000000000000000000000000000000000000000000011111111111111111111111111110000000000001
111000000000000000000000000000000000000000000000000000000000000000000000000000000000011111111111111110000000000000000111
111100000000000000000000000000000000000000000000000000000000000000000000000000000000000000000000000000000000000000001111
111111000000000000000000000000000000000000000000000000000000000000000000000000000000000000000000000000000000000000011111
111111100000000000000000000000000000000000000000000000000000000000000000000000000000000000000000000000000000000001111111
111111111000000000000000000000000000000000000000000000000000000000000000000000000000000000000000000000000000000111111111
111111111110000000000000000000000000000000000000000000000000000000000000000000000000000000000000000000000000011111111111
