111111111111111111111111111111111111111111111111111110000111111111111111111111111111111111111111111111111111111111111111
111111111111111111111111111111111111111111111111111110000000111111111111111111111111111111111111111111111111111111111111
111111111111111111111111111111111111111111111111111100000001111111111111111111111111111111111111111111111111111111111111
111111111111111111111111111111111111111111111111111100000001111111111111111111111111111111111111111111111111111111111111
111111111111111111111111111111111111111111111111111100000011111111111111111111111111111111111111111111111111111111111111
111111111111111111111111111111111111111111111111111100000011111111111111111111111111111111111111111111111111111111111111
111111111111111111111111111111111111111111111111111100000011111111111111111111111111111111111111111111111111111111111111
111111111111111111111111111111111111111111000011111000000000000000011111111111111111111111111111111111111111111111111111
111111111111111111111111111111111111111111100001111000000000000000001111111111111111111111111111111111111111111111111111
111111111111111111111111111111111111111111100000000000000000000000000011111111111111111111111111111111111111111111111111
111111111111111111111111111111111111111111110000000000000000000000000001111111111111111111111111111111111111111111111111
111111111111111111111111111111111111111111110000000000000000000000000001111111111111111111111111111111111111111111111111
111111111111111111111111111111111111111111000000000000000000000000000000111111111111111111111111111111111111111111111111
111111111111111111111111111111111111111110000000000000000000000000000011111111111111111111111111111111111111111111111111
111111111111111111111111111111111111111110000000000000000000000000000011111111111111111111111111111111111111111111111111
111111111111111111111111111111111111111100000000000000000000000000000001111111111111111111111111111111111111111111111111
111111111111111111111111111111111111111111000000000000000000000000000000111111111111111111111111111111111111111111111111
111111111111111111111111111111111111111111100000000000000000000000000000011111111111111111111111111111111111111111111111
111111111111111111111111111111111111111111111100000000000000000000000000011111111111111111111111111111111111111111111111
111111111111111111111111111111111111111111111110000000000000000000000000001111111111111111111111111111111111111111111111
111111111111111111111111111111111111111111111111100000000000000000000000000111111111111111111111111111111111111111111111
111111111111111111111111111111111111111111111111111000000000000000000000000111111111111111111111111111111111111111111111
111111111111111111111111111111111111111110001111111000000000000000000000000011111111111111111111111111111111111111111111
111111111111111111111111111111100000000000001111110000000000000000000000000001111111111111111111111111111111111111111111
111111111111111111111111111110000000000000001111100000000000000000000000000000111111111111111111111111111111111111111111
111111111111111111111111111000000000000000000111000000000000000000000000000000011111111111111111111111111111111111111111
111111111111111111111111111000000000000000000010000000000000000000001000000000001111111111111111111111111111111111111111
111111111111111111111111111000000000000000000010000000000000000000000100000000000111111111111111111111111111111111111111
111111111111111111111111100000000000000000000010000000000000000000000011000000000011111111111111111111111111111111111111
111111111111111111110000000000000000000000000110000000000000000000000001100000000111111111111111111111111111111111111111
111111111111111110000000000000000000000000000100000000000000000000000000110000000011111111111111111111111111111111111111
111111111111111100000000000000000000000000000000000000000000000000000000011000000001111111111111111111111111111111111111
111111111111111000000000000000000000000000000000000000000000000000000000000100000000111111111111111111111111111111111111
111111111111111000000000000000000000000000000000000000000000000000000000000010000000001111111111111111111111111111111111
111111111111111000000000000000000000000010011011100000000000000000011000000000000000000111111111111111111111111111111111
111111111111111000000000000000000000000111111000100000000000000000011100000000000000000011111111111111111111111111111111
111111111111111100000000000000000000001111111011100000000000000000011000000001000000000011111111111111111111111111111111
111111111111111111000000000000000000011111111100000000000000000000000000000001100000000011111111111111111111111111111111
111111111111111111111000000000000011111111111110000000000000000000000000000011110000011111111111111111111111111111111111
111111111111111111111111111111111111111111111100000000000000000000000000000011110000111111111111111111111111111111111111
