000000000000000000000000000000000000000000000000000000000000000000000000000000000000000000000000000000000000000000000000
000000000000000000000000000000000000000000000000000000000000000000000000000000000000000000000000000000000000000000000000
000000000000000000000000000000000000000000000000000000000000000000000000000000000000000000000000000000000000000000000000
000000000000000000000000000000000000000000000000000000000000000000000000000000000000000000000000000000000000000000000000
000000000000000000000000000000000000000000000000000000000000000000000000000000000000000000000000000000000000000000000000
000000000000000000000000000000000000000000000000000000000000000000000000000000000000000000000000000000000000000000000000
000000000000000000000000000000000000000000000000000000000000000000000000000000000000000000000000000000000000000000000000
000000000000000000000000000000000000000000000000000000000000000000111110000011111111000000000000000000000000000000000000
000000000000000000000000000000000000000000000000000000000000000011111000011111111110000000000000000000000000000000000000
000000000000000000000000000000000000000000000000000000000000000011100001111111000000000000000000000000000000000000000000
000000000000000000000000000000000000000000000000000000000000000011100111110000000000000000000000000000000000000000000000
000000000000000000000000000000000000000000000000000000000000000011101111000000000000000000000000000000000000000000000000
000000000000000000000000000000000000000000000000000000000000011111111111000000000000000000000000000000000000000000000000
000000000000000000000000000000000000000000000000000000000001111111111111110000000000000000000000000000000000000000000000
000000000000000000000000000000000000000000000000000000000011111111111111111000000000000000000000000000000000000000000000
000000000000000000000000000000000000000000000000000000000011111111111111111000000000000000000000000000000000000000000000
000000000000000000000000000000000000000000000000000000000111111111111111111000000000000000000000000000000000000000000000
000000000000000000000000000000000000000000000000000000000111111111111111111111000000000000000000000000000000000000000000
000000000000000000000000000000000000000000000000000000000111111111111111111111110000000000000000000000000000000000000000
000000000000000000000000000000000000000000000000000000000111111111111111111111111100000000000000000000000000000000000000
000000000000000000000000000000000000000000000000000000000111111111111111111111111100000000000000000000000000000000000000
000000000000000000000000000000000000000000000000000000000111111111111111111111110000000000000000000000000000000000000000
000000000000000000000000000000000000000000000000000000011111111111111111111100000000000000000000000000000000000000000000
000000000000000000000000000000000000000000000000000011111111111111111111100000000000000000000000000000000000000000000000
000000000000000000000000000000000000000000000000011111111111111111111111100000000000000000000000000000000000000000000000
000000000000000000000000000000000000000000000000011111111111111111111111100000000000000000000000000000000000000000000000
000000000000000000000000000000000000000000000000111111111111111111111111000000000000000000000000000000000000000000000000
000000000000000000000000000000000000000000000001111111111111111111111110000000000000000000000000000000000000000000000000
000000000000000000000000000000000000000000000011111110111111111111111100000000000000000000000000000000000000000000000000
000000000000000000000000000000000000000000000111111100011111111111111111000000000000000000000000000000000000000000000000
000000000000000000000000000000000000000000000111110000011111111111111111100000000000000000000000000000000000000000000000
000000000000000000000000000000000000000000000111110000011111111111111111110000000000000000000000000000000000000000000000
000000000000000000000000000000000000000000000111110000011111111111111111111100000000000000000000000000000000000000000000
000000000000000000000000000000000000000000000011111000011111111111111111111110000000000000000000000000000000000000000000
000000000000000000000000000000000000000000000000000000011111111111111111111110000000000000000000000000000000000000000000
000000000000000000000000000000000000000000000000000000011111111111111111111100000000000000000000000000000000000000000000
000000000000000000000000000000000000000000000000000000011111111111111111111110000000000000000000000000000000000000000000
000000000000000000000000000000000000000000000000000000011111111111101111111110000000000000000000000000000000000000000000
000000000000000000000000000000000000000000000000000000011111111111000111111110000000000000000000000000000000000000000000
000000000000000000000000000000000000000000000000000000000111111111000111111110000000000000000000000000000000000000000000
