111111111111111111111111000000000000000000000000000000000000000000000000000000000000011000000011111111111111111111111111
111111111111111111111111100000000000000000000000000000000000000000000000000000000001111110001111111111111111111111111111
111111111111111111111111111000000000000000000000000000000000000000000000000000000111001110011111111111111111111111111111
111111111111111111111111111111110000000000000000000000000000000000000000000000011100000111111111111111111111111111111111
111111111111111111111111111111111000000000000000000000000000000000000000000001110000001111111111111111111111111111111111
111111111111111111111111111111111000000000000000000000000000000000000000000011100000111111111111111111111111111111111111
111111111111111111111111111111111111000000000000000000000000000000000000001110000001111111111111111111111111111111111111
111111111111111111111111111111111111111111111000000000000000000000000000011100111111111111111111111111111111111111111111
111111111111111111111111111111111111111111111111000000000000000000000001111111011111111111111111111111111111111111111111
111111111111111111111111111111111111111111110000000000000000000000000011110011111111111111111111111111111111111111111111
111111111111111111111111111111111110000000000000000000000000000000000010000111111111111111111111111111111111111111111111
111111111111111111111111111111111111000000000000000000000000000000000000011111111111111111111111111111111111111111111111
111111111111111111111111111111111100100000000000000000000000000000000000111101111111111111111111111111111111111111111111
111111111111111111111111111111111110000000000000000000000000000000000000000000011111111111111111111111111111111111111111
111111111111111111111111111111111110000000000000000000000000000000000000000000000000001011111111111111111111111111111111
111111111111111111111111111111111100000000000000000000000000000000000000000000000000000001111111111111111111111111111111
111111111111111111111111111011010000000000000000000000000000000000000000000000000000000001111111111111111111111111111111
111111111111111111111111110110000000000000000000000000000000000000000000000000000000000000101111111111111111111111111111
111111111111111111111111110000000000000000000000000000000000000000000000000000000000000000000001101111111111111111111111
111111111111111111111111110000000000000000000000000000000000000000000000000000000000000000000000000111111111111111111111
111111111111111111111111111110000000000000000000000000000000000000000000000000000000000000000000000111111111111111111111
111111111111111111111111111110000000000000000000000000000000000000000000000000000000000000000000011111111111111111111111
111111111111111111111111100000000000000000000000000000000000000000000000000000000000000000000000111111111111111111111111
111111111111111111111111000000000000000000000000000000000000000000000000000000000000000000000000000111111111111111111111
111111111111111111110000000000000000000000000000000000000000000000000000000000000000000000000000000011111111111111111111
111111111111111111111000000000000000000000000000000000000000000000000000000000000000000000000000000000111111111111111111
111111111111111111110000000000000000000000000000000000000000000000000000000000000000000000000000000000001111111111111111
111111100111111111100000000000000000000000000000000000000000000000000000000000000000000000000000000000000111111111111111
111111100000000000000000000000000000000000000000000000000000000000000000000000000000000000000000000000000000111111111111
111111100000000000000000000000000000000000000000000000000000000000000000000000000000000000000000000000000000111111111111
111111100000000000000000000000000000000000000000000000000000000000000000000000000000000000000000000000000111111111111111
111111111100000000000000000000000000000000000000000000000000000000000000000000000000000000000000000001111111111111111111
111111111111100000000000000000000000000000000000000000000000000000000000000000000000000000000000001111111111111111111111
111111111111111000000000000000000000000000000000000000000000000000000000000000000000000000000000111011111111111111111111
111111111111111110000000000000000000000000000000000000000000000000000000000000000000000000000000011111111111111111111111
111111111111111101111000000000000000000000000000000000000000000000000000000000000000000000000000000111111111111111111111
111111111111111111111110000000000000000000000000000000000000000000000000000000000000000000000000000111111111111111111111
111111111111111111111111100000000000000000000000000000000000000000000000000000000000000000000000011111111111111111111111
111111111111111111111111111000000000000000000000000000000000000000000000000000000000000000000001111111111111111111111111
111111111111111111111111111111000000000000000000000000000000000000000000000000000000000000001111111111111111111111111111
