111111111111111111111111111111100000000000000000000000000000000000000000111111111111111111111111111111111111111111111111
111111111111111111111111110000000000000000000000000000000000000000000000111111111111111111111111111111111111111111111111
111111111111111111111111000011000000000000000000000000000000000000000000011111111111111111111111111111111111111111111111
111111111111111111111111111010000000000000000000000000000000000000000000000111111111111111111111111111111111111111111111
111111111111111111111111111100000000000000000000000000000000000000000000000111111111111111111111111111111111111111111111
111111111111111111111111111100000000000000000000000000000000000000000000000011111111111111111111111111111111111111111111
111111111111111111111111111110000000000000110000000000000000000000000000000111111111111111111111111111111111111111111111
111111111111111111111111111110000000000011110000000000000000000000000000000111111111111111111111111111111111111111111111
111111111111111111111111111110000000000001111000000000000000000000000000001111111111111111111111111111111111111111111111
111111111111111111111111111100000000000000111100000000000000000000000000011111111111111111111111111111111111111111111111
111111111111111111111111111100000000000001111111000000000000000000000001111111111111111111111111111111111111111111111111
111111111111111111111111111111000000000001111111110000000000000000000111111111111111111111111111111111111111111111111111
111111111111111111111111111110000000000000111111111111110000000001111111111111100000000111111111111111111111111111111111
111111111111111111111111111110000000000000111111111111111100000011111111111110000000000000000011111111111111111111111111
111111111111111111111111111110000000000000011111111111111110000011111111110000000000000000000000011111111111111111111111
111111111111111111111111111110000000000000011111111111111111011111111111100000000000000000000000000111111111111111111111
111111111111111111111111111100000000000000001111111111111111111111111111000000000000000000000000000001111111110011111111
111111111111111111111111111100110000000000001111111111111111111111001111110000000000000000000000000000000000000001111111
111111111111111111111111111100000000000000001111111111111111111110000000000000000000000000000000000000000000000000000000
111111111111111111111111111100000100000000000111111111111111111000000000000000000000000000000000000000000000000000000000
111111111111111111111111111100101110000000000000111111111111110000000000000000000000000000000000000000000000000000000000
111111111111111111111111111100001111000000000000001111111110000000000000000000000000000000000000000000000000000000000000
111111111111111111111111111000000111110000000000000011111000000000000000000000000000000000000000000000000000000000000000
111111111111111111111111110011100111111000000000000000111100000000000000000000000000000000000000000000000000000000111111
111111111111111111111111110011101111111110000000000000001110000000000000000000000000000000000000000000000000000111111111
111111111111111111111111110000001111111111100000000000000011000000000000000000000000000000000000000000000000000000000000
111111111111111111111111111000011111111111111000000000000000000000000000000000000000000000000000000000000000000000000000
111111111111111111111111111000011111111111111110000000000000000000000000000000000000000000000000000000000000000000000000
111111111111111111111111110000011111111111111111100000000000000000000000000000000000000000000000000000000000000000000000
111111111111111111111111110000001111111111111111111000000000000000000000000000000000000000000000000000000000000000000000
111111111111111111111111100111001111111111111111111110000000000000000000000000000000000000000000000000000000000000000000
111111111111111111111111100010001111111111111111111111100000000000000000000000000000000000000000000000000000000000000000
111111111111111111111111110000011111111111111111111111100000000000000000000000000000000000000000000000000000000000000000
111111111111111111111111110010011111111111111111111111000000000000000000000000000000000000000000000000000000000000000000
111111111111111111111111110010011111111111111111111000000000000000000000000000000000000000000000000000000000000000000000
111111111111111111111111110000011111111111111111110000000000000000000000000000000000000000000000000000000000000000000000
111111111111111111111111100010001111111111111111000000000000000000000000000000000000000000000000001000000000000000001111
111111111111111111111111100111001111111111111110000000000000000000000000000000000000000000000000011000000000000011111111
111111111111111111111111100110011111111111111110000000000000000000000000000000000000000000000001111100001011111111111111
111111111111111111111111110000011111111111111100000000000000000000000000000000000000000000000011111111111111111111111111
