000000000000001111111111111111111111111111111111111111111111111111111111111111111111111111111111111111111111111111111111
000000000000111111111111111111111111111111111111111111111111111111111111111111111111111111111111111111111111111111111111
000000000111111111111111111111111111111111111111111111111111111111111111111111111111111111111111111111111111111111111111
000000111111111111111111111111111111111111111111111111111111111111111111111111111111111111111111111111111111111111111111
000001111111111111111111111111111111111111111111111111111111111111111111111111111111111111111111111111111111111111111111
000001111111111111111111111111111111111111111111111111111111111111111111111111111111111111111111111111111111111111111111
000000111111111111111111111111111111111111111111111111111111111111111111111111111111111111111111111111111111111111111111
000000111111111111111111111111111111111111111111111111111111111111111111111111111111111111111111111111111111111111111111
000000011111111111111111111111111111111111111111111111111111111111111111111111111111111111111111111111111111111111111111
000000011111111111111111111111111111111111111111111111111111111111111111111111111111111111111111111111111111111111111111
000000011111111111111111111111111111111111111111111111111111111111111111111111111111111111111111111111111111111111111111
100000111111111111111111111111111111111111111111111111111111111111111111111111111111111111111111111111111111111111111111
100000111111111111111111111111111111111111111111111111111111111111111111111111111111111111111111111111111111111111111111
000000111111111111111111111111111111111111111111111111111111111111111111111111111111111111111111111111111111111111111111
000001111111111111111111111111111111111111111111111111111111111111111111111111111111111111111111111111111111111111111111
000001111111111111111111111111111111111111111111111111111111111111111111111111111111111111111111111111111111111111111111
000001111111111111111111111111111111111111111111111111111111111111111111111111111111111111111111111111111111111111111111
000000111111111111111111111111111111111111111111111111111111111111111111111111111111111111111111111111111111111111111111
000000011111111111111111111111111111111111111111111111111111111111111111111111111111111111111111111111111111111111111111
000000011111111111111111111111111111111111111111111111111111111110000000001111111111111111111111111111111111111111111111
000000001111111111111111111111111111111111111111111111111111111000000000000001111111111111111111111111111111111111111111
000000000111111111111111111111111111111111111111111111111111100000000000000000001111111111111111111111111111111111111111
000000000111111111111111111111111111111111111111111111111111000000000000000000000111111111111111111111111111111111111111
000000000001111111111111111111111111111111111111111111111110000000000000000000000011111111111111111111111111111111111111
000000000000001111111111111111111111111111110000000011111110000000000000000000000011111111111111111111111111111111111111
000000000000000000000000000000000000000000000000000000111100000000000000000000000011111111111111111111111111111111111111
000000000000000000000000000000000000000000000000000000000000000000000000000000000011111111111111111111111111111111111111
000000000000000000000000000000000000000000000000000000000000000000000000000000001111111111111111111111111111111111111111
000000000000000000000000000000000000000000000000000000000000000000000000000000011111111111111111111111111111111111111111
000000000000000000000000000000000000000000000000000000000000000000000000000001111111111111111111111111111111111111111111
000000000000000000000000000000000000000000000000000000000111000000000000011111111111111111111111111111111111111111111111
000000000000000000000000000000000000000000000000000000000111111111111111111111111111111111111111111111111111111111111111
000000000000000000000000000000000000000000000000000000000011111111111111111111111111111111111111111111111111111111111111
000000000000000000000000000000000000000000000000000000000011111111111111111111111111111111111111111111111111111111111111
000000000000000000000000000000000000000000000000000000000011111111111111111111111111111111111111111111111111111111111111
000000000000000000000000000000000000000000000000000000000001111111111111111111111111111111111111111111111111111111111111
000000000000000000000000000000000000000000000000000000000001111111111111111111111111111111111111111111111111111111111111
000000000000000000000000000000000000000000000000000000000001111111111111111111111111111111111111111111111111111111111111
000000000000000000000000000000000000000000000000000000000000111111111111111111111111111111111111111111111111111111111111
000000000000000000000000000000000000000000000000000000000000111111111111111111111111111111111111111111111111111111111111
