000000000000000000000000000000000000000000000000111000000000000000000000000000000000000000000000000000000000000000000000
000000000000000000000000000000000000000111100011100000000000000000000000000000000000000000000000000000000000000000000000
000000000000000000000000000000000000000011100111000000000000000001000000000000000000000000000000000000000000000000000000
000000000000000000000000000000000000000011111110111100000000000001100000000000000000011000000000000000000000000000000000
000000000000000000000000000000000000001111111111000000000000000001100000000000000000001000000000000000000000000000000000
000000000000000000000000000000000111111111111111110000000000000001100000000000000000011111110000000000000000000000000000
000000000000000000000000000000000111111111111111111110000000000000110000000000000111111111110000000000000000000000000000
000000000000000000000000000000000001111111111111111110000000000000111000000000000011111110000000000000000000000000000000
000000000000000000000000000000000000111111111111100000000000000000011100011111111111111100000000000000000000000000000000
000000000000000000000000000000001111111111111111110000000000000000001111111111111111111100000000000000000000000000000000
000000000000000000000000000000011111111111111111111100000000000000001111111111111111111110000000000000000000000000000000
000000000000000000000000000000111111111111111111111111000000000000111111111111111111111111000000000000000000000000000000
000000000000000000000000000001111111111111111111111111100000000000111111111111111111111111100000000000000000000000000000
000000000000000000000000000001111111111111111111111111100000000001111111111111111111111111100000000000000000000000000000
000000000000000000000000000011111111111111111111111111000000000000111111111111111111111111110000000000000000000000000000
000000000000000000000000000011111111111111111111111100000000000000001111111111111111111111110000000000000000000000000000
000000000000000000000000000011111111111111111111111100000000000000001111111111111111111111110000000000000000000000000000
000000000000000000000000000011111111111111111111001100000000000000001100111111111111111111110000000000000000000000000000
000000000000000000000000000111111111111111111111001100000000000000001100111111111111111111111000000000000000000000000000
000000000000000000000000000111111111111111111111001100000000000000001100111111111111111111111000000000000000000000000000
000000000000000000000000000111111111111111111111001100000011110000001100111111111111111111111100000000000000000000000000
000000000000000000000000001111111111111111111111101100000111111000001101111111111111111111111100000000000000000000000000
000000000000000000000000011111111111111111111111111100000111111000001111111111111111111111111110000000000000000000000000
000000000000000000000000011111111111111111111111111000001111111100001111111111111111111111111111000000000000000000000000
000000000000000000000000111111111111111111111111111011111111111111111111111111111111111111111111100000000000000000000000
000000000000000000000001111111111111111111111111111111111111111111111111111111111111111111111111100000000000000000000000
000000000000000000000001111111111111111111111111111110001111111100111111111111111111111111111111110000000000000000000000
000000000000000000000011111111111111111111111111111001111110011111100111111111111111111111111111111000000000000000000000
000000000000000000000011111111111111111111111111111111111110011111111111111111111111111111111111111000000000000000000000
000000000000000000000111111111111111111111111111111111111000000111111111111111111111111111111111111100000000000000000000
000000000000000000000111111111111111111111111111111110000000000000111111111111111111111111111111111100000000000000000000
000000000000000000000111111111111111111111111111110000000000000000000011111111111111111111111111101100000000000000000000
000000000000000000000111111111111111111111111110000000000000000000000000011111111111111111111111100100000000000000000000
000000000000000000000011111111111111111111111000000000000000000000000000001111111111111111111111110100000000000000000000
000000000000000000000010011111111111111111111000000000000000000000000000000111111111111111111111111111100000000000000000
000000000000000000000000111111111111111111111000000000000000000000000000000111111111111111111111111111111100000000000000
000000000000000000000001111111111111111111111100000000000000000000000000000111111111111111111111111111111111000000000000
000000000000000000000011111111111111111111111100000000000000000000000000000111111111111111111111111111111111100000000000
000000000000000000000111111111111111111111111110000000000000000000000000001111111111111111111111111111111111110000000000
000000000000000000000111111111111111111111111111000000000000000000000000001111111111111111111111111111111111111000000000
