111111111111111111111111000000000000000000000000000000000000000000000000000000000000000000000011111111111111111111111111
111111111111111111111111100000000000000000000000000000000000000000000000000000000001111000001111111111111111111111111111
111111111111111111111111110000000000000000000000000000000000000000000000000000000111111100011111111111111111111111111111
111111111111111111111111111111000000000000000000000000000000000000000000000000011100011100111111111111111111111111111111
111111111111111111111111111111111000000000000000000000000000000000000000000001110000001111111111111111111111111111111111
111111111111111111111111111111111100000000000000000000000000000000000000000011100000111111111111111111111111111111111111
111111111111111111111111111111111100000000000000000000000000000000000000001110000001111111111111111111111111111111111111
111111111111111111111111111111111111111111100000000000000000000000000000011100011111111111111111111111111111111111111111
111111111111111111111111111111111111111111111111000000000000000000000001111111111111111111111111111111111111111111111111
111111111111111111111111111111111111111111111110000000000000000000000011111000111111111111111111111111111111111111111111
111111111111111111111111111111111111000000000000000000000000000000000111001111111111111111111111111111111111111111111111
111111111111111111111111111111111111100000000000000000000000000000000000011111111111111111111111111111111111111111111111
111111111111111111111111111111111110110000000000000000000000000000000000111111111111111111111111111111111111111111111111
111111111111111111111111111111111110000000000000000000000000000000000000100000111111111111111111111111111111111111111111
111111111111111111111111111111111111000000000000000000000000000000000000000000000100011111111111111111111111111111111111
111111111111111111111111111111111110000000000000000000000000000000000000000000000000000011111111111111111111111111111111
111111111111111111111111111101101000000000000000000000000000000000000000000000000000000011111111111111111111111111111111
111111111111111111111111111011000000000000000000000000000000000000000000000000000000000001011111111111111111111111111111
111111111111111111111111111000000000000000000000000000000000000000000000000000000000000000000011111111111111111111111111
111111111111111111111111111000000000000000000000000000000000000000000000000000000000000000000000011111111111111111111111
111111111111111111111111111111000000000000000000000000000000000000000000000000000000000000000000011111111111111111111111
111111111111111111111111111111000000000000000000000000000000000000000000000000000000000000000000111111111111111111111111
111111111111111111111111110000000000000000000000000000000000000000000000000000000000000000000011111111111111111111111111
111111111111111111111111100000000000000000000000000000000000000000000000000000000000000000000000001111111111111111111111
111111111111111111111100000000000000000000000000000000000000000000000000000000000000000000000000000111111111111111111111
111111111111111111111100000000000000000000000000000000000000000000000000000000000000000000000000000001111111111111111111
111111111111111111111000000000000000000000000000000000000000000000000000000000000000000000000000000000011111111111111111
111111110000011111110000000000000000000000000000000000000000000000000000000000000000000000000000000000001111111111111111
111111111000000000000000000000000000000000000000000000000000000000000000000000000000000000000000000000000001111111111111
111111111000000000000000000000000000000000000000000000000000000000000000000000000000000000000000000000000111111111111111
111111111100000000000000000000000000000000000000000000000000000000000000000000000000000000000000000000111111111111111111
111111111111100000000000000000000000000000000000000000000000000000000000000000000000000000000000001111111111111111111111
111111111111111000000000000000000000000000000000000000000000000000000000000000000000000000000000110111111111111111111111
111111111111111111000000000000000000000000000000000000000000000000000000000000000000000000000001111111111111111111111111
111111111111111111110000000000000000000000000000000000000000000000000000000000000000000000000000011111111111111111111111
111111111111111111111111000000000000000000000000000000000000000000000000000000000000000000000000001111111111111111111111
111111111111111111111111100000000000000000000000000000000000000000000000000000000000000000000000111111111111111111111111
111111111111111111111111111000000000000000000000000000000000000000000000000000000000000000000001111111111111111111111111
111111111111111111111111111111000000000000000000000000000000000000000000000000000000000000001111111111111111111111111111
111111111111111111111111111111110000000000000000000000000000000000000000000000000000000001111111111111111111111111111111
