111111111111111111111111111111111111111111111111111111111111111111111111111111111111111111111111111111111111111111111111
111111111111111111111111111111111111111111111111111111111111111111111111111111111111111111111111111111111111111111111111
111111111111111111111111111111111111111111111111111111111111111111111111111111111111111111111111110011111111111111111111
111111111111111111111111111111111111111111111111111111111111111111111111111111111111111111111110001111111111111111111111
111111111111111111111111111111111111111111111111111111111111111111111111111111111111111111110000111111111111111111111111
111111111111111111111111111111111111111111111111111111111111111111111111111111111111111111000000111111111111111111111111
111111111111111111111111111111000011111111111111111111111111111111111111111111111111111000000001111111111111111111111111
111111111111111111111111100000000000000011111111111111111111111111111111111111111111100000000000111111111111111111111111
111111111111111111111110000000000000000000111111111111111111111111111111111111111000000000000111111111111111111111111111
111111111111111111111100000000000000000000001111111111111111111111111110001111000000000111111111111111111111111111111111
111111111111111111111000000000000000000000000111111111111111111000000000001000000000011111111111111111111111111111111111
111111111111111111110000000000000000000000000000000001111110000000000000000000000001111111111111111111111111111111111111
111111111111111111100000000000000000000000000000000000011100000000000000000000000100000000011111111111111111111111111111
111111111111111111100000000000000000000000000000000000000100000000000000000000000000000000011111111111111111111111111111
111111111111111111110000000000000000000000000000000000000010000000000000000000000000000000011111111111111111111111111111
111111111111111111111000000000000000000000000000000000000000000000000000000000000000000000011111111111111111111111111111
111111111111111111111100000000000000000000000000000000000000000000000000000000000000000000111111111111111111111111111111
111111111111111111111111100000000000000000000000000000000000000000000000000000000000000001111111111111111111111111111111
111111111111111111111111111111111110000000000000000000010000000000000000000000000000000111111111111111111111111111111111
111111111111111111111111111111111000000000100000000011111000000000000000000000000001111111111111111111111111111111111111
111111111111111111111111111111110000000001111111111111111000000000000000000000000001111111111111111111111111111111111111
111111111111111111111111111111001100000000111111111111110000000000000000000000000011111111111111111111111111111111111111
111111111111111111111111111111111100000000111111111111110000000000000000000000000011111111111111111111111111111111111111
111111111111111111111111111111111110000000111111111111100000000000000000000000000011111111111111111111111111111111111111
111111111111111111111111111111111110000000111111111000000000000000000000000000000011111111111111111111111111111111111111
111111111111111111111111111111111111000000010000000000000000000000000000000000000011111111111111111111111111111111111111
111111111111111111111111111111111111000000000000000000000000000000000000000000000011111111111111111111111111111111111111
111111111111111111111111111111111111000000000000000000000000000000000000000000000001111111111111111111111111111111111111
111111111111111111111111111111111111100000001111100000000000000000000000000000000001111111111111111111111111111111111111
111111111111111111111111111111111111110111111111100000000000000000000000000000000001111111111111111111111111111111111111
111111111111111111111111111111111111110011111111100000000000000000000000000000000001111111111111111111111111111111111111
111111111111111111111111111111111111101101111111100000000000000000000101100000000000011111111111111111111111111111111111
111111111111111111111111111111111111101011111111100000000000000000001111111000000000000111111111111111111111111111111111
111111111111111111111111111111111111110111111111100000000000000000001111111100000000000011111111111111111111111111111111
111111111111111111111111111111111111110011111111110000000000000000001111111110000000000001111111111111111111111111111111
111111111111111111111111111111111111101101111111110000000000000000001111111111000000000001111111111111111111111111111111
111111111111111111111111111111111111100001111111110000000000000000001111111111000000000111111111111111111111111111111111
111111111111111111111111111111111111111011111111110000000000000000001111111100000000000111111111111111111111111111111111
111111111111111111111111111111111111110001111111100000000000000000000111110000000000000111111111111111111111111111111111
111111111111111111111111111111111111110110111110000000000000000000000000100000000000000011111111111111111111111111111111
