000000000000000000000000000000000000000000000000000000000000000000000000000000000000000000000000000000000000000000000000
000000000000000000000000000000000000000000000000000000000000000000000000000000000000000000000000000000000000000000000000
000000000000000000000000000000000000000000000000000000000000000000000000000000001000000000000000000000000000000000000000
000000000000000000000000000000000000000000000000000000000000000000000000000000000000000000000000000000000000000000000000
000000000000000000000000000000000000000000000000000000000000000000000000000000000000000000000000000000000000000000000000
000000000000000000000000000000000000000000000000000000000000000000000000000000000000000000000000000000000000000000000000
000000000000000000000000000000000000000000000000000000000000011111111111111111111110000000000000000000000000000000000000
000000000000010000000000000000000000000000000000000000000111111111111111111111111111111100000000000000000000000000000000
000000000000000000000000000000000000000000000000000011111111111111111111111111111111111111100000000000000000000000000000
000000000000000000000000000000000000000000000000001111111111111111111111111111111111111111111000000000000000000000000000
000000000000000000000000000000000000000000000000011111111111111111111111111111111111111111111110000000000000000000000000
000000000000000000000000000000000000000000000001111111111111111111111111111111111111111111111111100000000000000000000000
000000000000000000000000000000000000000000000011111111111111111111111111111111111111111111111111110000000000000000000000
000000000000000000000000000000000000000000001111111111111111111111111111111111111111111111111111111100000000000000000000
000000000000000000000000000000000000000000001111111111111111111111111111111111111111111111111111111100000000000000000000
000000000000000000000000000000000000000000000011111111111111111111111111111111111111111111111111111110000000000000000000
000000000000000000000000000000000000000000000000111111111111111111111111111111111111111111111111111110000000000000000000
000000000000000000000000000000000000000000000000111111111111111111111111111111111111111111111111111110000000000000000000
000000000000000000000000000000000000000000000000011111111111111111111111111111111111111111111111111100000000000000000000
000000000000000000000000000000000000000000000000011111111111111111111111111111111111111111111111110000000000000000000000
000000000000000000000000000000000000000000000000001111111111111000000111111111111111111111111111000000000000000000000000
000000000000000000000000000000000000000000000000001111111111111000001100000000111111111111100000000000000000000000000000
000000000000000000000000000000000000000000000000001111111111111000011000000000000000000000000000000000000000000000000000
000000000000000000000000000000000000000000000000000111111111111111110000000000000000000000000000000000000000000000000000
000000000000000000000000000000000000000000000000000011111111111111110000000000000000000000000000000000000000000000000000
000000000000000000000000000000000000000000000000000111111111111111100000000000000000000000000000000000000000000000000000
000000000000000000000000000000000000000000000000001111111111111111000011000000000000000000000000000000000000000000000000
000000000000000000000000000000000000000000000000111111111111111101111110000000000000000000000000000000000000000000000000
000000000000000000000000000000000000000000000011111111111111111100000000000000000000000000000000000000000000000000000000
000000000000000000000000000000000000000000001111111111111111111110000000000000000000000000000000000000000000000000000000
000000000000000000000000000000000000000001111111111111111111111110000000000000000000000000000000000000000000000000000000
000000000000000000000000000000000000011111111111111111111111111110000000000000000000000000000000000000000000000000000000
000000000000000000000010000000000011111111111111111111111111111111000000000000000000000000000000000000000000000000000000
000000000000000000000000000000011111111111111111111111111111111111000000000000000000000000000000000000000000000000000000
000000000000000000000000000001111111111111111111111111111111111111000000000000000000000000000000000000000000000000000000
000000000000000000000000000011111111111111111111111111111111111111100000000000000000000000000000000000000000000000011000
000000000000000000000000000111111111111111111111111111111111111111100000000000000000000000000000000000000000000000010000
000000000000000000000000000011111111111111111111111111111111111111100000000000000000000000000000000000000000000000000000
000000000000000000000000000000001111111111111111111111111111111111110000000000000000000000000000000000000000000000000000
000000000000000000000000000000000111111111111111111111111111111111110000000000000000000000000000000000000000000000000000
