000000000000001111111110000000000000000000000000000000111111111111111100000000000000000000000000000000000000000000000000
000000000000001111111110000000000000000000000000000001111001111111111110000000000000000000000000000000000000000000000000
000000000000001111111110000000000000000000000000000001111101111111111100000000000000000000000000000000000000000000000000
000000000000000111111111000000000000000000000000000000011111111111111110000000000000000000000000000000000000000000000000
000000000000000011111111000000000000000000000000000000000111111111111111000000000000000000000000000000000000000000000000
000000000000000011111111100000000000000000000000000000000011111111111111100000000000000000000000000000000000000000000000
000000000000000000111111110000000000000000000000000000000111111111111111110000000000000000000000000000000000000000000000
000000000000000000011111110000000000000000000000000000001111111111111111111100000000000000000000000000000000000000000000
000000000000000000011111110000000000000000000000000000111111111111111111111110000000000000000000000000000000000000000000
000000000000000000011111110000000000000000000000000001111111111111111111111110000000000000000000000000000000000000000000
000000000000000000011111000000000000000000000000000011111111111111111111111111000000000000000000000000000000000000000000
000000000000000000011111000000000000000000000000000111111111111111111111111111100000000000000000000000000000000000000000
000000000000000000011111000000000000000000000000011111111111111111111111111111100000000000000000000000000000000000000000
000000000000000000001111000000000000000000000011111111111111111111111111111111110000000000000000000000000000000000000000
000000000000000000001111000000000000000000111111111111111111111111111111111111111000000000000000000000000000000000000000
000000000000000000000011100000000000000001111111111111111111111111111111111111110000000000000000000000000000000000000000
000000000000000000000000111100000000000000000001111111111111111111111111111110000000000000000000000000000000000000000011
000000000000000000000000000000000000000000001111111111111111111111111111111110000000000000000000000000000000001111111111
000000000000000000000000000000000000011111111111111111111111111111111111111111000000000000000000000000011111111111111111
000000000000000000000000000000000011111111111111111111111111111111111111111111000000000000000001111111111111111111111111
000000000000000000000000000000000000000000011111111111111111111111111111111111000000000111111111111111111111111111111111
000000000000000000000000000000000000000000000000000000000001111111111111111111111111111111111111111111111111111111111111
000000000000000000000000000000000000000000000000000000000001111111111111111111111111111111111111111111111111111111111111
000000000000000000000000000000000000000000000000000001111111111111111111111111111111111111111111111111111111111111111111
000000000000000000000000000000000011111111111111111111111111111111111111111111111111111111111111111111111111111111111111
000001111111111111111111111111111111111111111111111111111111111111111111111111111111111111111111111111111111111111111111
111111111111111111111111111111111111111111111111111111111111111111111111111111111111111111111111111111111111111111111111
111111111111111111111111111111111111111111111111111111111111111111111111111111111111111111111111111111111111111111111111
111111111111111111111111111111111111111111111111111111111111111111111111111111111111111111111111111111111111111111111111
111111111111111111111111111111111111111111111111111111111111111111111111111111111111111111111111111111111111111111111111
111111111111111111111111111111111111111111111111111111111111111111111111111111111111111111111111111111111111111111111111
111111111111111111111111111111111111111111111111111111111111111111111111111111111111111111111111111111111111111111111111
111111111111111111111111111111111111111111111111111111111111111111111111111111111111111111111111111111111111111111111111
111111111111111111111111111111111111111111111111111111111111111111111111111111111111111111111111111111111111111111111111
111111111111111111111111111111111111111111111111111111111111111111111111111111111111111111111111111111111111111111111100
111111111111111111111111111111111111111111111111111111111111111111111111111111111111111111111111111111111111111111110000
111111111111111111111111111111111111111111111111111111111111111111111111111111111111111111111111111111111111111111000000
111111111111111111111111111111111111111111111111111111111111111111111111111111111111111111111111111111111111111100000000
111111111111111111111111111111111111111111111111111111111111111111111111111111111111111111111111111111111111110000000000
111111111111111111111111111111111111111111111111111111111111111111111111111111111111111111111111111111111111000000000000
