000000000000001111111111111111111111111111111111111111111111000000000000000000000000000000000000000000000000000000000000
000000000000011111111111111111111111111111111111111111111111000000000000000000000000000000000000000000000000000000000000
000000000001111111111111111111111111111111111111111111111111000000000000000000000000000000000000000000000000000000000000
000000000001111111111111111111111111111111111111111111111111000000000000000000000000000000000000000000000000000000000000
000000000001111111111111111111111111111111111111111111111111000000000000000000000000000000000000000000000000000000000000
000000000001111111111111111111111111111111111111111111111111000000000000000000000000000000000000000000000000000000000000
000000000011111111111111111111111111111111111111111111111111000000000000000000000000000000000000000000000000000000000000
000000000011111111111111111111111111111111111111111111111111000000000000000000000000000000000000000000000000000000000000
000000000111111111111111111111111111111111111111111111111111000000000000000000000000000000000000000000000000000000000000
000000000111111111111111111111111111111111111111111111111111000000000000000000000000000000000000000000000000000000000000
000000000000000111111111111111111111111111111111111111111111000000000000000000000000000000000000000000000000000000000000
000000000000000000000001111111111111111111111111111111111111000000000000000000000000000000000000000000000000000000000000
000000000111110000000000001111111111111111111111111111111111000000000000000000000000000000000000000000000000000000000000
000000000000011111111110000000111111111111111111111111111111000000000000000000000000000000000000000000000000000000000000
000000000000000001111111110000011111111111111111111111111111000000000000000000000000000000000000000000000000000000000000
000000000000000000011111111111011111111111111111111111111111000000000000000000000000000000000000000000000000000000000000
000000000000000000001111111111111111111111111111111111111111000000000000000000000000000000000000000000000000000000000000
000000000000000000001111111111111111111111111111111111111111000000000000000000000000000000000000000000000000000000000000
000000000000100011111111111111111111111111111111111111111111000000000000000000000000000000000000000000000000000000000000
000000000111111111111111111111111111111111111111111111111111000000000000000000000000000000000000000000000000000000000000
000000111111111111111111111111111111111111111111111111111111000000000000000000000000000000000000000000000000000000000000
111111111111111111111111111111111111111111111111111111111111000000000000000000000000000000000000000000000000000000000000
111111111111111111111111111111111111111111111111111111111111000000000000000000000000000000000000000000000000000001110000
111111111111111111111111111111111111111111111111111111111111000000000000000000000000000000000000000000000000111111111100
111111111111111111111111111111111111111111111111111111111111000000000000000000000000000000000000000000000001111111111000
111111111111111111111111111111111111111111111111111111111111000000000000000000000000000000000000000000000001111111111100
111111111111111111111111111111111111111111111111111111111111000000000000000000000000000000000000000000000000111111111000
111111111111111111111111111111111111111111111111111111111111000000000000000000000000000000000000000000000001111111111000
111111111111111111111111111111111111111111111111111111111111000000000000000000000000000000000000000000011111111111111000
111111111111111111111111111111111111111111111111111111111111000000000000000000000000000000000000000001111111111111111100
111111111111111111111111111111111111111111111111111111111111000000000000000000000000000000000000000111111111111111111100
111111111111111111111111111111111111111111111111111111111111000000000000000000000000000000000000111111111111111111111110
111111111111111111111111111111111111111111111111111111111111000000000000000000000000000000000000111111111111111111111111
111111111111111111111111111111111111111111111111111111111111000000000000000000000000000000000000011111100001111111111111
111111111111111111111111111111111111111111111111111111111111000000000000000000000000000000000000000000000001011111111111
111111111111111111111111111111111111111111111111111111111111000000000000000000000000000000000000000000000000111111111111
111111111111111111111111111111111111111111111111111111111111000000000000000000000000000000000000000000000000111111111111
111111111111111111111111111111111111111111111111111111111111000000000000000000000000000000000000000000000001111111111111
111111111111111111111111111111111111111111111111111111111111000000000000000000000000000000000000000000000001111111111111
111111111111111111111111111111111111111111111111111111111111000000000000000000000000000000000000000000000011111111111111
