000000000000000000000000000000000000000000000000000000000000000000000000000000000000000000000000000000000000000000000000
000000000000000000000000000000000000000000000000000000000000000000000000000000000000000000000000000000000000000000000000
000000000000000000000000000000000000000000000000001111100000000000000000000000000000000000000000000000000000000000000000
000000000000000000000000000000000000000000000111111111111110000000001000000000000000000000000000000000000000000000000000
000000000000000000000000000000000000000001111111111111111111111111111110000000000000000000000000000000000000000000000000
000000000000000000000000000000000000001111111111111111111111111111111000000000000000000000000000000000000000000000000000
000000000000000000000000000000000000011111111111111111111111111111100000000000000000000000000000000000000000000000000000
000000000000000000000000000000000000011111111111111111111111111111000000000000000000000000000000000000000000000000000000
000000000000000000000000000000000000011111111111111111111111111111110000000000000000000000000000000000000000000000000000
000000000000000000000000000000000000011111111111111111111111111111111000000000000000000000000000000000000000000000000000
000000000000000000000000000000000000011111111111111111111111111111111000000000000000000000000000000000000000000000000000
000000000000000000000000000000000001111111111111111111111111111111100000000000000000000000000000000000000000000000000000
000000000000000000000000000000000111111111111111111111111111111111000000000000000000000000000000000000000000000000000000
000000000000000000000000000000001111111111111111111111111111111111100000000000000000000000000000000000000000000000000000
000000000000000000000000000000000000011111111111111111111111111111000000000000000000000000000000000000000000000000000000
000000000000000000000000000000000001111111111111111111111111111110000000000000000000000000000000000000000000000000000000
000000001111111111111111100000000011111111111111111111111111111100000000000000000000000000000000000000000000000000000000
111111111111111111111111111111111111111111111111111111111111111000000000000000000000000000000000000000000000000000000000
111111111111111111111111111111111111111111111111111111111111111000000000000000000000000000000000000000000000000000000000
111100000000000000000000000011111111111111111111111111111111100000000000000000000000000000000000000000000000000000000000
000000000000000000000000000000000000011111111111111111111111100000000000000000000000000000000000000000000000000000000000
000000000000000000000000000000000000000000111111111111111111111110000000000000000000000000000000000000000000000000000000
000000000000000000000000000000000000000000001111111111111111111111111111100000000000000000000000000000000000000000000000
000000000000000000000000000000000000000000001111111111111111111111111111111110000000000000000000000000000000000000000000
000000000000000000000000000000000000000000001111111111111111111111111111111111111000000000000000000000000000000000000000
000000000000000000000000000000000000000000000111111111111111111111111111111111111110000000000000000000000000000000000000
000000000000000000000000000000000000000000000011111111111111111111111111111111111111110000000000000000000000000000000000
000000000000000000000000000000000000000000000111111111111111111111111111111111111111111111000000000000000000000000000000
000000000000000000000000000000000000000000000111111111111111111111111111111111100011111111111111000000000000000000000000
000000000000000000000000000000000000000000000011111111111111111111111111111111100000011111111111110000000000000000000000
000000000000000000000000000000000000000000000001111111111111111111111111111111111000000011111111111100000000000000000000
000000000000000000000000000000000000000000000000111111111111111111111111111111100000000111111111111110000000000000000000
000000000000000000000000000000000000000000000000111111111111111111111111111111111111111111111111111111100000000000000000
000000000000000000000000000000000000000000000000111111111111111111111111111111111111111111111111111111111000000000000000
000000000000000000000000000000000000000000000000111111111111111111111111111111111111111111111100000011111111000000000000
000000000000000000000000000000000000000000000000111111111111111111111011111111111111111111111000000000111111100000000000
000000000000000000000000000000000000000000000000011111111111111111100000000000000000011111111000000000001111111000000000
000000000000000000000000000000000000000000000000111111111111111111100000000000000000000000000000000000000011111110000000
000000000000000000000000000000000000000000000000111111111111111111100000000000000000000000000000000000000000111111000000
000000000000000000000000000000000000000000000001111111111111111111100000000000000000000000000000000000000000011111110000
