000000000000000000000000000000000000000000000000000000000000000000000000000000000000000000000000000000000000000000000000
000000000000000000000000000000000000000000000000000000000000000000000000000000000000000000000000000000000000000000000000
000000000000000000000000000000000000000000000000000000000000000000000000000000000000000000000000000000000000000000000000
000000000000000000000000000000000000000000000001111111110000000000000011111100000000000000000000000000000000000000000000
000000000000000000000000000000000000000000000001111111111111011101111111111100000000000000000000000000000000000000000000
000000000000000000000000000000000000000000000001111111111111111111111111111100000000000000000000000000000000000000000000
000000000000000000000000000000000000000000000001111111111111111111111111111100000000000000000000000000000000000000000000
000000000000000000000000000000000000000000000000000011111111111111111110100000000000000000000000000000000000000000000000
000000000000000000000000000000000000000000000000000111111111111111111111000000000000000000000000000000000000000000000000
000000000000000000000000000000000000000000000000001111111111111111111111000000000000000000000000000000000000000000000000
000000000000000000000000000000000000000000000000001111111111111111111111000000000000000000000000000000000000000000000000
000000000000000000000000000000000000000000000000011111111111111111111111000000000000000000000000000000000000000000000000
000000000000000000000000000000000000000000000000011111111111111111111111000000000000000000000000000000000000000000000000
000000000000000000000000110000000000000000000000111111111111111111111111000000000000000000000000000000000000000000000000
000000000000000000000011111100100000000000000000111111111111111111111111000000000000000000000000000000000000000000000000
000000000000000000000011111111111000000000000000111111111111111111111111100000000000000000000000000000000000000000000000
000000000000000000000011111111111100000000001101111111111111111111111111100000000000000000000000000000000000000000000000
000000000000000000001111111111111000000000011111111111111111111111111111111110000000000000000000000000000000000000000000
000000000000000000000111111111111000000000000000111111111111111111111111110000000000000000000000000000000000000000000000
000000000000000000000011111111111000000000000011111111111111111111111111110000000000000000000000000000000000000000000000
000000000000000000000011111111110000000000000111111111111111111111111111111000000000000000000000000000000000000000000000
000000000000000000000001111111100000000000001111111111111111111111111111111000000000000000000000000000000000000000000000
000000000000000000111111111111001010000000001111111111111111111111111111111100000000000000000000000000000000000000000000
000000000000000000000111111111111111111000011111111111111111111111111111111000000000000000000000000000000000000000000000
000000000000000000000000000000111111111111111111111111111111111111111111111000000000000000000000000000000000000000000000
000000000000000000000000000000001111111111111111101111111111111111111111111000000000000000000000000000000000000000000000
000000000000000000000000000000000000000111111110111011111111111111111111111110000000000000000000000000000000000000000000
000000000000000000000000000000000000000000000000000011111111111111111111111111110000000000000000000000000000000000000000
000000000000000000000000000000000000000000000000000111111111111111111111111111111110000000000000000000000000000000000000
000000000000000000000000000000000000000000000000000111111111111111111110000011111111000000000000000000000000000000000000
000000000000000000000000000000000000000000000000000111111111111111111110000000111111111000000000000000000000000000000000
000000000000000000000000000000000000000000000000000111111111111111111111000000000111111100000000000000000000000000000000
000000000000000000000000000000000000000000000000001111111111111111111111000000000111111100000000000000000000000000000000
000000000000000000000000000000000000000000000000011111111111111111111111100000000001111110000000000000000000000000000000
000000000000000000000000000000000000000000000000111111111111111111111111110000000011110000000000000000000000000000000000
000000000000000000000000000000000000000000000001111111111111111111111111111000000000000000000000000000000000000000000000
000000000000000000000000000000000000000000000001111111111111111111111111111100000000000000000000000000000000000000000000
000000000000000000000000000000000000000000000011111111111111111111111111111100000000000000000000000000000000000000000000
000000000000000000000000000000000000000000000011111111111111111111111111111110000000000000000000000000000000000000000000
000000000000000000000000000000000000000000000111111111111111111111111111111111000000000000000000000000000000000000000000
