000000000000000000000000000000000000000000000000000000000000000000000000000000000000000000000000000000000000000000000000
000000000000000000000000000000000000000000000000000000000000000000000000000000000000000000000000000000000000000000000000
000000000000000000000000000000000000000000000000000000000000000000000000000000000000000000000000000000000000000000000000
000000000000000000000000000000000000000000000000000000000000000000000000000000000000000000000000000000000000000000000000
000000000000000000000000000000000000000000000000000000000000000000000000000000000000000000000000000000000000000000000000
000000000000000000000000000000000000000000000000000000000000000000000000000000000000000000000000000000000000000000000000
000000000000000000000000000000000000000000000000000000000000000000000000000000000000000000000000000000000000000000000000
000000000000000000000000000000000000000000000000000000000000000000000000000000000000000000000000000000000000000000000000
000000000000000000000000000000000000000000000000000000000000000000000000000000000000000000000000000000000000000000000000
000000000000000000000000000000000000000000000000000000000000000000000000000000000000000000000000000000000000000000000000
000000000000000000000000000000000000000000000000000000000000000000000000000000000000000000000000000000000000000000000000
000000000000000000000000000000000000000000000000000000000000000000000000000000000000000000000000000000000000000000000000
000000000000000000000000000000000000000000000000000000000000000000000000000000000000000000000000000000000000000000000000
000000000000000000000000000000000000000000000000000000000000000000000000000000000000000000000000000000000000000000000000
000000000000000000000000000000000000000000000000000000000000000000000000000000000000000000000000000000000000000000000000
000000000000000000000000000000000000000001100000000111100000000111100000001111000000000000000000000000000000000000000000
000000000000000000000000000000111000000011110000000010000000000000000000000010000000111110000000000000000000000000000000
000000000000000000000000000001111100000000000000000000000000000000000000000000000000011100000111000000000000000000000000
000000000000000000000011110000000000000000000000000000000000000000000000000000000000000000001111100000000000000000000000
000000000000000000000111110000000000000000000000000000000000000000000000000000000000000000000000011110000000000000000000
000000000000000000011111100000000000000000000000000000000000000000000000000000000000000000000000111110000000000000000000
000000000000000000001111100000000000000000000000000000000000000000000000000000000000000000000011111000000000000000000000
000000000000000000000001111100000000000000000000000000000000000000000000000000000000000000000011111000000000000000000000
000000000000000000000001111100000011100000000000000000000000000000000000000000000001111110000000000000000000000000000000
000000000000000000000000000000000111110000000000000000000000000000001111000000000001111110000000000000000000000000000000
000000000000000000000000000000000111110000000000111111010000000010111111100000000000000000000000000000000000000000000000
000000000000000000000000000000000000000000000011111111111100001111111111110000000000000000000000000000000000000000000000
000000000000000000000000000000000000000110000111111111111111111111111111111000011000000000000000000000000000000000000000
000000000000000000000000000000000000000111111111111000000000000000001111111111111000000000000000000000000000000000000000
000000000000000000000000000000000011111111111000000000000000000000000000001111111111110000000000000000000000000000000000
000000000000000000000000000000001111111111000000000000000000000000000000000001111111111100000000000000000000000000000000
000000000000000000000000000000011111111110000000000000000000000000000000000000011111111110000000000000000000000000000000
000000000000000000000000000000111111111100000000000000000000000000000000000000011111111111000000000000000000000000000000
000000000000000000000000000000111111111110000000000000000000000000000000000000011111111111000000000000000000000000000000
000000000000000000000000000000011111111111100000000000000000000000000000000001111111111110000000000000000000000000000000
000000000000000000000000000000001111111111111110000000000000000000000000011111111111111000000000000000000000000000000000
000000000000000000000000000000000001111111111111111111111000000011111111111111111111100000000000000000000000000000000000
000000000000000000000000000000000000000111111111111111111111111111111111111111111000000000000000000000000000000000000000
000000000000000000000000000000000000000000000111111111111111111111111111110000000000000000000000000000000000000000000000
000000000000000000000000000000000000000000000000000000000000000000000000000000000000000000000000000000000000000000000000
