000000000000000000000000000000000111111111111111111100000000000000000000000000000000000000000000000000000000000000000000
000000000000000000000000000000000111111111111111111110000000000000000000000000000000000000000000000000000000000000000000
000000000000000000000000000000000011111111111111111110000000000000000000000000000000000000000000000000000000000000000000
000000000000000000000000000000000011111111111111111111000000000000000000000000000000000000000000000000000000000000000000
000000000000000000000000000000000001111111111111111111000000000000000000000000000000000000000000000000000000000000000000
000000000000000000000000000000000000111111111111111111000000000000000000000000000000000000000000000000111111111110000000
000000000000000000000000000000000000011111111111111111100000000000000000000000000000000000000011111111111111111111111000
000000000000000000000000000000000000001111111111111111100000000000000000000000000000000001111111111111111111111111111110
000000000000000000000000000000000000000111111111111111100000000000000000000000000000011111111111111111111111111111111100
000000000000000000000000000000000000000111111111111111100000000000000000000000000011111111111111111111111111111111100000
000000000000000000000000000000000000000011111111111111110000000000000000000000011111111111111111111111111111111100000000
000000000000000000000000000000000000000001111111111111110000000000000000000001111111111111111111111111111111100000000000
000000000000000000000000000000000000000000111111111111110000000000000000000011111111111111111111111111100000000000000000
000000000000000000000000000000000000000000111111111111110000000000000000000111111111111111111100000000000000000000000000
000000000000000000000000000000000000000000011111111111110000000000000000001111111111111000000000000000000000000000000000
000000000000000000000000000000000000000000011111111111110000000000000000011111111111000000000000000000000000000000000000
000000000000000000000000000000000000000000001111111111110000000000000000011111111110000000000000000000000000000000000000
000000000000000000000000000000000000000000001111111111110000000000000000111111111100000000000000000000000000000000000000
000000000000000000000000000000000000000000001111111111111000000000000000111111111100000000000000000000000000000000000000
000000000000000000000000000000000000000000000111111111111000000000000000111111111100000000000000000000000000000000000000
000000000000000000000000000000000000000000000111111111111000000000000001111111111000000000000000000000000000000000000000
000000000000000000000000000000000000000000000111111111111000000000000001111111111000000000000000000000000000000000000000
000000000000000000000000000000000000000000000011111111111001111100000001111111110000000000000000000000000000000000000000
000000000000000000000000000000000000000000000011111111111111111111111111111111110000000000000000000000000000000000000000
000000000000000000000000000000000000000000000011111111111111111111111111111111110000000000000000000000000000000000000000
000000000000000000000000000000000000000000001111111111111111111111111111111111100000000000000000000000000000000000000000
000000000000000000000000000000000000000000111111111111111111111111111111111111111000000000000000000000000000000000000000
000000000000000000000000000000000000000111111111111111111111111111111111111111111110000000000000000000000000000000000000
000000000000000000000000000000000000011111111111111111111111111111111111111111111111110000000000000000000000000000000000
000000000000000000000000000000000000111111111111111111111111111111111111111111111111111000000000000000000000000000000000
000000000000000000000000000000000000111111111111111111111111111111111111111111111111111100000000000000000000000000000000
000000000000000000000000000000000001111111111111111111111111111111111111111111111111111110000000000000000000000000000000
000000000000000000000000000000000001111111111111111111111111111111111111111111111111111110000000000000000000000000000000
000000000000000000000000000000000001111111111111111111111111111111111111111111111111111110000000000000000000000000000000
000000000000000000000000000000000001111111111111111111111111111111111111111111111111111110000000000000000000000000000000
000000000000000000000000000000000001111111111111111111111111111111111111111111111111111110000000000000000000000000000000
000000000000000000000000000000000001111111111111111111111111111111111111111111111111111110000000000000000000000000000000
000000000000000000000000000000000001111111111111111111111111111111111111111111111111111111000000000000000000000000000000
000000000000000000000000000000000001111111111111111111111111111111111111111111111111111111000000000000000000000000000000
000000000000000000000000000000000001111111111111111111111111111111111111111111111111111111000000000000000000000000000000
