111111111111111111111111111111111111111111111111111111111111000000000000000000011111111111111111111111111111111111111111
111111111111111111111111111111111111111111111111111111111111100000000000000000000000000000011111111111111111111111111111
111111111111111111111111111111111111111111111111111111111111110000000000000000000000000000000011111111111111111111111111
111111111111111111111111111111111111111111111111111111111111111100000000000000000000000000000000111111111111111111111111
111111111111111111111111111111111111111111111111111111111111110000000000000000000000000000000000011111111111111111111111
111111111111111111111111111111111111111111111111111111111110000000000000000000000000000000000000001111111111111111111111
111111111111111111111111111111111111111111111111111111110000000000000000000000000000000000000000001111111111111111111111
111111111111111111111111111111111111111111111111111111100000000000000000000000000000000000000000000111111111111111111111
111111111111111111111111111111111111111111111111111110000000000000000000000000000000000000000000000011111111111111111111
111111111111111111111111111111111111111111111111111100000000000000000000000000000000000000000000000001111111111111111111
111111111111111111111111111111111111111111111111111100000000000000000000000000000000000000000000000000111111111111111111
111111111111111111111111111111111111111111111111111000000000000000000000000000000000000000000000000000111111111111111111
111111111111111111111111111111111111111111111111111000000000000000000000000000000000000000000000000000011111111111111111
111111111111111111111111111111111111111111111111110000000000000000000000000000000000000000000000000000011111111111111111
111111111111111111111111111111111111111111111111111100000000000000000000000000000000000000000000000000001111111111111111
111111111111111111111111111111111111111111111111111110000000000000000000000000000000000000000000000000001111111111111111
111111111111111111111111111111111111111111111111111111000000000000000000000000000000000000000000000000001111111111111111
111111111111111111111111111111111111111111111111111111111111000000000000000000000000000000000000000000001111111111111111
111111111111111111111111111111111111111111111111111111111111000000000000000000000000000000000000000000000111111111111111
111111111111111111111111111111111111111111111111111111111110000000000000000000000000000000000000000000000111111111111111
111111111111111111111111111111111111111111111111111111111111110000000000000000000000000000000000000000000111111111111111
111111111111111111111111111111111111111111111111111111111111111000000000000000000000000000000000000000000111111111111111
111111111111111111111111111111111111111111110000000000111111111110000000000000000000000000000000000000000111111111111111
111111111111111111111111111111111111111110000000000000001111111110000001111000000000000000000000000000000111111111111111
111111111111111111111111111111111111111000000000000000001111111110000001111000000000000000000000000000000011111111111111
111111111111111111111111111111111111110000000000000000000111111100000001100000000000000000000000000000000011111111111111
111111111111111111111111111111111111100000000000000000000111111111000011000000000000000000000000000000001001111111111111
111111111111111111111111111111111111110000000000000000000111111111000010000000000000000000000000000100100111111111111111
111111111111111111111111111111111111110000000000000000000001111111000000000000000000000000000000000111111111111111111111
111111111111111111111111111111111111111000000000000000000000011111100000000000000000000000000000000011111111111111111111
111111111111111111111111111111111111111110000000000000000000000001100000000000000000000000000000000001111111111111111111
111111111111111111111111111111111111111111100000000000000000000000000000000000000000000000000000001000011111111111111111
111111111111111111111111111111111111111111111110000000000000000000000000000000000000000000000000000111111111111111111111
111111111111111111111111111111111111111111111100000000000000000000000000000000000000000000000000000111111111111111111111
111111111111111111111111111111111111111111111000000000000000000000000000000000000000000000000000000011111111111111111111
111111111111111111111111111111111111111111110000000000000000000000000000000000000000000000000000000011111111111111111111
111111111111111111111111111111111111111111110000000000000000000000000000000000000000000000000000000001111111111111111111
111111111111111111111111111111111111111111110000000000000000000000000000000000000000000000000000000001111111111111111111
111111111111111111111111111111111111111111110000000000000000000000000000000000000000000000000000000000111111000011111111
111111111111111111111111111111111111111111110000000000000000000000000000000000000000000000000000000000111000000111111111
