111111111111111111111111111111111111111111111111111111111111111111111111111111111111111111111111111111111111111111111111
111111111111111111111111111111111111111111111111111111111111111111111111111111111111111111111111111111111111111111111111
111111111111111111111111111111111111111111111111111111111111111111111111111111111111111111111111111111111111111111111111
111111111111111111111111111111111111111111111111111111111111111111111111111111111111111111111111111111111111111111111111
111111111111111111111111111111111111111111111111111111111111111111111111111111111111111111111111111111111111111111111111
111111111111111111111111111111111111111111111111110000111111111111111111111111111111111111111111111111111111111111111111
111111111111111111111111111111111111111111111111000000000011111111111111111111111111111111111111111111111111111111111111
111111111111111111111111111111111111111111111110000000000000111111111111111111111111111111111111111111111111111111111111
111111111111111111111111111111111111111111111000000000000000111111111111111111111111111111111111111111111111111111111111
111111111111111111111111111111111111111111111000000000000000111111111111111111111111111111111111111111111111111111111111
111111111111111111111111111111111111111111111100000000000000111111111111111111111111111111111111111111111111111111111111
111111111111111111111111111111111111111111111111000000000000001111111111111111111111111111111111111111111111111111111111
111111111111111111111111111111111111111111111111110000000000000011111111111111111111111111111111111111111111111111111111
111111111111111111111111111111111111111111111111100000000000000000111111111111111111111111111111111111111111111111111111
111111111111111111111111111111111111111111111111100000000000000000011111111111111111111111111111111111111111111111111111
111111111111111111111111111111111111111111111111110000000000000000011111111111111111111111111111111111111111111111111111
111111111111111111111111111111111111111111111111111000000000000000011111111111111111111111111111111111111111111111111111
111111111111111111111111111111111111111111111111110000000000000011111111111111111111111111111111111111111111111111111111
111111111111111111111111111111111111111111111111110000000000000011111111111111111111111111111111111111111111111111111111
111111111111111111111111111111111111111111111111100000000000000001111111111111111111111111111111111111111111111111111111
111111111111111111111111111111111111111111111111100100000000000000011111111111111111111111111111111111111111111111111111
111111111111111111111111111111111111111111111111100000000000000000000111111111111111111111111111111111111111111111111111
111111111111111111111111111111111111111111111111111100000000000000000001111111111111111111111111111111111111111111111111
111111111111111111111111111111111111111111111111111100000000000000000000001111111111111111111111111111111111111111111111
111111111111111111111111111111111111111111111111111000000000000000000000000011111111111111111111111111111111111111111111
111111111111111111111111111111111111111111111111110000000000000000000000000000111111111111111111111111111111111111111111
111111111111111111111111111111111111111111111111000000000000000000000000000000011111111111111111111111111111111111111111
111111111111111111111111111111111111111111111111000000000000000000000000000000001111111111111111111111111111111111111111
111111111111111111111111111111111111111111111111100000001000000000000000000011111111111111111111111111111111111111111111
111111111111111111111111111111111111111111111111100000111100000111100001111111111111111111111111111111111111111111111111
111111111111111111111111111111111111111111111111111111111100000111110001111111111111111111111111111111111111111111111111
111111111111111111111111111111111111111111111111111111111110000011110001111111111111111111111111111111111111111111111111
111111111111111111111111111111111111111111111111111111111111000011110000111111111111111111111111111111111111111111111111
111111111111111111111111111111111111111111111111111111111111000001111000111111111111111111111111111111111111111111111111
111111111111111111111111111111111111111111111111111111111111000001111111111111111111111111111111111111111111111111111111
111111111111111111111111111111111111111111111111111111111111000011111111111111111111111111111111111111111111111111111111
111111111111111111111111111111111111111111111111111111111111111111111111111111111111111111111111111111111111111111111111
111111111111111111111111111111111111111111111111111111111111111111111111111111111111111111111111111111111111111111111111
111111111111111111111111111111111111111111111111111111111111111111111111111111111111111111111111111111111111111111111111
111111111111111111111111111111111111111111111111111111111111111111111111111111111111111111111111111111111111111111111111
