000000000000000000000000000000000000000000000000111111111111111111111111111110000000000000000000000000000111111111111111
000000000000000000000000000000000000000000000000111111111111111111111111111000000000000000000000000000001111111111111111
000000000000000000000000000000000000000000000000011111111111111111111111111000000000000000000000000000011111111111111111
000000000000000000000000000000000000000000000000001111111111111111111111110000000000000000000000000001111111111111111111
000000000000000000000000000000000000000000000000000001111111111111111111110000000000000000000000000011111111111111111111
000000000000000000000000000000000000000000000000000001111111111111111111100000000000000000000000000111111111111111111111
000000000000000000000000000000000000000000000000000011111111111111111111000000000000000000000000001111111111111111111111
000000000000000000000000000000000000000000000000000111111111111111111111000000000000000000000000111111111111111111111111
000000000000000000000000000000000000000000000000001111111111111111111110000000000000000000000001111111111111111111111111
000000000000000000000000000000000000000000000000011111111111111111111100000000000000000000000111111111111111111111111110
000000000000000000000000000000000000000000000000111111111111111111111100000000000000000000011111111111111111111111111100
000000000000000000000000000000000000000000000001111111111111111111110000000000000000000000111111111111111111111111111000
000000000000000000000000000000000000000000000011111111111111111111100000000000000000000011111111111111111111111111110000
000000000000000000000000000000000000000000001111111111111111111111000000000000000000001111111111111111111111111111100000
000000000000000000000000000000000000000000011111111111111111111100000000000000000000111111111111111111111111111111000000
000000000000000000000000000000000000000000111111111111111111111000000000000000000001111111111111111111111111111111000000
000000000000000000000000000000000000000001111111111111111111110000000000000000000000111111111111111111111111111110000000
000000000000000000000000000000000000000111111111111111111111100000000000000000000000001111111111111111111111111100000000
000000000000000000000000000000000000011111111111111111111111000000000000000000000001111111111111111111111111111000000000
000000000000000000000000000000000000111111111111111111111110000000000000000000000111111111111111111111111111110000000000
000000000000000000000000000000000011111111111111111111111100000000000000000000001111111111111111111111111111100000000000
000000000000000000000000000000001111111111111111111111111000000000000000000000111111111111111111111111111111000000000000
000000000000000000000000000000011111111111111111111111110000000000000000000011111111111111111111111111110000000000000000
000000000000000000000000000000111111111111111111111111110000000000000000000111111111111111111111111111110000000000000000
000000000000000000000000000000000111111111111111111111100000000000000000001111100011111111111111111111110000000000000000
000000000000000000000000000000001111111111111111111111100000000000000000011110000001111111111111111111110000000000000000
000000000000000000000000000000011111111111111111111111000000000000000000111100000001111111111111111111110000000000000000
000000000000000001111111111111111111111111111111111111111111111111110000111000000011111111111111111111100000000000000000
111111111111111111111111111111111111111111111111111111111111111111111111111111111111111111111111111111000000000000000000
111111111111111111111111111111111111111111111111111111111111111111111111111111111111111111111111111110000000000000000000
111111111111111111111111111111111111111111111111111111111111111111111111111111111111111111111111111111111110000000000000
111111111111111111111111111111111111111111111111111111111111111111111111111111111111111111111111111111111111111111000000
111111111111111111111111111111111111111111111111111111111111111111111111111111111111111111111111111111111111111111111111
000000000000000000000001111001111111111111111111000000000000000000000000000001111111111111111111111111111111111111111111
000000000000000000000001110001111011111111111111000000000000000000000000000001111111111110111111111111111111111111111111
000000000000000000000001100011111011110111101111000000000000000000000000000011111111000000000000000000111111111111111111
000000000000000000000000000111110011110111100000000000000000000000000000000000000000000000000000000000000000000111111111
000000000000000000000000000111100011100111000000000000000000000000000000000000000000000000000000000000000000000000000011
000000000000000000000000001111100111100000000000000000000000000000000000000000000000000000000000000000000000000000000000
000000000000000000000000000110000000000000000000000000000000000000000000000000000000000000000000000000000000000000000000
