000000000000000000000000000000000000000000000000000000000000000000000000000000000000000000000000000000000000000000000000
000000000000000000000000000000000000000000000000000000000000000000000000000000000000000000000000000000000000000000000000
000000000000000000000000000000000000000000000000000000000000000000000000000000000000000000000000000000000000000000000000
000000000000000000000000000000000000000000000000000000000000000000000000000000000000000000000000000000000000000000000000
000000000000000000000000000000000000000000000000000000000000000000000000000000000000000000000000000000000000000000000000
000000000000000000000000000000000000000000000000000000000000000000000000000000000000000000000000000000000000000000000000
000000000000000000000000000000000000000000000000000000000000000000000000000000000000000000000000000000000000000000000000
000000000000000000000000000000000000000000000000000000000000000000000000000000000000000000000000000000000000000000000000
000000000000000000000000000000000000000000000000000000000000000000111000000001111100000000000000000000000000000000000000
000000000000000000000000000000000000000000000000000000000000000000111100000011110000000000000000000000000000000000000000
000000000000000000000000000000000000000000000000000000000000000000111100000111100000000000000000000000000000000000000000
000000000000000000000000000000000000000000000000000000000000000000011110000111000000000000000000000000000000000000000000
000000000000000000000000000000000000000000000000000000000000000000000111000111000011000000000000000000000000000000000000
000000000000000000000000000000000000000000000000000000000000000000000011111111101111110000000000000000000000000000000000
000000000000000000000000000000000000000000000000000000000000000000000111111111111111110000000000000000000000000000000000
000000000000000000000000000000000000000000000000000000000000000000000111111111111111000000000000000000000000000000000000
000000000000000000000000000000000000000000000000000000000000000000000111111111111110000000000000000000000000000000000000
000000000000000000000000000000000000000000000000000000000000000000000111111111111110000000000000000000000000000000000000
000000000000000000000000000000000000000000000000000000000000000000000111111111111100000000000000000000000000000000000000
000000000000000000000000000000000000000000000000000000000000000000000111111111111100000000000000000000000000000000000000
000000000000000000000000000000000000000000000000000000000000000000000111111111111100000000000000000000000000000000000000
000000000000000000000000000000000000000000000000000000000000000000001111111111111110000000000000000000000000000000000000
000000000000000000000000000000000000000000000000000000000000000000011111111111111111000000000000000000000000000000000000
000000000000000000000000000000000000000000000000000000000000000001111111111111111111100000000000000000000000000000000000
000000000000000000000000000000000000000000000000000000000000000001111111111111111111100000000000000000000000000000000000
000000000000000000000000000000000000000000000000000000000000000011111111111111111111010000000000000000000000000000000000
000000000000000000000000000000000000000000000000000000000000000011111111111111111111100000000000000000000000000000000000
000000000000000000000000000000000000000000000000000000000000000111111111111111111111100000000000000000000000000000000000
000000000000000000000000000000000000000000000000000000000000000111111111111111111111100000000000000000000000000000000000
000000000000000000000000000000000000000000000000000000000000001111111111111111111111100000000000000000000000000000000000
000000000000000000000000000000000000000000000000000000000000001111111111111111111111100000000000000000000000000000000000
000000000000000000000000000000000000000000000000000000000000001111111111111111111111000000000000000000000000000000000000
000000000000000000000000000000000000000000000000000000000000001111111111111111111111100000000000000000000000000000000000
000000000000000000000000000000000000000000000000000000000000000011111110011111111100000000000000000000000000000000000000
000000000000000000000000000000000000000000000000000000000000000000000000011111111100000000000000000000000000000000000000
000000000000000000000000000000000000000000000000000000000000000000000000111111111100000000000000000000000000000000000000
000000000000000000000000000000000000000000000000000000000000000000000000111111111110000000000000000000000000000000000000
000000000000000000000000000000000000000000000000000000000000000000000000111111111110000000000000000000000000000000000000
000000000000000000000000000000000000000000000000000000000000000000000000111111111110000000000000000000000000000000000000
000000000000000000000000000000000000000000000000000000000000000000000000111110111110000000000000000000000000000000000000
