000000000000000000000000000000000000000000011111111111111111111110000000000000000000000011111111111111111111111110000000
000000000000000000000000000000000000000011111111111111111111111111111111000000000000111111111111111111111111111100000000
000000000000000000000000000000000000000010000111111111111111111111111111111111111111111111111111111111111111111110000000
000000000000000000000000000000000000000111000011111111111111111111111111111111111111111111111111111111111111111111100000
000000000000000000000000000000000000000111000111111111111111111111111111111111111111111111111111111111111111111111110000
000000000000000000000000000000000000000011111111111111111111111111111111111111111111111111111111111111111111111111110000
000000000000000000000000000000000000000001111110100000111111111111111111111111111111111111111111111111111111111111110000
000000000000000000000000000000000000000000000000011000010011111111111111111111111111111111111111111111111111111111110000
000000000000000000000000000000000000000000000000000110011000111111111111111111111111111111111111111111111111111111110000
000000000000000000000000000000000000000000000000000000111111111111111111111111111111111111111111111111111111111111100000
000000000000000000000000000000000000000000000000000000111111111111111111111111111111111111111111111111111111111111100000
000000000000000000000000000000000000000000000000000011111111111111111111111111111111111111111111111111111111111111000000
000000000000000000000000000000000000000000000000000101111111111111111111111111111111111111111111111111111111111111000000
000000000000000000000000000000000000000000000000000000011111111111111111111111111111111111111111111111111111111111000000
000000000000000000000000000000000000000000000000000000000111111111111111111111111111111111111111111111111111111111110000
000000000000000000000000000000000000000000000000000000000001111111111111111111111111111111111111111111111111111111111100
000000000000000000000000000000000000000000000000000000000000111111111111111111111111111111111111111111111111111111111111
000000000000000000000000000000000000000000111111111111110000011111111111111111111111110000111111111111111111111111111111
000000000000000000000000000000000000000001111111111111111110011111111111111111111111110000011111111111111111111111111111
000000000000000000000000000000000000000001111111111111111110011111111111111111111111110000001111111111111111111111111111
000000000000000000000000000000000000000000111111111111111100011100111111111111111111110000000111111111111111111111111111
000000000000000000000000000000000000000000011111111111111000011111111111111111111111110000000001110111111111111111111111
000000000000000000000000000000000000000000001111111111110000011111111111111111111111110000000000111100000011111111111111
000000000000000000000000000000000000000000000111111111100000011111111111111111111111110000000000001110000000001111111111
000000000000000000000000000000000000000000000011111110000000111111111111111111111111111000000000000001110000000011111111
000000000000000000000000000000000000000000000001111100000011111111111111111111111111111000000000000000011111000011111111
000000000000000000000000000000000000000000000011111110001111111111111111111111111111111000000000000000000000111111111111
000000000000000000000000000000000000000000000111111110011111111111111111111111111111111000000000000000000000000000000110
000000000000000000000000000000000000000000001111111111011111111111111111111111111111111100000000000000000000000000000010
000000000000000000000000000000000000000000001111111110001111111111111111111111111111111100000000000000000000000000000011
000000000000000000000000000000000000000000000111111110011111111111111111111111111111111100000000000000000000000000000000
000000000000000000000000000000000000000000000011111111111111111111111111111111111111111110000000000000000000000000000000
000000000000000000000000000000000000000000000001111111111111111111111111111111111111111111000000000000000000000000000000
000000000000000000000000000000000000000000000000011111111111111111111111111111111111111111100000000000000000000000000000
000000000000000000000000000000000000000000000001111111001111111111111111111111111111111111110000000000000000000000000000
000000000000000000000000000000000000000000000011111110001111111111111111111111111111111111111000000000000000000000000000
000000000000000000000000000000000000000000000011110000011111111111111111111111111111111111111100000000000000000000000000
000000000000000000000000000000000000000000000000000000011111111111111111111111111111111111111110000000000000000000000000
000000000000000000000000000000000000000000000000000000011111111111111111111111111111111111111111000000000000000000000000
000000000000000000000000000000000000000000000000000000111111111111111111111111111111111111111111100000000000000000000000
