000000000000000000000000000000000000000000000000000000000000000000000000000000000000000000000000000000000000000000000000
000000000000000000000000000000000000000000000000000000000000000000000000000000000000000000000000000000000000000000000000
000000000000000000000000000000000000000000000000000000000000000000000000000000000000000000000000000000000000000000000000
000000000000000000000000000000000000000000000000000000000000000000000000000000000000000000000000000000000000000000000000
000000000000000000000000000000000000000000000000000000000000000000000000000000000000000000000000000000000000000000000000
000000000000000000000000000000000000000000000000000000000000000000000000000000000000000000000000000000000000000000000000
000000000000000000000000000000000000000000000000000000000000000000000000000000000000000000000000000000000000000000000000
000000000000000000000000000000000000000000000000000000000000000000000000000000000000000000000000000000000000000000000000
000000000000000000000000000000000000000000000000000000000010000000000000000000000000000000000000000000000000000000000000
000000000000000000000000000000000000000000000000000000000011000000000000000000000000000000000000000000000000000000000000
000000000000000000000000000000000000000000000000000000001111111100000000000000000000000000000000000000000000000000000000
000000000000000000000000000000000000000000000000000000111111111111000000000000000000000000000000000000000000000000000000
000000000000000000000000000000000000000000000000000000111111111111111100000000000000000000000000000000000000000000000000
000000000000000000000000000000000000000000000000000001111111111111111111111110000000000000000000000000000000000000000000
000000000000000000000000000000000000000000000000011111111111111111111111111111110000000000000000000000000000000000000000
000000000000000000000000000000000000000000000011111111111111111111111111111111111000000000000000000000000000000000000000
000000000000000000000000000000000000000000001111111111111111111111111111111111101000000000000000000000000000000000000000
000000000000000000000000000000000000000000011111111111111111111111111111111001000000000000000000000000000000000000000000
000000000000000000000000000000000000000000001111111111111111111111111100000000000000000000000000000000000000000000000000
000000000000000000000000000000000000000000000100000111111111111110100000000000000000000000000000000000000000000000000000
000000000000000000000000000000000000000000000000000001111111111110000000000000000000000000000000000000000000000000000000
000000000000000000000000000000000000000000000000000001111111111111000000000000000000000000000000000000000000000000000000
000000000000000000000000000000000000000000000000000001111111111110000000000000000000000000000000000000000000000000000000
000000000000000000000000000000000000000000000000000011111111111111000000000000000000000000000000000000000000000000000000
000000000000000000000000000000000000000000000000000011111111111111000000000000000000000000000000000000000000000000000000
000000000000000000000000000000000000000000000000000011111111111110000000000000000000000000000000000000000000000000000000
000000000000000000000000000000000000000000000000000011111111111100000000000000000000000000000000000000000000000000000000
000000000000000000000000000000000000000000000000000011111111111100000000000000000000000000000000000000000000000000000000
000000000000000000000000000000000000000000000000000111111111111100000000000000000000000000000000000000000000000000000000
000000000000000000000000000000000000000000000000011111111111111110000000000000000000000000000000000000000000000000000000
000000000000000000000000000000000000000000000000111111111111111110000000000000000000000000000000000000000000000000000000
000000000000000000000000000000000000000000000011111111111111111111000000000000000000000000000000000000000000000000000000
000000000000000000000000000000000000000000001111111111111111111111100000000000000000000000000000000000000000000000000000
000000000000000000000000000000000000000000001111111111111111111111100000000000000000000000000000000000000000000000000000
000000000000000000000000000000000000000000001111111111111111111111100000000000000000000000000000000000000000000000000000
000000000000000000000000000000000000000000000001111111111111111111100000000000000000000000000000000000000000000000000000
000000000000000000000000000000000000000000000000000011000110001110000000000000000000000000000000000000000000000000000000
000000000000000000000000000000000000000000000000000000000111001110000000000000000000000000000000000000000000000000000000
000000000000000000000000000000000000000000000000000000000111000000000000000000000000000000000000000000000000000000000000
000000000000000000000000000000000000000000000000000000000000000000000000000000000000000000000000000000000000000000000000
