111111111111111111111111111111111111111111111111111111111111111111111111111111111111111111111111111111111111111111111111
111111111111111111111111111111111111111111111111111111111111111111111111111111111111111111111111111111111111111111111111
111111111111111111110000000111111111111111111111111111111111111111111111111111111111111111111111111111111111111111111111
111111111111111111000000000001111111111111111111111111111111111111111111111111111111111111111111111111111111111111111111
111111111111111111000000000000000111111111111111111111111111111111111111111111111111111111111111111111111111111111111111
111111111111111110000000000000000001111111111111111111111111111111111111111111111111111111111111111111111111111111111111
111111111111111000000000000000000000011111111111111111111111111111111111111111111111111111111111111111111111111111111111
111111111111100000000000000000000000000111111111111111111111111111111111111111111111111111111111111111111111111111111111
111111111111000000000000000000000000000011111111111111111111111111111111111111111111111111111111111111111111111111111111
111111111111000000000000000000000000000001111111111111111111111111111111111111111111111111111111111111111111111111111111
111111111110000000000000000000000000000000111111111111111111111111111111111111111111111111111111111111111111111111111111
111111111111000000000000000000000000000000011111111111111111111111111111111111111111111111111111111111111111111111111111
111111111111110000000000000000000000000000001111111111111111111111111111111111111111111111111111111111111111111111111111
111111111111111111000000000000000000000000001111111111111111111111111111111111111111111111111111111111111111111111111111
111111111111111111000000000000000000000000001111000011111111111111111111111111111111111111111111111111111111111111111111
111111111111111111100000000000000000000000000110000000001111111111111111111111111111111111111111111111111111111111111111
111111111111111111110000000000000000000000101000000000000000000011111111000000000000111111111111111111111111111111111111
111111111111111111111111111000000000000001100000000000000000000000000000000000000000000011111111111111111111111111111111
000000000000000001111111000000000000100111000000000000000000000000000000000000000000000000111111111111111111111111111111
000000000011111111111100000000000000000000000000000000000000000000000000000000000000000000000111111111111111111111111111
000000000001111111100000000000000000000000000000000000000000000000000000000000000000000000000001111111111111111111111111
000110000001111110000000000000000000000000000000000000000000000000000000000000000000000000000000001111111111111111111111
000011000000111100000000000000000000000000000000000000000000000000000000000000000000000000000000000011111111111111111111
000001100000001100000000000000000000000000000000000000000000000000000000000000000000000000000000000000111111111111111111
000000110000000000000000000000000000000000000000000000000000000000000000000000000000000000000000000000000111111111111111
000011110000000000000000000000000000000000000011000000000000000000000000000000000000000000000000000000000001111111111111
000001111000000000000000000000000000000000011111000000000000000000000000000000000000000000000000000000000000011111111111
000000001100000000000000000000000000000011111111110100000000000000000000000000000000000000000000000000000000000011111111
110000000000000000000000000000000000111100111111111110000000000000000000000000000000000000000000000000000000000111111111
111000000000000000000000000000000001111000111111111110000000000000000000000000000000000000000000000000000000001011111111
111110000000000000000000000000000001111000111111111111000000000000000000000000000000000000000000001111111111111111111111
111111100000000000000000000000000001110001111111111111000000000000000000000000000000000000000000001111111111111111111111
111111111000000000000000000000000001110011111111111111110000000000000000000000000000000000000000000111111111111111111111
111111111110000000000000000000000001100011111111111111110000000000000000000000000000000000000000000011111111111111111111
111111111111000000000000000000000000000111111111111111111001000000000000000000000000000000000000000001111111111111111111
111111111110000000000000000000000000000111111111111111111111000000000000000000000000000000000000000000111111111111111111
111111111110000000000000000000000000000000000111111111111111110000000000000000000000000000000000000000001111111111111111
111111111110000000000000000000000000000000000001111111111111110000000000000000000000000000000000000000000111111111111111
111111111110000000000000000000000000000000000011111111111111110000010000000000000000000000000000000000000011111111111111
111111111100000000000000000000000000000001111111111111111111111000111100000000000000000000000000000000000001111111111111
