000000000000000000000000000000000000000000000000000000000000000000000000000000000000000000000000000000000000000000000000
000000000000000000000000000000000000000000000000000000000000000000000000000000000000000000000000000000000000000000000000
000000000000000000000000000000000000000000000000000000000000000000000000000000000000000000000000000000000000000000000000
000000000000000000000000000000000000000000000000000000000000000000000000000000000000000000000000000000000000000000000000
000000000000000000000000000000000000000000000000000000000000000000000000000000000000000000000000000000000000000000000000
000000000000000000000000000000000000000000000000000000000000000000000000000000000000000000000000000000000000000000000000
000000000000000000000000000000000000000000000000000000000000000000000000000000000000000000000000000000000000000000000000
000000000000000000000000000000000000000000000000000000000000000000000000000000000000000000000000000000000000000000000000
000000000000000000000000000000000000000000000000000000000000000000000000001110000000001100000000000000000000000000000000
000000000000000000000000000000000000000000000000000000000000000000000000001111000000111110000000000000000000000000000000
000000000000000000000000000000000000000000000000000000000000000000000000000111100001110000000000000000000000000000000000
000000000000000000000000000000000000000000000000000000000000000000000000000011110001110000000000000000000000000000000000
000000000000000000000000000000000000000000000000000000000000000000000011111001111011100000000000000000000000000000000000
000000000000000000000000000000000000000000000000000000000000000000001111100001111111111000000000000000000000000000000000
000000000000000000000000000000000000000000000000000000000000000000111111000011111111111110000000000000000000000000000000
000000000000000000000000000000000000000000000000000000000000000000111111000111111111111111000000000000000000000000000000
000000000000000000000000000000000000000000000000000000000000000001111110000011111111111111000000000000000000000000000000
000000000000000000000000000000000000000000000000000000000000000001111110000001111111111111100000000000000000000000000000
000000000000000000000000000000000000000000000000000000000000000001111111111111111111111111100000000000000000000000000000
000000000000000000000000000000000000000000000000000000000000000000001111111111111111111111100000000000000000000000000000
000000000000000000000000000000000000000000000000000000000000000000000000001111111111111111100000000000000000000000000000
000000000000000000000000000000000000000000000000000000000000000000000000000110011111111111100000000000000000000000000000
000000000000000000000000000000000000000000000000000000000000000000000000001100001111111111110000000000000000000000000000
000000000000000000000000000000000000000000000000000000000000000000000000001100001111111111111000000000000000000000000000
000000000000000000000000000000000000000000000000000000000000000000000000011000001111111111111100000000000000000000000000
000000000000000000000000000000000000000000000000000000000000000000000000100000001111111111111110000000000000000000000000
000000000000000000000000000000000000000000000000000000000000000000000011000000011111111111111110000000000000000000000000
000000000000000000000000000000000000000000000000000000000000000000000000000000111111111111111000000000000000000000000000
000000000000000000000000000000000000000000000000000000000000000000000000000000111111111111111100000000000000000000000000
000000000000000000000000000000000000000000000000000000000000000000000000000001111111111111111100000000000000000000000000
000000000000000000000000000000000000000000000000000000000000000000000000000011111111111111111110000000000000000000000000
000000000000000000000000000000000000000000000000000000000000000000000000001111111111111111111111000000000000000000000000
000000000000000000000000000000000000000000000000000000000000000000000000000000111111111111111110000000000000000000000000
000000000000000000000000000000000000000000000000000000000000000000000000000000111111111111110000000000000000000000000000
000000000000000000000000000000000000000000000000000000000000000000000000000001111111011111100000000000000000000000000000
000000000000000000000000000000000000000000000000000000000000000000000000000011111110011111100000000000000000000000000000
000000000000000000000000000000000000000000000000000000000000000000000000000011111100011111100000000000000000000000000000
000000000000000000000000000000000000000000000000000000000000000000000000000111111000011111100000000000000000000000000000
000000000000000000000000000000000000000000000000000000000000000000000000000111111000011111100000000000000000000000000000
000000000000000000000000000000000000000000000000000000000000000000000000001111100000001111000000000000000000000000000000
