111111111111111111111111111111111111111111111111111111111111111111111111111111111111111111111111111111111111111111111111
111111111111111111111111111111111111111111111111111111111111111111111111111111111111111111111111111111111111111111111111
111111111111111111111111111111111111111111111111111111111111111111111111111111111111111111111111111111111111111111111111
111111111111111111111111111111111111111111111111111111111111111111111111111111111111111111111111111111111111111111111111
111111111111111111111111111111111111111111111111111111111111111111111111111111111111111111111111111111111111111111111111
111111111111111111111111111111111111111111111111111111111111111111111111111111111111111111111111111111111111111111111111
111111111111111111111111111111111111111111111111111111111111111111111111111111111111111111111111111111111111111111111111
111111111111111111111111111111111111111111111111111111111111111111111111111111111111111111111111111111111111111111111111
111111111111111111111111111111111111111111111111111111111111111111111111111111111111111111111111111111111111111111111111
111111111111111111111111111111111111111111111111111111111111111111111111111111111111111111111111111111111111111111111111
111111111111111111111111111111111111111111111111111111111111111111111111111111111111111111111111111111111111111111111111
111111111111111111111111111111111111111111111111111111111111111111111111111111111111111111111111111111111111111111111111
111111111111111111111111111111111111111111111111111111111111111111111111111111111111111111111111111111111111111111111111
111111111111111111111111111111111111111111111111111111111111111111111111111111111111111111111111111111111111111111111111
111111111111111111111111111111111111111111111111111111111111111111111111111111111111111111111111111111111111111111111111
111111111111111111111111111111111111111111111111111111111111111111111111111111111111111111111111111111111111111111111111
111111111111111111111111111111111111111111111111111111111111111111111111111111111111111111111111111111111111111111111111
111111111111111111111111111111111111111111111111111111111111111111111111111111111111111111111111111111111111111111111111
111111111111111111111111111111111111111111111111111111111111111111111111111111111111111111111111111111111111111111111111
111111111111111111111111111111111111111111111111111111111111111111111111111111111111111111111111111111111111111111111111
111111111111111111111111111111111111111111111111111111111111111111111111111111111111111111111111111111111111111111111111
111111111111111111111111111111111111111111111111111111111111111111111111111111111111111111111111111111111111111111111111
111111111111111111111111111111111111111111111111111111111111111111111111111111111111111111111111111111111111111111111111
111111111111111111111111111111111111111111111111111111111111111111111111111111111111111111111111111111111111111111111111
111111111111111111111111111111111111111111111111111111111111111111111111111111111111111111111111111111111111111111111111
111111111111111111111111111111111111111111111111111111111111111101111111111111111111111111111111110111111111111111111111
111111111111111111111101111111111111111111111111111111111111110001111111111111111111111111111111110001111111111111111111
111111111111111111111000011111111111111111111111111111111110000000001111111111111111111111111111100000000111111111111111
111111111111111111100000011111111111111111111111111111111111000000001111111111111111111111111110000000000011111111111111
111111111111111100000000000111111111111111111111111111111110000000001111111111111111111111111111000000000011110111111111
111111111111111110000000000111111111111111111111111111111110000000111111111111111111111111111111100000000111011111111111
111111111111111110000000000111111111111111111111111111111000000000001111111111111111111111111111100000000000000000000000
111111111111111111000000000111111111111111111111111111111100000000000011111111111111111111111111100000000000000000000001
111111111111111111000000001111111111111111111111111111111100000000000001111111111111111111111111100000000000111100011111
111111111111111110000000000111111111111111111111111111111100000000000000011111111111111111111111100000000000111111111111
111111111111111110000000000111111111111111111111111111111100000001111111000111111111111111111111111100000000111111111111
000001111111000000000000000111111111111111111111111111111100000000111111111111111111111111111111111100000000111111111111
000000000000000111100000000111111111111111111111111111111000000000011111111111111111111111111111111000000000111111111111
000000000000001111000000000011111111111111111111111111111000000000001111111111111111111111111111110000000000111111111111
000000000000000000000000000001111111111111111111111111111000000000000111111111111111111111111111100000000000011111111111
