000000000000000000000000000000000000000000000000000000000000000000000000000000000000000000000000000000000000000000000000
000000000000000000000000000000000000000000000000000000000000000000000000000000000000000000000000000000000000000000000000
000000000000000000000000000000000000000000000000000000000000000000000000000000000000000000000000000000000000000000000000
000000000000000000000000000000000000000000000000000000000000000000110000000000000000000000000000000000000000000000000000
000000000000000000000000000000000000000000000000000000000000000001111000000000000000000000000000000000000000000000000000
000000000000000000000000000000000000000000000000000000000000000011111100000000000000000000000000000000000000000000000000
000000000000000000000000000000000000000000000000000000000000111111111111110000000000000000000000000000000000000000000000
000000000000000000000000000000000000000000000000000000000001111111111111111000000000000000000000000000000000000000000000
000000000000000000000000000000000000000000000000000000000011111111111111111100000000000000000000000000000000000000000000
000000000000000000000000000000000000000000000000000000000111111111111111111110000000000000000000000000000000000000000000
000000000000000000000000000000000000000000000000000001111111111111111111111111000000000000000000000000000000000000000000
000000000000000000000000000000000000000000000001111111111111111111111111111111111111100000000000000000000000000000000000
000000000000000000000000000000000000000000011111111111111111111111111111111111111111111110000000000000000000000000000000
000000000000000000000000000000000000000001111111111111111111111111111111111111111111111111100000000000000000000000000000
000000000000000000000000000000000000000011111111111111111111111111111111111111111111111111111000000000000000000000000000
000000000000000000000000000000000000000111111111111111111111111111111111111111111111111111111100000000000000000000000000
000000000000000000000000000000000000001111111111111111111111111111111111111111111111111111111111000000000000000000000000
000000000000000000000000000000000000000100000111111111111111111111111111111111111111111111000000000000000000000000000000
000000000000000000000000000000000000000010000011111111111111111111111111111111111111111110000000000000000000000000000000
000000000000000000000000000000000000000000000000010001111111111111111111000000000000001001000000000000000000000000000000
000000000000000000000000000000000000000000000000000011111111111111110011000000000000000000000000000000000000000000000000
000000000000000000000000000000000000000000000000000011111111111111111000000000000000000000000000000000000000000000000000
000000000000000000000000000000000000000000000000000011111111111111111000000000000000000000000000000000000000000000000000
000000000000000000000000000000000000000000000000000011111111111111111000000000000000000000000000000000000000000000000000
000000000000000000000000000000000000000000000000000000011111111111111100000000000000000000000000000000000000000000000000
000000000000000000000000000000000000000000000000000000111111111111111100000000000000000000000000000000000000000000000000
000000000000000000000000000000000000000000000000000000111111111111111110000000000000000000000000000000000000000000000000
000000000000000000000000000000000000000000000000000001111111111111111100000000000000000000000000000000000000000000000000
000000000000000000000000000000000000000000000000000011111111111111111100000000000000000000000000000000000000000000000000
000000000000000000000000000000000000000000000000000111111111111111111110000000000000000000000000000000000000000000000000
000000000000000000000000000000000000000000000000001111111111111111111111100000000000000000000000000000000000000000000000
000000000000000000000000000000000000000000000000001111111111111111111110000000000000000000000000000000000000000000000000
000000000000000000000000000000000000000000000000011111111111111111111110000000000000000000000000000000000000000000000000
000000000000000000000000000000000000000000000000111111111111111111111100000000000000000000000000000000000000000000000000
000000000000000000000000000000000000000000000001111111111111111111111100000000000000000000000000000000000000000000000000
000000000000000000000000000000000000000000000011111111111111111111111110000000000000000000000000000000000000000000000000
000000000000000000000000000000000000000000000111111111111111111111111111000000000000000000000000000000000000000000000000
000000000000000000000000000000000000000000001111111111111111111111111111100000000000000000000000000000000000000000000000
000000000000000000000000000000000000000000111111111111111111111111111111100000000000000000000000000000000000000000000000
000000000000000000000000000000000000000000111111111111111111111111111111110000000000000000000000000000000000000000000000
