111111111111111100000000000000000000000000000000000000000000000000000000000000000000000000000000000000001111111111111111
111111111111100000000000000000000000000000000000000000000000000000000000000000000000000000000000000000000011111111111111
111111111111000000000000000000000000000000000000000000000000000000000000000000000000000000000000000000000000111111111111
111111111100000000000000000000000000000000000000000000000000000000000000000000000000000000000000000000000000001111111111
111111110000000000000000000000000000000000000000000000000000000000000000000000000000000000000000000000000000000011111111
111111100000000000000011111111111111000000000000000000000000000000000000000000000000000000000000000000000000000001111111
111110000000000111111111111111111111111111000000000000000000000000000000000000000000000000000000000000000000000000111111
111100000000111111111111111111111111111111111100000000000000000000000000000000000000000000000000000000000000000000001111
111000000111111111111111111111111111111111111111100000000000000000000000000000000000000000000000000000000000000000000111
110000111111111111111111111111111111111111111111111100000000000000000000000000000000000000000000000000000000000000000011
100011111111111111111111111111111111111111111111111110000000000000000000000000000000000000000000000000000000000000000011
100111111111111111111111111111111111111111111111111111100000000000000000000000000000000000000000000000000000000000000001
011111111111111111111111111111111111111111111111111111110000000000000000000000000000000000000000000000000000000000000000
111111111111111111111111111111111111111111111111111111111000000000000000000000000000000000000000000000000000000000000000
111111111111111111111111111111111111111111111111111111111100000000000000000000000000000000000000000000000000000000000000
111111111111111111111111111000000011111111111111111111111110000000000000000000000000000000000000000000000000000000000000
111111111111111111111111000000000000011111111111111111111110000000000000000000000000000000000000000000000000000000000000
111111111111111111111110000000000000001111111111111111111111000000000000000000000000000000000000000000000000000000000000
111111111111111111111100000000000000001111111111111111111111000000000000000000000000001111111000000000000000000000000000
111111111111111111111100000000000000001111111111111111111111000000000000000000000000111111111111000000000000000000000000
111111111111111111111110000000000000001111111111111111111111000000000000000000000001111111111111100000000000000000000000
111111111111111111111111100000000000111111111111111111111111000000000000000000000011111111111111100000000000000000000000
111111111111111111111111111111011111111111111111111111111111000000000000000000000001111111111111000000000000000000000000
111111111111111111111111111111111111111111111111111111111111000000000000000000000000111111111110000000000000000000000000
111111111111111111111111111111111111111111111111111111111111000000000000000000000000000011100000000000000000000000000000
111111111111111111111111111111111111111111111111111111111111100000000000000000000000000000000000000000000000000000000000
111111111111111111111111111111111111111111111111111111111111110000000000000000000000000000000000000000000000000000000000
111111111111111111111111111111111111111111111111111111111111111000000000000000000000000000000000000000000000000000000000
111111111111111111111111111111111111111111111111111111111111111100000000000000000000000000000000000000000000000000000010
011111111111111111111111111111111111111111111111111111111111111111000000000000000000000000000000000000000000000000001110
001111111111111111111111111111111111111111111111111111111111111111100000000000000000000000000000000000000000000000011100
000111111111111111111111111111111111111111111111111111111111111111111100000000000000000000000000000000000000000011111000
000011111111111111111111111111111111111111111111111111111111111111111111000000000000000000000000000000000000001111110000
000001111111111111111111111111111111111111111111111111111111111111111111111100000000000000000000000000000011111111000000
000000011111111111111111111111111111111111111111111111111111111111111111111111110000000000000000000001111111111110000000
000000001111111111111111111111111111111111111111111111111111111111111111111111111111111111111111111111111111111100000000
000000000011111111111111111111111111111111111111111111111111111111111111111111111111111111111111111111111111110000000000
000000000001111111111111111111111111111111111111111111111111111111111111111111111111111111111111111111111111000000000000
000000000000011111111111111111111111111111111111111111111111111111111111111111111111111111111111111111111110000000000000
000000000000000111111111111111111111111111111111111111111111111111111111111111111111111111111111111111110000000000000000
