111111111111111111111111111111111111111111111111111111111111111111111111111111111111111111111111111111111111111111111111
111111111111111111111111111111111111111111111100000000000000001111111111111111000000000000011111111111111111111111111111
111111111111111111111111111111111111111111111000000000000000000001000000000000000000000000000111111111111111111111111111
111111111111111111111111111111111111111111111000000000000000000000000000000000000000000000000111111111111111111111111111
111111111111111111111111111111111111111111111000000000000000000000000000000000000000000000000111111111111111111111111111
111111111111111111111111111111111111111111111100000000000000000000000000000000000000000000000111111111111111111111111111
111111111111111111111111111111111111111111111110000000000000000000000000000000000000000000000111111111111111111111111111
111111111111111111111111111111111111111111111111000000000000000000000000000000000000000000000111111111111111111111111111
111111111111111111111111111111111111111111111111110000000000000000000000000000000000000000001111111111111111111111111111
111111111111111111111111111111111111111111111111110000000000000000000000000000000000001000011111111111111111111111111111
111111111111111111111111111111111111111111111111110000000000000000000000000000000000001111111111111111111111111111111111
111111111111111111111111111111111111111111111111110000000000000000000000000000000000000111111111111111111111111111111111
111111111111111111111111111111111111111111111111111000000000000000000000000000000000000011111111111111111111111111111111
111111111111111111111111111111111111111111111111111100000000000000000000000000000000000001111111111111111111111111111111
111111111111111111111111111111111111111111111111111000000000000000000000000000000000111111111111111111111111111111111111
111111111111111111111111111111111111111111111111110000000000000000000000000000000000111111111111111111111111111111111111
111111111111111111111111111111111111111111111111110000000000000000000000000000000000111111111111111111111111111111111111
111111111111111111111111111111111111111111111111100001000000000000000000000000000000111111111111111111111111111111111111
111111111111111111111111111111111111111111111111100001000000000000000000000000000010111111111111111111111111111111111111
111111111111111111111111111111111111111111111111100011000000000000000000000000000011111111111111111111111111111111111111
111111111111111111111111111111111111111111111111100110000000000000000000000000000001111111111111111111111111111111111111
111111111111111111111111111111111111111111111111101110000000000000000000000000000001111111111111111111111111111111111111
111111111111111111111111111111111111111111111111100000000000000000000000000000000000011111111111111111111111111111111111
111111111111111111111111111111111111111111111111110000000000000000000000000000000000001111111111111111111111111111111111
111111111111111111111111111111111111111111111111110000000000000000000000000000000000000111111111111111111111111111111111
111111111111111111111111111111111111111111111111111000000000000000000000000000000000000011111111111111111111111111111111
111111111111111111111111111111111111111111111111111000000000000000000000000000000000000000000001111111111111111111111111
111111111111111111111111111111111111111111111111100000000000000000000000000000000000000000000000111111111111111111111111
111111111111111111111111111111111111111111111110000000000000000000000000000000000000000000000001111111111111111111111111
111111111111111111111111111111111111111111111111000000000000000000000000000000000000000000000000011111111111111111111111
111111111111111111111111111111111111111111111111110000000000000000000000000000000000000000000000000111111111111111111111
111111111111111111111111111111111111111111111111111000000000000000000000000000000010000000000000000011111111111111111111
111111111111111111111111111111111111111111111111111000000000000000000000000000000111100000000000000000111111111111111111
111111111111111111111111111111111111111111111111111000000000000000000000000000000111110000000000000000011111111111111111
111111111111111111111111111111111111111111111111110000000000000000000000000000000111110000000000000000001111111111111111
111111111111111111111111111111111111111111111111000000000000000000000000000000000011111000000000000000000111111111111111
111111111111111111111111111111111111111111111110000000000000000000000000000000000011111000000000000000000111111111111111
111111111111111111111111111111111111111111111100000000000000000000000000000000000001111100000000000000000011111111111111
111111111111111111111111111111111111111111111000000000000000000000000000000000000001111100000000000000000011111111111111
111111111111111111111111111111111111111111110000000000000000000000000000000000000000111100000000000000000001111111111111
