000000000000000000000000000000000000000000000000000000000000000000000000000000000000000000000000000000000000000000000000
000000000000000000000000000000000000000000000000000000000000000000000000000000000000000000000000000000000000000000000000
000000000000000000000000000000000000000001111111111111100000000000000000000000000000000000000000000000000000000000000000
000000000000000000000000000000000001111111111111111111110000000000000000000000000000000000000000000000000000000000000000
000000000000000000000000000000011111111111111111111111110000000000000000000000000000000000000000000000000000000000000000
000000000000000000000000000011111111111111111111111111000000000000000000000000000000000000000000000000000000000000000000
000000000000000000000110001111111111111111111111111110000000000000000000000000000000000000000000000000000000000000000000
000000000000000000000001111111111111111111111111110000000000000000000000000000000000000000000000000000000000000000000000
000000000000000000000011111111111111111111111111111000000000000000000000000000000000000000000000000000000000010000000000
000000000000000000001111111111111111111111111111111110000000000000000000000000000000000000000000000000000000000000000000
000000000000000000011111111111111111111111111111111111000000000000000000000000000000000000000000000000000000000000000000
000000000000000000111111111111111111111111111111111111000000000000001000000000000000000000000000000000000000000000000000
000000000000000001111111111111111111111111111111111100000000000000000000000000000000000000000000000000000000000000000000
000000000000000011111111111111111111111111111111111000000001000000000000000000000000000000000000000000000000000000000000
000000000000000011111111111111111111111111111111000000000000000000000000000000000000000000000000000000000000000000100000
000000000000000011111111111111111111100011111111100000000000000000000000000000000000000000000000010000000000011000000000
000000000000000111111111111111111000000001111111111100000000000000000000000000000000000000000000000000000000000000000000
000000000000000111111111111111110000000000111111111111000000000000000000000000000000000000000000000000000000000000000000
000000000000000011111111111111100000000000111111111111100000000000000000000000000000000000000000000000000000000000000000
000000000000000011111111110000000000000001111111111111111000000000000000000000000000000000000000000000000000000000000000
000000000000000001111111110000000000000001111111111111100111100000110000000010000000000000000000000000000000000000000000
000000000000000000111000000000000000000001111111111111100111111000010000000000000000000000000000000000000000000000000000
000000000000000000000000011000000000000011111111111111111111111111100000000000000000000000000000000000000000000000000000
000000000000000000000000000000000000000001111111111111111111000000000000000000000000000000000000000000000000000000000000
000000000000000000000000000000000000000001111111111111100000000000000000000000000000000000000000000000000000000000000000
000000000000000000000000000000000000000000111111111111100000000000000000000000000000000000000000000000000000000000000000
000000000000000000000000000000000000000001111111111111100000000000000000000000000000000000000000000000000000000000000000
000000000000000000000000000000000000000111111111111111110000000000000000000000000000000000010000000000000000000000000000
000000111110000000000000000000000000011111111111111111110000000000000000000000000000000000000000000000000000000000000000
000000000000000000000000000000000000111111111111111111110000000000000000000000000000000000000000000000000000000000000000
000000000000000000000000000000000111111111111111111111110000000000000000000000000000000000000000000000000000000000000000
000000000000000000000000000000111111111111111111111111111000000000000000000000000000000000000000000000000000000000000000
000000000011111100000000001111111111111111111111111111111000000000000000000000000000000000000000000000000000000000000000
000000001111100000000111111111111111111111111111111111111000000000000000000000000000000000000000000000000000000000000000
000000000000000001111111111111111111111111111111111111111000000000000000000000000000000000000000000000000000000000000000
000000000000000011111111111111111111111111111111111111111100000000000000000000000000000000000000000000000000000000000000
000000000000000111111111111111111111111111111111111111111100000000000000000000000000000000000000000000000000000000000000
000000000000000001111111111111111111111111111111111111111100000000000000000000000000000000000000000000000000000000000000
000000000000000000000000111111111111111111111111111111111100000000000000000010000000000000000000000000000000000000000000
000000000000000000000000000011111111111111111111111111111100000000000000000001000000000000000000000000000000000000000000
