000000000000000000000000000000000000000000000000000000000000000000000000000000000000000111110000000000000000000000000000
000000000000000000000000000000000000000000000000000000000000000000000000000000000000111111111110000000000000000000000000
000000000000000000000000000000000000000000000000000000000000000000000000000000000011111111111111111000000000000000000000
000000000000000000000000000000000000000000000000000000000000100000000000000000000011111111111111111100000000000000000000
000000000000000000000000000000000000000000000000000000000000000000000000000000000011111111111111111110000000000000000000
000000000000000000000000000000000000000000000000000000000000000000000000000000000001111111111111001110000000000000000000
000000000000000000000000000000000000000000000000000000000000000000000000000000000000001111111100000000000000000000000000
000000000000000000000000000000000000000000000000000000000000111110000000000000000000000000000000000000000000000000000000
000000000000000000000000000000000000000000000000000111111111111110000000000000000000000000000000000000000000000000000000
000000000000000000000000000000000000000000000000011111111111111111000000000000000000000000000000000000000000000000000000
000000000000000000000000000000000000000000000000111111111111111110000000000000000000000000000000000000000000000000000000
000000000000000000000000000000000000000000000000111111111111111000000000000000000000000000000000000000000000000000000000
000000000000000000000000000000000000000000000000011111111111100000000000000000000000000000000000000000000000000000000000
000000000000000000000000000000000000000000000000000011111100000000000000000000000000000000000000000000000000000000000000
000000000000000000000000000000000000000000000000000111111111100000000000000000000000000000000000000000000000000000000000
000000000000000011111000000000000000000000000000111111111111111110000000000000000000000000000000000000000000000000000000
000000000000000011111100000000000000000000000001111111111111111111000000000000000000000000000000000000000000000000000000
000000000000000011111000000000000000000000000001111111111111111111100000000000000000000000000000000000000000000000000000
000000000000000111111100000000000000000000000001111111111111111001111000000000000000000000000000000000000000000000000000
000000000000011111111100000000000000000000000011100111111111100000011110000000000000000000000000000000000000000000000000
000000000000111111111111000000000001100000000111101111111111100000000011110000000000000000000000000000000000000000000000
000000000000001111111100000000000000000111000110000111111111000011111111111100000000000000000000000000000000000000000000
000000000000001111111100000000000000000000011111101111111111111111100000001111000000000000000000000000000000000000000000
000000000000000111111100000000000001000000111111111111111111110000000000000000110000000000000000000000000000000000000000
000000000000000111111100000000000111111111111110111111111111111000000000000000000100000000000000000000000000000000000000
000000000000001111111100000000111100000000000000111111111111111111110000000000000001000000000000000000000000000000000000
000000000000001111111110000000000000000000000001111111111111111110001111111000000000011000000000000000000000000000000000
000000000000000111111000000000000000000000000011111111111111111111000000000000000000000010000000000000000000000000000000
000011111111111000000000000000000000000000000011111111111111111111110000000000000000000000110000000000000000000000000000
000000000000000000000000000000000000000000000111111111111111111111111110000000000000000000000100000000000000000000000000
000000000000000000000000000000000000000000000111111111111111111111111110000000000000000000000001100000000000000000000000
000000000000000000000000000000000000000000001111111111111111111111111100000000000000000000000000001000000000000000000000
000000000000000000000000000000000000000000000111111111111111111111100000000000000000000000000000000011000000000000000000
000000000000000000000000000000000000000000000011111111111111111100000000000000000000000000000000000000010000000000000000
000000000000000000000000000000000000000000000011110000000000011110000000000000000000000000000000000000000100000000000000
000000000000000000000000000000000000000000000111100000000000011110000000000000000000000000000000000000000001100000000000
000000000000000000000000000000000000000000000111100000000000011110000000000000000000000000000000000000000000001000000000
000000000000000000000000000000000000000000000111100000000000001110000000000000000000000000000000000000000000000000000000
000000000000000000000000000000000000000000000111000000000000001111000000000000000000000000000000000000000000000000000000
000000000000000000000000000000000000000000000111000000000000001111000000000000000000000000000000000000000000000000000000
