000000000000000000000000000000000000111111111111111111111111111111111111111111110000000000000000001111111111111111111111
000000000000000000000000000000000000011111111111111111111111111111111111111100000000000000000000000011111111111111111111
000000000000000000000000000000000001111111111111111111111111111111111111000000000000000000000000000000011111111111111111
000000000000000000000000000000000111111111111111111111111111111110000000000000000000000000000000000000000001111111111111
000000000000000000000000000000000001111111111111111111111110000000000000000000000000000000000000000000000000000111111111
000000000000000000000000000000000000011111111111111111111100000000000000000000000000000000000000000000000000000000001111
000000000000000000000000000000000000000111111111111111111110000000000000000000000000000000000000000000000000000000000000
000000000000000000000000000000000000000001111111111111111111000000000000000000000000000000000000000000000000000000000000
000000000000000000000000000000000000000001111111111111111111100000000000000000000000000000000000000000000000000000000000
000000000000000000000000000000000000001111111111111111111111110000000000000000000000000000000000000000000000000000000000
000000000000000000000000000000000111111111111111111111111111111000000000000000000000000000000000000000000000000000000000
000000000000000000000000000000000111111111111111111111111111111100000000000000000000000000000000000000000000000000000001
000000000000000000000000000000000011111111111111111111111111111111000000000000000000000000000000000000000000000000000011
000000000000000000000000000000000001111111111111111111111111111111110000000000000000011000000000000000000000000000001111
000000000000000000000000000000000000111111111111111111111111111111111110000000000000011000000000000000000000000000111111
001111110000000000001110000000000000111111111111111111111111111111111111110000000000111100000000000000000000000111111111
111111111100000000011111111100000000111111111111111111111111111111111111111111110011111100000000000000000001111111111111
111111111111000001111111111111111111111111111111111111111111111111111111111111111111111111111000001111111111111111111111
111111111111111111111111111111111111111111111111111111111111111111111111111111111111111111111111111111111111111111111111
111111111111111111111111111111111111111111111111111111111111111111111111111111111111111111111111111111111111111111111111
111111111111111111111111111111111111111111111111111111111111111111111111111111111111111111111111111111111111111111111111
111111111100001111111111111111111111111111111111111111111111111111111111111111111111111110000011111111111111111111111111
111111111000000011111111111111111111111111111111111111111111111111111111111111111111111000000000001111111110001111111111
111111110000000001111111111111111111111111111111111000111111111111111111111111111111111000000000000001111000000001111111
111111100000000000011111111111111111111110000000000001111111111111110000000111111111110000000000000000000000000000111111
111111100000000000001111111111111100000000000000000011111111111111100000000000000000000000000000000000000000000000011111
111111000000000000000111111110000000000000000000001111111111111111100000000000000000000000000000000000000000000000000000
111111000000000000000011110000000000000000000000011111111111111111110000000000000000000000000000000000000000000000000000
111111100000000000000011000000000000000000000001111111111111111111111000000000000000000000000000000000000000000000000000
000111110000000000000000000000000000000000000011111111111111111111111110000000000000000000000000000000000000000000000000
000000001100000000000000000000000000000000001111111111111111111111111111000000000000000000000000000000000000000000000000
000000000000000000000000000000000000000000111111111111111111111111111111110000000000000000000000000000000000000000000000
000000000000000000000000000000000000000111111111111111111111111111111111100000000000000000000000000000000000000000000000
000000000000000000000000000000000001111111111111111111111111111111111100000000000000000000000000000000000000000000000000
110000000000000000000000000000001111111111111111111111111111111111100000000000000000000000000000000000000000000000000000
111111100000000000000000000000000000011111111111111111111111111110000000000000000000000000000000000000000000000000000000
111110000000000000000000000000000000000011111111111111111111111111000000000000000000000000000000000000000000000000000000
100000000000000000000000000000000000000000111111111111111111111111111000000000000000000000000000000000011011110000000000
000001111110000000000010000000000000000000001111111111111111111111111111000000000000000000000000000011111111111100000000
011111111110000000000001100000000000000000000011111111111111111111111111111100000000000000000000000001111111111111100000
