111111111111111111111111111111111111111111111111111111111111111111111111111111110000000000000000000000000000000000111111
111111111111111111111111111111111111111111111111111111111111111111111111111111110000000000000000000000000000000000111111
111111111111111111111111111111111111111111111111111111111111111111111111111111110000000000000000000000000000000001111111
111111111111111111111111111111111111111111111111111111111111111111111111111111110000000000000000000000000000000011111111
111111111111111111111111111111111111111111111111111111111111111111111111111111110000000000000000000000000000000111111111
111111111111111111111111111111111111111111111111111111111111111111111111111111111110000000000000000000000000001111111111
111111111111111111111111111111111111111111111111111111111111111111111111111111111111100000000000000000000000000111111111
111111111111111111111111111111111111111111111111111111111111111111111111111111111111110000000000000000000000000011111111
111111111111111111111111111111111111111111111111111111111111111111111111111111111111100000000000000000000000001001111111
111111111111111111111111111111111111111111111111111111111111111111111111111111111110000000000000000000000000000001111111
111111111111111111111111111111111111111111111111111111111111111111111111111111111000000000000000000000000000000011111111
111111111111111111111111111111111111111111111111111111111111111111111111111111000000000000000000000000000000111111111111
111111111111111111111111111111111111111111111111111111111111111111111111111100000000000000000000000000000111111111111111
111111111111111111111111111111111111111111111111111111111111111111111111111000000000000000000000000000000111111111111111
111111111111111111111111111111111111111111111111111111111111111111111111111100000000000000000000000000001111111111111111
111111111111111111111111111111111111111111111111111111111111111111111111111000000000000000000000000000000111111111111111
111111111111111111111111111111111111111111111111111111111111111111111111110000000000000000000000000001111111111111111111
111111111111111111111111111111111111111111111111111111111111111111111111100000000000000000000000000111111111111111111111
111111111111111111111111111111111111111111111111111111111111111111111111100000000000000000000000000111111111111111111111
111111111111111111111111111111111111111111111111111111111111111111111111100000000000000000000000001111111111111111111111
111111111111111111111111111111111111111111111111111111111111111111111111100000000000000000000000001111111111111111111111
111111111111111111111111111111111111111111111111111111111111111111111111110000000000000000000000011111111111111111111111
111111111111111111111111111111111111111111111111111111111111111111111111111000000000000000000000011111111111111111111111
111111111111111111111111111111111111111111100000011111111111111111111111111000000000000000000000011111111111111111111111
111111111111111111111111111111111111111100000000001111111111111111111111111100000000000000000000011111111111111111111111
111111111111111111111111111111111111111000000000000111111111111111111111111000000000000000000000011111111111111111111111
111111111111111111111111111111111111111000000000001111111111111111111111100000000000000000000000001111111111111111111111
111111111111111111111111111111111111110000000000011111111111111111111110000000000000000000000000000111111111111111111111
111111111111111111111111111111111111110000000000111111111111111111110000000000000000000000000000000011111111111111111111
111111111111111111111111111111111111110000000000001111111111111111000000000000000000000000000000000011111111111111111111
111111111111111111111111111111111111100000000000000011111111111000000000000000000000000000000000000001111111111111111111
111111111111111111111111111111111111100000000000000001111111100000000000000000000000000000000000000000011111111111111111
111111111111111111111111111111111111000000010000000000000000000000000000000000000000000000000000000000001111111111111111
111111111111111111111111111111111111000000010000000000000000000000000000000000000000000000000000000000000111111111111111
111111111111111111111111111111111110000000110000000000000000000000000000110000000000000000000000000000000001111111111111
111111111111111111111111111111111110000000110000000000000000000000001111110000000000000000000000000000000000111111111111
111111111111111111111111111111111111000000110000000000000000000011111111110000000000000000000000000000000000011111111111
111111111111111111111111111111111111000001111000000000000000011111111111100000000000000000000000000000000000001111111111
111111111111111111111111111111111111100001111000000000000000011111111111100000000000000000000000000000000000000111111111
111111111111111111111111111111111111100111111000000000000000011111111111000000000000000000000000000000000000000011111111
