111000111111111111111111111111111111111111111111111111111111111111111111111111111111111000001111111111111111111111111111
111000111111111111111111111111111111111111111111111111111111111111111111111111111111111100000111111111111111111111111111
111000111111111111111111111111111111111111111111111111111111111111111111111111111111111110000011111111111111111111111111
110000011000000000000000111111111111111111111111111111111111111111111111111111111111111111100000111111111111111111111111
000000000000000000000000111111111111111111111111111111111111111111111111111111111111111111110000000111111111111111111111
000000000000000000000000000111111111111111111111111111111111111111111111111111111111111111111000000000000111111111111111
000000000000000000000000000000001111111111111111111111111111111111111111111111111111111111111100000000000000000000000000
000000000000000000000000000000001111111111111111111111111111111111111111111111111111111111111100000000000000000000000000
000000000000000000000000000000111111111111111111111111111111111111111111111111111111111111111100000000000000000000000000
000000000000000000000000000001111111111111111111111111111111111111111111111111111111111111111000000000000000000000000000
000000000000000000000000000000011111111111111111111111111111111111111111111111111111111111110000000000000000000000000000
000000000000000000000000000000001111111111111111111111111111111111111111111111111111111111100000000000000000000000000000
000000000000000000000000000000000111111111111111111111111111111111111111111111111111111111000000000000000000000000000000
000000000000000000000000000000000111111111111111111111111111111111111111111111111111111110000000000000000000000000000000
000000000000000000000000000111111111111111111111111111111111111111111111111111111111111100000000000000000000000000000000
000000000000000000000000000111111111111111111111111111111111111111111111111111111111110000000000000000000000000000000000
000000000000000000000000000111111111111111111111111111111111111111111111111111111111100000000000000000000000000000000000
000000000000000000000000000011111111111111111111111111111111111111111111111111111110000000000000000000000000000000000000
000000000000000000000000000011111111111111111111111111111111111111111111111111111000000000000000000000000000000000100000
000000000000000000000000000011111111111111111111111111111111111111111111111111111000000000000000000000000000000000111000
010000000000000001111111000111111111111111111111111111111111111111111111111111111110000000000000000000000000000000011110
111000000000000011111111111111111111111111111111111111111111111111111111111111111111110000000000000000000000000000001111
111100000000000111111111111111111111111111111111111111111111111111111111111111111111111111000000000000000000000000011111
111111000000001111111111111111111111111111111111111111111111111111111111111111111111111111111111000000000000000011111111
111111100000011111111111111111111111111111111111111111111111111111111111111111111111111111111111111111111111111111111111
111111111000111111111111111111111111111111111111111111111111111111111111111111111111111111111111111111111111111111111111
111111111111111111111111111111111111111111111111111111111111111111111111111111111111111111111111111111111111111111111111
111111111111111111111111111100011111111111111111111111111111111111111111111111111111111111111111111111111110000111111111
111111111111111111111111000000011111111111111111111111111111111111111111111111111111111111110000000001110000000011111111
100001111111111111111000000000011111111111111111111111111111111111111111111111111111111111100000000000000000000000111111
100000001111111111100000000000011111111111111111111111111111111111111111111111111111111111100000000000000000000000011111
100000000001111110000000000000011111111111111111111111111111111111111111111110000000000000000000000000000000000000001100
100000000000011100000000000000011111111111111111111111111111111111111111111100000000000000000000000000000000000000000000
110000000000001100000000000000011111111111111111111111111111111111111111111100000000000000000000000000000000000000000000
111000000000000100000000000000011111111111111111111111111111111111111111111100000000000000000000000000000000000000000000
111100000000000000000000000000111111111111111111111111111111111111111111111110000000000000000000000000000000000000000000
111111000000000000000000000011111111111111111111110111111111111111111111111110000000000000000000000000000000000000000000
111111100000000000000000000000000000000000000111110111111111111111111111110000000000000000000000000000000000000000000000
000000000000000000000000000000000000000000000000000011111111111111111000000000000000000000000000000000000000000000000000
000000000000000000000000000000000000000000000000000000001111111110000000000000000000000000000000000000000000000000000000
