111111111111111111111111111111111111111111111111111111111111111111111111111111111111111111111111111111111111111111111111
111111111111111111111111111111111111111111111111111111111111111111111111111111111111111111111111111111111111111111111111
111111111111111111111111111111111111111111111111111111111111111111111111111111111111111111111111111001111111111111111111
111111111111111111111111111111111111111111111111111111111111111111111111111111111111111111111111000111111111111111111111
111111111111111111111111111111111111111111111111111111111111111111111111111111111111111111111000011111111111111111111111
111111111111111111111111111111111111111111111111111111111111111111111111111111111111111111100000111111111111111111111111
111111111111111111111111111111000011111111111111111111111111111111111111111111111111111100000000111111111111111111111111
111111111111111111111111100000000000000011111111111111111111111111111111111111111111110000000000011111111111111111111111
111111111111111111111110000000000000000000111111111111111111111111111111111111111100000000000001111111111111111111111111
111111111111111111111100000000000000000000001111111111111111111111111111001111100000000011111111111111111111111111111111
111111111111111111111000000000000000000000000111111111111111111000000000000100000000001111111111111111111111111111111111
111111111111111111110000000000000000000000000000000001111111000000000000000000000001111111111111111111111111111111111111
111111111111111111110000000000000000000000000000000000011110000000000000000000000010000000001111111111111111111111111111
111111111111111111100000000000000000000000000000000000000100000000000000000000000000000000001111111111111111111111111111
111111111111111111110000000000000000000000000000000000000010000000000000000000000000000000001111111111111111111111111111
111111111111111111111000000000000000000000000000000000000000000000000000000000000000000000011111111111111111111111111111
111111111111111111111100000000000000000000000000000000000000000000000000000000000000000000011111111111111111111111111111
111111111111111111111111100000000000000000000000000000000000000000000000000000000000000001111111111111111111111111111111
111111111111111111111111111111111110000000000000000000010000000000000000000000000000000011111111111111111111111111111111
111111111111111111111111111111111000000000100000000001111100000000000000000000000001101111111111111111111111111111111111
111111111111111111111111111111110000000001111111111111111000000000000000000000000001111111111111111111111111111111111111
111111111111111111111111111111001000000001111111111111111000000000000000000000000011111111111111111111111111111111111111
111111111111111111111111111111111100000000111111111111110000000000000000000000000011111111111111111111111111111111111111
111111111111111111111111111111111110000000111111111111100000000000000000000000000011111111111111111111111111111111111111
111111111111111111111111111111111110000000111111111100000000000000000000000000000111111111111111111111111111111111111111
111111111111111111111111111111111111000000111000000000000000000000000000000000000111111111111111111111111111111111111111
111111111111111111111111111111111111000000000000000000000000000000000000000000000111111111111111111111111111111111111111
111111111111111111111111111111111111000000000000000000000000000000000000000000000111111111111111111111111111111111111111
111111111111111111111111111111111111100000000111100000000000000000000000000000000111111111111111111111111111111111111111
111111111111111111111111111111111111110011111111100000000000000000000000000000000111111111111111111111111111111111111111
111111111111111111111111111111111111110011111111100000000000000000000000000000000001111111111111111111111111111111111111
111111111111111111111111111111111111101101111111100000000000000000000000000000000000011111111111111111111111111111111111
111111111111111111111111111111111111101101111111100000000000000000001100000000000000000111111111111111111111111111111111
111111111111111111111111111111111111110011111111100000000000000000001111000000000000000011111111111111111111111111111111
111111111111111111111111111111111111110011111111110000000000000000001111000000001000000001111111111111111111111111111111
111111111111111111111111111111111111101101111111110000000000000000001111000000000000000001111111111111111111111111111111
111111111111111111111111111111111111101101111111110000000000000000001111000000000000000011111111111111111111111111111111
111111111111111111111111111111111111110111111111110000000000000000001111100000000000001111111111111111111111111111111111
111111111111111111111111111111111111100011111111100000000000000000000111100000000000011111111111111111111111111111111111
111111111111111111111111111111111111111011111111000000000000000000000000000000000001111111111111111111111111111111111111
