111111111111111111111111111111111111111111111111111111111111111111111111111111111111111111111000000000000000000000001111
111111111111111111111111111111111111111111111111111111111111111111111111111111111111111110000000000000000000000000000001
111111111111111111111111111111111111111111111111111111111111111111111111111111111111100000000000000000000000000000000000
111111111111111111111111111111111111111111111111111111111111111111111111111111111100000000000000000000000000000000000000
111111111111111111111111111111111111111111111111111111111111111111111111111111111000000000000000000000000000000000000000
111111111111111111111111111111111111111111111111111111111111111111111111111111100000000000000000000000000000000000000000
111111111111111111111111111111111111111111111111111111111111111111111111111111000000000000000000000000000000000000000000
111111111111111111111111111111111111111111111111111111111111111111111111111111000000000000000000000000000000000000000000
111111111111111111111111111111111111111111111111111111111111111111111111111110000000000000000000000000000000000000000000
111111111111111111111111111111111111111111111111111111111111111111111111111110000000000000000000000000000000000000000000
111111111111111111111111111111111111111111111111101111111111111111111111111111000000000000000000000000000000000000000000
111111111111111111111111111111111111111111111111110011111111111111111111111111000000000000000000000000000000000000000000
111111111111111111111111111111111111111111111111111000011111111111111111111111100000000000000000000000000000000000000000
111111111111111111111111111111111111111111111111111110000111111111111111111111111100000000000000000000000000000000000000
111111111111111111111111111111111111111111111111111100000000001111111111111111111110000000000000000000000000000000000000
111111111111111111111111111111111111111111111111110000000000000111111111111111111000000000000000000000000000000000000000
111111111111111111111111111111111111111111111111110000000000000011111111111111111110000000000000000000000000000000000000
111111111111111111111111111111111111111111111111111000000000000011111111111111111111000000000000000000000000000000000000
111111111111111111111111111111111111111111111111111000000000000001111111111111111111100000000000000000000000000000000000
111111111111111111111111111111111111111111111111111000000000000100011111111111111111110000000000000000000000000000000000
111111111111111111111111111111111111111111111111111100000000001111000111111111111111111000001000000000000000000000000000
111111111111111111111111111111111111111111111111111100000000001111110001111111111111111111111100000000000000000000000000
111111111111111111111111111111111111111111111111111000000000011111111100111111111111111111111100000000000000000000000000
111111111111111111111111111111111111111111111111111000000000111111111111111111111111111111100000000000000000000000000000
111111111111111111111111111111111111111111111111111000000000011111111111111111111111111110000000000000000000000000000000
111111111111111111111111111111111111111111111111111000000000011111111111111111111111111000000000000000000000000000000000
111111111111111111111111111111111111111111111111111000000000011111111111111111111100000000000000000000000000000000000000
111111111111111111111111111111111111111111111111111000000000011111111111110000000000000000000000000000000000000000000000
111111111111111111111111111111111111111111111111111000000000001111111111110000000000000000000000000000000000000000000000
111111111111111111111111111111111111111111111111111000000000001111111000000000000000000000000000000000000000000000000000
111111111111111111111111111111111111111111111111111000000000001111100000000000000000000000000000000000000000000000000000
111111111111111111111111111111111111111111111111111000000000000000000000000000000000000000000000000000000000000000000000
111111111111111111111111111111111111111111111111111000000000000000000000000000000000000000000000000000000000000000000000
111111111111111111111111111111111111111111111111111000000000000000000000000000000000000000000000000000000000000000000000
111111111111111111111111111111111111111111111111111000000000000000000000000000000000000000000000000000000000000000000000
111111111111111111111111111111111111111111111111111000000000000000000000000000000000000000000000000000000000000000000000
111111111111111111111111111111111111111111111111111100000000000000011111111100000000000000000000000000000000000000000000
111111111111111111111111111111111111111111111111111111100000111111111111111100000000000000000000000000000000000000000000
111111111111111111111111111111111111111111111111111111111111111111111111111100000000000000000000000000000000000000000000
111111111111111111111111111111111111111111111111111111111111111111111111111100000000000000000000000000000000000000000000
