000000000000000000000000000000000000000000000000000000000000000000000000000000000000000000000000000000000000000000000000
000000000000000000000000000000000000000000000000000000000000000000000000000000000000000000000000000000000000000000000000
000000000000000000000000000000000000000000000000000000000000000000000000000000000000000000000000000000000000000000000000
000000000000000000000000000000000000000000000000000000000000000000000000000000000000000000000000000000000000000000000000
000000000000000000000000000000000000000000000000000000000000000000000000000000000000000000000000000000000000000000000000
000000000000000000000000000000000000000000000000000000000000000000000000000000000000000000000000000000000000000000000000
000000000000000000000000000000000000000000000000000000000000000000000000000000000000000000000000000000000000000000000000
000000000000000000000000000000000000000000000000000000000000000000000000000000000000000011111111111111111110000000000000
000011111100000000000000000000000000000000000000000000000000000000000000000000000000000111111111111111111111000000000000
000111111000000000000000000000000000000000000000000000000000000000000000000000000000001111111111111111111111100000000000
000111111111111100000000000000000000000000000000000000000000000000000000000000001111111111111111111111111111000000000000
000000111111111111111111110000000011111111111110000000000000000000000000000000000011111111111111111111111111111111000000
000000111111111111111111111111111111111111111111111111110000000000000000000000000011111111111111111111111111000000000000
000000111111111111111111111111111110000000000011111111111111111000000000000000000111111111111111111111111111000000000000
000001111111111111111100000000000000000000000000000000111111111111100000000000011111111111111111111111111111000000000000
000001111111111111111100000000000000000000000000000000000000111111111110000000011111111111111111111111111000000000000000
000011111111111111111000000000000000000000000000000000000000000001111111111000001111111111111111111111100000000000000000
000011111111111111110000000000000000000000000000000000000000000000000111111111101111111111111111111111111110000000000000
000111111111111111110000000000000000000000000000000000000000000000000000011111111111111111111111111111111111000000000000
000111111111111111100000000000000000000000000000000000000000000000000000000011111111111111111111111111111111000000000000
000111111111111111100000000000000000000000000000000000000000000000000000000000111111111111111111111111111100000000000000
001111111111111111000000000000000000000000000000000000000000000000000000000001111111111111111111111111100000000000000000
001111111111111111000000000000000000000000000000000000000000000000000000000111111111111111111111111111111000000000000000
001111111111111110000000000000000000000000000000000000000000000000000000001111111111111111111111111111111110000000000000
001111111111111110000000000000000000000000000000000000000000000000000000001111111111111111111111111111111110000000000000
001111111111111110000000000000000000000000000000000000000000000000000000001111111111111111111111111111111111100000000000
001111111111111100000000000000000000000000000000000000000000000000000000011111111111111111111111111111111111110000000000
001111111111111100000000000000000000000000000000000000000000000000000001111111111111111111111111111111111111111100000000
001111111111111100000000000000000000000000000000000000000000000000000011111111111111111111111111111111111111111111000000
001111111111111000000000000000000000000000000000000000000000000000000111111111111111111111111111111111111111111111100000
001111111111111000000000000000000000000000000000000000000000000000000111111110011111111111111110111111111111111111000000
001111111111111000000000000000000000000000000000000000000000000000000001110000011111111111111100000000000111111000000000
001111111111111000000000000000000000000000000000000000000000000000000000000000111111111111111100000000000001111100000000
000111111111111000000000000000000000000000000000000000000000000000000000000001111111111111111110000000000000111111000000
000111111111111000000000000000000000000000000000000000000000000000000000000111111111111111111110000000000000011111100000
000111111111111000000000000000000000000000000000000000000000000000000000011111111111111111111111000000000000001111110000
000011111111111000000000000000000000000000000000000000000000000000000000111111111111111111111111100000000000000111110000
000001111111111100000000000000000000000000000000000000000000000000000001111111111111111111111111100000000000000011111000
000000111111111100000000000000000000000000000000000000000000000000000011111111111111111111111111110000000000000001111100
000000011111111100000000000000000000000000000000000000000000000000000111111111111111111111111111110000000000000001111100
