000000000000000000000000000000000000000000000000000000000000000000000000000000000000000000000000000000000000000000000000
000000000000000000000000000000000000000000000000000000000000000000000000000000000000000000000000000000000000000000000000
000000000000000000000000000000000000000000000000000000111010000000000000000000000000000000000000000000000000000000000000
000000000000000000000000000000000000000000000000000011111111110000000000000000000000000000000000000000000000000000000000
000000000000000000000000000000000000000000000000000111111111111100000111111000000000000000000000000000000000000000000000
000000000000000000000000000000000000000000000000000111111111111111111111111000000000000000000000000000000000000000000000
000000000000000000000000000000000000000000000000000111111111111111111111110000000000000000000000000000000000000000000000
000000000000000000000000000000000000000000000000000001111111111111111111100000000000000000000000000000000000000000000000
000000000000000000000000000000000000000000000000000011111111111111111111110000000000000000000000000000000000000000000000
000000000000000000000000000000000000000000000000000111111111111111111111110000000000000000000000000000000000000000000000
000000000000000000000000000000000000000000000000001111111111111111111111110000000000000000000000000000000000000000000000
000000000000000000000000000000000000000000000000001111111111111111111111110000000000000000000000000000000000000000000000
000000000000000000000000001100000000000000000000011111111111111111111111000000000000000000000000000000000000000000000000
000000000000000000000000011110000000000000000000011111111111111111111000000000000000000000000000000000000000000000000000
000000000000000000000000011111111000000000000000011111111111111111110000000000000000000000000000000000000000000000000000
000000000000000000000110011111111100000000000000111111111111111111110000000000000000000000000000000000000000000000000000
000000000000000000000111111111111100000000000000111111111111111111111100000000000000000000000000000000000000000000000000
000000000000000000000011111111111100000000000000111111111111111111111110000000000000000000000000000000000000000000000000
000000000000000000000011111111111100000000000001111111111111111111111111100000000000000000000000000000000000000000000000
000000000000000000000001111111111000000000000111111111111111111111111111111000000000000000000000000000000000000000000000
000000000000000000000001111111110000000000001111111111111111111111111111111100000000000000000000000000000000000000000000
000000000000000000000000011111000000000000011111111111111111111111111111111110000000000000000000000000000000000000000000
000000000000000000011111111111101111000000101111111111111111111111111111111100000000000000000000000000000000000000000000
000000000000000000000011111111111111111101001111111111111111111111111111111100000000000000000000000000000000000000000000
000000000000000000000000000000011111111111111111111111111111111111111111111110000000000000000000000000000000000000000000
000000000000000000000000000000000111111111111111111111111111111111111001111111111000000000000000000000000000000000000000
000000000000000000000000000000000000000001111111111111111111111111111000111111111111111111011111111110000000000000000000
000000000000000000000000000000000000000000011111111111111111111111110000011111111111111111111111111100000000000000000000
000000000000000000000000000000000000000000011111111111111111111111111100000000000001111110000000000000000000000000000000
000000000000000000000000000000000000000000011011111111111111111111111100000000000000000000000000000000000000000000000000
000000000000000000000000000000000000000000000011111111111111111111111100000000000000000000000000000000000000000000000000
000000000000000000000000000000000000000000000000011111111111111111111100000000000000000000000000000000000000000000000000
000000000000000000000000000000000000000000000000011111111111111111111110000000000000000000000000000000000000000000000000
000000000000000000000000000000000000000000000000111111111111111111111111000000000000000000000000000000000000000000000000
000000000000000000000000000000000000000000000001111111111111111111111111100000000000000000000000000000000000000000000000
000000000000000000000000000000000000000000000011111111111111111111111111110000000000000000000000000000000000000000000000
000000000000000000000000000000000000000000000011111111111111111111111111111000000000000000000000000000000000000000000000
000000000000000000000000000000000000000000000111111111111111111111111111111100000000000000000000000000000000000000000000
000000000000000000000000000000000000000000001111111111111111111111111111111100000000000000000000000000000000000000000000
000000000000000000000000000000000000000000001111111111111111111111111111111110000000000000000000000000000000000000000000
