111111111111111111111111111111111111111111111111111111111111111111111111111111111111111111111111111111111111111111111000
111111111111111111111111111111111111111111111111111111111111111111111111111111111111111111111111100000000000000000000000
111111111111111111111111111111111111111111111111111111111111111111111111111111111111111111111000000000000000000000000000
111111111111111111111111111111111111111111111111111111111111111111111111111111111111111111000000000000000000000000000000
111111111111111111111111111111111111111111111111111111111111111111111111111111111111111100000000000000000000000000000000
111111111111111111111111111111111111111111111111111111111111111111111111111111111111111000000000000000000000000000000000
111111111111111111111111111111111111111111111111111111111111111111111111111111111110000000000000000000000000000000000000
111111111111111111111111111111111111111111111111111111111111111111111111100000000000000000000000000000000000000000000000
111111111111111111111111111111111111111111111111111111111111111111111111000000000000000000000000000000000000000000000000
111111111111111111111111111111111111111111111111111111111111111111111111100000000000000000000000000000000000000000000000
111111111111111111111111111111111111111111111111111111111111111111111111110000000000000000000000000000000000000000000000
111111111111111111111111111111111111111111111111111111111111111111111111111111100000000000000000000000000000000000000000
111111111111111111111111111111111111111111111111111111111111111111111111111111110000000000000000000000000000000000000000
111111111111111111111111111111111111111111111111111111111111111111111111111111111000000000000000000000000000000000000000
111111111111111111111111111111111111111111111111111111111111111111111111111111111111000000000000000000000000000000000000
111111111111111111111111111111111111111111111111111111111111111111111111111111111100000000000000000000000000000000000000
111111111111111111111111111111111111111111111111111111111111111111111111111111111110000000000000000000000000000000000000
111111111111111111111111111111111111111111111111111111111111111111111111111111111111000000000000000000000000000000000000
111111111111111111111111111000000000000111111111111111111111111111111111111111111111000000000000000000000000000000000000
111111111111111111111000000000000000000000000111111111111111111111111111111111111111100000000000000000000000000000000000
111111111111111111111000000000000000000000000000001111111111111111111111111111111111110110000000000000000000000000000000
111111111111111111111110000000000000000000000000000001111111111111111111111111111111111111111110000000000000000000000000
111111111111111111111111100000000000000000000000000000011111111111111111111111111111111111111110000000000000000000000000
111111111111111111111111110000000000000000000000000000000111111111111111111111111111111111111100000000000000001000011000
111111111111111111111111111111000000000000000000000000000001111111111111111111111110000000000000000000000000001110111110
111111111111111111111111111111111111110111100000000000000000011111111111111111111100000000000000000000000000011111111100
111111111111111111111111111111111111111111111000000000000000000111111111111110000000000000000000000000000000001111111100
111111111111111111111111111111111111111111111110000000000000000001111111000000000000000000000000000000000000001111111100
111111111111111111111111111111111111111111111111100000000000000000000000000000000000000000000000000000000000000111111000
111111111111111111111111111111111111111111111111110000000000000000000000000000000000000000000000000000000000000111111000
111111111111111111111111111111111111111111111111111100000000000000000000000000000000000000000000000000000000000111110000
111111111111111111111111111111111111111111111111111111000000000000000000000000000000000000000000000000000000000001100000
111111111111111111111111111111111111111111111111111111111000000000000000000000000000000000000000000000000000000000000000
111111111111111111111111111111111111111111111111111111111111100000000000000001000000000000000000000000000000000000000000
111111111111111111111111111111111111111111111111111111111111111111111111111111100000000000000000000000000000000000000000
111111111111111111111111111111111111111111111111111111111111111111111111111111100000000000000000000000000000000000000000
111111111111111111111111111111111111111111111111111111111111111111111111111111100000000000000000000000000111110000000000
111111111111111111111111111111111111111111111111111111111111111111111111111111100000000000000000000000001111111111110000
111111111111111111111111111111111111111111111111111111111111111111111111111111000000000000000000000000001111111111111110
111111111111111111111111111111111111111111111111111111111111111111111111111111000000000000000000000000011111111111111111
